
0
0.217407
0.237798
0.185265
0.160864
0.145749
0.135181
0.127762
0.107571
0.078257
0.048055
0.018934
-0.007965
-0.033811
-0.055073
-0.043533
-0.06209
-0.076538
-0.088857
-0.099046
-0.107176
-0.114351
-0.119745
-0.124516
-0.128561
-0.131865
-0.134315
-0.137235
-0.137813
-0.137324
-0.1364
-0.134761
-0.132447
-0.129508
-0.126356
-0.138713
-0.127436
-0.116972
-0.107893
-0.100257
-0.093276
-0.085942
-0.079072
-0.071972
-0.065312
-0.058856
-0.04661
-0.040454
-0.03472
-0.028831
-0.023056
-0.017648
-0.011903
-0.006662
-0.001395
0.003585
0.008288
0.012739
0.016593
0.020563
0.015828
0.022956
0.028032
0.032306
0.035206
0.037714
0.039807
0.041583
0.042939
0.043997
0.044786
0.045134
0.045033
0.044695
0.043923
0.042735
0.041476
0.040278
0.038918
0.037632
0.036331
0.034731
0.030844
0.028514
0.026643
0.024276
0.02165
0.019166
0.016934
0.014592
0.0123
0.009949
0.007604
0.005529
0.003569
0.001574
-0.000414
-0.002363
-0.004328
-0.005636
-0.007099
-0.008454
-0.01002
-0.011307
-0.012285
-0.013141
-0.014328
-0.014846
-0.014732
-0.015025
-0.015269
-0.01541
-0.015457
-0.015522
-0.015436
-0.014948
-0.01451
-0.014231
-0.01395
-0.013608
-0.012766
-0.012213
-0.011424
-0.010751
-0.010135
-0.009506
-0.008827
-0.008234
-0.007575
-0.006914
-0.006379
-0.005804
-0.005562
-0.004939
-0.004083
-0.003187
-0.002301
-0.001212
-0.000267
0.000611
0.00146
0.002213
0.002864
0.003475
0.003965
0.004441
0.0049
0.005607
0.00621
0.006382
0.006502
0.006592
0.006703
0.006669
0.006645
0.006534
0.006439
0.0061
0.005765
0.005446
0.005227
0.004937
0.004748
0.004677
0.004478
0.004192
0.003863
0.003532
0.003214
0.002872
0.002507
0.002165
0.001913
0.001678
0.001453
0.001201
0.000908
0.000624
0.000293
-4.4e-05
-0.000342
-0.000669
-0.000928
-0.001108
-0.00132
-0.001519
-0.00161
-0.001616
-0.002098
-0.002422
-0.002585
-0.00267
-0.002546
-0.002431
-0.002319
-0.002255
-0.002103
-0.001996
-0.001908
-0.001886
-0.001883
-0.001868
-0.001847
-0.00191
-0.001947
-0.001929
-0.002079
-0.00204
-0.001884
-0.001676
-0.001453
-0.001277
-0.00112
-0.00096
-0.00078
-0.000583
-0.000377
-0.000149
9.2e-05
0.000321
0.000566
0.000784
0.000963
0.001091
0.001131
0.001154
0.001165
0.00118
0.001194
0.001196
0.001189
0.001177
0.001167
0.001146
0.001091
0.000941
0.000725
0.000403
0.000771
0.000891
0.000873
0.000688
0.000489
0.000316
0.000203
0.000176
0.000148
0.000115
6.7e-05
-4e-06
-8.4e-05
-0.000173
-0.000253
-0.000321
-0.000375
-0.000459
-0.000546
-0.000635
-0.000705
-0.000738
-0.000764
-0.000777
-0.000709
-0.000645
-0.000644
-0.000808
-0.000871
-0.001136
-0.001206
-0.001055
-0.0008
-0.000534
-0.000276
1.1e-05
0.000239
0.000495
0.000742
0.00077
0.000691
0.000278
0.000334
0.000461
0.00062
0.000707
0.000946
0.001024
0.000848
0.000613
0.000493
0.000451
0.000413
0.000395
0.00038
0.000352
0.000306
0.000234
-6e-06
-0.000197
-0.000408
-0.000555
-0.000479
-0.00084
-0.000821
-0.000735
-0.000609
-0.000475
-0.000379
-0.000343
-0.000344
-0.000306
-0.000386
-0.000385
-0.000273
-0.000124
1.2e-05
0.000119
0.029969
0.021468
0.051239
0.029322
0.016417
0.008139
0.003484
0.000927
-0.000633
-0.001656
-0.002362
-0.002533
-0.002901
-0.003448
-0.003992
-0.004312
-0.00454
-0.004365
-0.004488
-0.004713
-0.004959
-0.005175
-0.005284
-0.005443
-0.005595
-0.005698
-0.005484
-0.00553
-0.00578
-0.005858
-0.005879
-0.005821
-0.005718
-0.005587
-0.005406
-0.005187
-0.004969
-0.004749
-0.004511
-0.004275
-0.004046
-0.003825
-0.003619
-0.003431
-0.003194
-0.002916
-0.002601
-0.002503
-0.002491
-0.002168
-0.002421
-0.002064
-0.001938
-0.001899
-0.001814
-0.001657
-0.001535
-0.001534
-0.001606
-0.001461
-0.001269
-0.001066
-0.00088
-0.000695
-0.000475
-0.000256
-6.8e-05
8.2e-05
0.000205
0.000322
0.000436
0.000563
0.000693
0.000875
0.001047
0.001199
0.001335
0.001439
0.001491
0.001502
0.001531
0.001558
0.001576
0.00156
0.001374
0.001388
0.001323
0.001418
0.001342
0.001179
0.000997
0.000834
0.000648
0.00045
0.000279
0.000165
2.6e-05
-0.00015
-0.000286
-0.00044
-0.000551
-0.000639
-0.000701
-0.000731
-0.000744
-0.00075
-0.000736
-0.000869
-0.000926
-0.000897
-0.000833
-0.000777
-0.000726
-0.000707
-0.001119
-0.001154
-0.000867
-0.000566
-0.00034
-0.000169
-3.4e-05
8.5e-05
0.000178
0.000351
0.0005
0.000695
0.000802
0.000871
0.001017
0.000986
0.000937
0.000809
0.000674
0.000651
0.000688
0.000729
0.000735
0.000618
0.000462
0.000305
0.000238
0.000197
0.000171
0.000153
0.000114
6.7e-05
5e-06
-0.000109
-0.000227
-0.000324
-0.000287
-0.000214
-0.000131
-7.2e-05
-4.9e-05
-3e-05
-1.4e-05
-3e-05
-6.7e-05
-0.000114
-0.000134
-0.000306
-0.000382
-0.000372
-0.000529
-0.000707
-0.000743
-0.000736
-0.000603
-0.000412
-0.00027
-0.000296
-0.000289
-0.000268
-0.00028
-0.000308
-0.000303
-0.000583
-0.000368
-5.7e-05
0.000172
0.000323
0.000581
0.000687
0.000425
0.00048
9.2e-05
-5.5e-05
-2.3e-05
2.2e-05
8.2e-05
0.000127
0.000129
0.000123
5.5e-05
-0.00011
-0.000136
-0.00014
-0.000168
-0.00021
-0.000238
-0.000217
-0.00016
0.000182
7.6e-05
-9e-06
-9.4e-05
-0.000141
-0.000214
-0.000291
-0.000371
-0.000446
-0.000534
-0.000625
-0.000648
-0.000582
-0.00048
-0.000429
-0.000434
-0.000476
-0.000506
-0.000498
-0.000439
-0.000329
-0.000229
-0.000361
-0.000403
-0.000379
-0.000436
-0.000495
-0.000662
-0.000805
-0.000708
-0.000591
-0.000689
-0.001159
-0.001949
-0.002615
-0.00355
-0.003683
-0.00337
-0.002893
-0.002488
-0.001715
-0.00038
0.001685
0.043418
0.028733
0.021361
0.017231
0.048265
0.022261
0.031963
0.038162
0.080942
0.092945
0.094735
0.095326
0.096071
0.096938
0.098284
0.098876
0.09997
0.101107
0.101515
0.102699
0.10269
0.10286
0.103506
0.102947
0.103999
0.104614
0.105287
0.105419
0.10652
0.10781
0.108628
0.10867
0.109482
0.109024
0.108749
0.108387
0.108497
0.107931
0.107744
0.107269
0.1069
0.107709
0.108786
0.110075
0.111771
0.114041
0.1157
0.117279
0.119555
0.12027
0.122438
0.123643
0.125707
0.127121
0.128854
0.130318
0.131691
0.133911
0.135489
0.137717
0.138909
0.140414
0.142055
0.143541
0.144225
0.145244
0.14655
0.147443
0.148056
0.149435
0.150946
0.151595
0.152471
0.152845
0.153451
0.15425
0.154808
0.155306
0.156464
0.15687
0.158596
0.159993
0.16084
0.161158
0.158306
0.159436
0.160224
0.161735
0.162312
0.162515
0.163326
0.164483
0.165085
0.165817
0.16726
0.167639
0.168866
0.169339
0.168361
0.168597
0.169649
0.169417
0.170414
0.170401
0.171011
0.170587
0.168812
0.167261
0.164207
0.162965
0.161507
0.15928
0.155434
0.151937
0.135815
0.13204
0.130075
0.127198
0.124005
0.120238
0.115877
0.110004
0.102174
0.094593
0.086093
0.076659
0.11903
0.121402
0.124564
0.127356
0.13378
0.14086
0.149136
0.155887
0.163927
0.170439
0.177431
0.18514
0.191248
0.169712
0.167889
0.168875
0.169165
0.167444
0.166725
0.164153
0.161565
0.161189
0.158563
0.156627
0.154197
0.152297
0.151157
0.149142
0.148526
0.147916
0.147867
0.147329
0.146116
0.14612
0.145889
0.145926
0.146027
0.1457
0.145773
0.145515
0.145064
0.14413
0.1446
0.144111
0.143917
0.143453
0.14329
0.143311
0.142848
0.142201
0.141505
0.139673
0.139638
0.139591
0.139345
0.139389
0.138139
0.13631
0.134459
0.13032
0.127294
0.118129
0.114392
0.102545
0.100301
0.090493
0.086543
0.090062
0.090005
0.09144
0.091083
0.086763
0.074656
0.069229
0.066872
0.063992
0.062229
0.059062
0.055509
0.05283
0.049771
0.046067
0.042085
0.037867
0.033731
0.029285
0.025399
0.021365
0.018152
0.013919
0.010226
0.006518
0.002693
0.000355
0.003478
0.006367
0.03086
0.041639
0.046642
0.05027
0.057598
0.062396
0.067719
0.074352
0.081885
0.091372
0.102591
0.115021
0.128001
0.081239
0.053457
0.058268
0.068667
0.075555
0.093024
0.12468
0.139825
0.150694
0.160687
0.168903
0.18087
0.190595
0.201337
0.213816
0.227208
0.24485
0.264666
0.287387
0.310896
0.329758
0.355659
0.376749
0.313878
0.304429
0.302877
0.301918
0.297162
0.289365
0.281941
0.273318
0.265545
0.258098
0.249517
0.240316
0.236737
0.231335
0.229159
0.222355
0.21534
0.21009
0.202185
0.194068
0.198739
0.231418
0.245637
0.250009
0.247659
0.248835
0.247021
0.245876
0.245968
0.247193
0.246925
0.243361
0.239823
0.236452
0.234187
0.232073
0.229241
0.226003
0.222397
0.219035
0.215368
0.211703
0.208083
0.203321
0.197245
0.189989
0.182836
0.175792
0.168681
0.162411
0.156248
0.150269
0.144693
0.139656
0.134394
0.12925
0.124494
0.120765
0.117567
0.114888
0.112387
0.109998
0.107942
0.106595
0.106983
0.108251
0.107563
0.108286
0.108909
0.108728
0.108707
0.109458
0.111194
0.112389
0.113301
0.113098
0.112457
0.111553
0.109984
0.107617
0.104846
0.100108
0.093901
0.088379
0.083363
0.079071
0.075504
0.072231
0.066309
0.05822
0.051177
0.044773
0.038913
0.034542
0.031447
0.029122
0.027548
0.026108
0.022897
0.019389
0.016365
0.014183
0.012454
0.011447
0.011562
0.01465
0.018974
0.023178
0.026579
0.029414
0.031312
0.029074
0.024349
0.018941
0.014388
0.004332
-0.00642
-0.042611
-0.063744
-0.085111
-0.101022
-0.119651
-0.083357
-0.063373
-0.053322
-0.047475
-0.043072
-0.025397
-0.007084
0.001593
0.008393
0.014213
0.023152
0.033981
0.047636
0.066377
0.083146
0.086206
0.054503
0.034453
0.013481
-0.004018
-0.018872
-0.028015
-0.03163
-0.031156
-0.030581
-0.028866
-0.02193
-0.0152
0.00436
0.02822
0.050719
0.068389
0.08552
0.10459
0.125653
0.115472
0.110238
0.109276
0.114806
0.122797
0.129864
0.12852
0.111513
0.101099
0.084061
0.075097
0.068279
0.062289
0.053149
0.064373
0.089057
0.110104
0.125176
0.142105
0.156868
0.166516
0.177804
0.184831
0.189638
0.192502
0.190719
0.188286
0.186967
0.191262
0.200431
0.21139
0.221849
0.232104
0.240941
0.248343
0.25475
0.264864
0.276106
0.286081
0.293917
0.299238
0.300861
0.300431
0.298561
0.29461
0.289486
0.284499
0.279869
0.271198
0.260127
0.248447
0.240612
0.230321
0.223101
0.213833
0.208476
0.204184
0.199097
0.19914
0.197591
0.197412
0.199816
0.202557
0.205305
0.206346
0.20189
0.196242
0.191044
0.187224
0.186743
0.188724
0.188083
0.188996
0.187652
0.187665
0.185545
0.181393
0.175414
0.169008
0.163006
0.157411
0.153288
0.148886
0.148149
0.149265
0.151215
0.15349
0.154724
0.154807
0.154853
0.154567
0.154843
0.155091
0.155814
0.152478
0.146791
0.141301
0.137265
0.136378
0.143183
0.156182
0.173267
0.1901
0.21314
0.227772
0.252388
0.268125
0.285623
0.292968
0.297474
0.29575
0.29351
0.2904
0.287875
0.287051
0.29031
0.292943
0.296612
0.296312
0.297094
0.299724
0.303831
0.31284
0.321428
0.329741
0.337255
0.346451
0.355324
0.364229
0.368883
0.372032
0.373021
0.374899
0.377412
0.380628
0.384182
0.38806
0.394856
0.400933
0.405838
0.406475
0.402371
0.395456
0.388823
0.379495
0.359014
0.340267
0.330771
0.31732
0.320837
0.32108
0.333659
0.34484
0.359907
0.372743
0.384468
0.398082
0.409266
0.422454
0.429717
0.442958
0.44859
0.457613
0.463851
0.461311
0.457727
0.448744
0.43941
0.432013
0.427026
0.423021
0.418566
0.414559
0.410057
0.40275
0.395642
0.388224
0.377238
0.368122
0.361742
0.355987
0.351866
0.35002
0.355668
0.365505
0.375876
0.386145
0.39459
0.39568
0.39379
0.388853
0.383982
0.381138
0.382327
0.384454
0.386719
0.385356
0.381299
0.375866
0.366607
0.35626
0.344739
0.327417
0.312788
0.307385
0.298465
0.295429
0.303552
0.31107
0.319987
0.326105
0.33227
0.333428
0.334976
0.335455
0.336045
0.340924
0.347655
0.354166
0.359311
0.362753
0.366682
0.371603
0.37488
0.376028
0.375684
0.373837
0.371685
0.367022
0.360663
0.35068
0.333649
0.31506
0.296217
0.278252
0.261929
0.246742
0.232324
0.218911
0.208716
0.202534
0.198655
0.195831
0.193939
0.193625
0.194382
0.195671
0.197303
0.200096
0.203386
0.206636
0.209819
0.212367
0.212013
0.210348
0.207784
0.20628
0.203907
0.204494
0.20684
0.209669
0.212132
0.212244
0.210608
0.207831
0.204613
0.201859
0.197816
0.193784
0.189072
0.18534
0.184217
0.184062
0.183992
0.183632
0.182344
0.177269
0.167544
0.157108
0.14871
0.147186
0.148281
0.150615
0.153491
0.156336
0.158691
0.160895
0.161405
0.159012
0.155871
0.152473
0.14984
0.147737
0.145338
0.142772
0.140746
0.142119
0.144306
0.145565
0.145458
0.144064
0.142043
0.139974
0.137944
0.138012
0.139155
0.141051
0.142872
0.144206
0.145741
0.146762
0.146909
0.14622
0.146708
0.1479
0.149398
0.150523
0.151276
0.151221
0.151232
0.152034
0.15079
0.147319
0.143436
0.139734
0.136538
0.13298
0.1296
0.12683
0.120378
0.110169
0.101302
0.09499
0.088575
0.08004
0.071324
0.064572
0.060546
0.05968
0.060829
0.063267
0.066725
0.069927
0.072807
0.075914
0.078919
0.080525
0.082398
0.085671
0.09078
0.100182
0.114244
0.130037
0.147019
0.166309
0.186376
0.206897
0.228686
0.249763
0.270244
0.290689
0.305017
0.314915
0.324681
0.332565
0.340151
0.346207
0.350951
0.357813
0.36811
0.378235
0.390734
0.402443
0.413652
0.423845
0.432454
0.443049
0.45412
0.464341
0.473831
0.486165
0.49819
0.508929
0.521023
0.530197
0.539326
0.543336
0.542459
0.54041
0.538434
0.536961
0.535631
0.534682
0.534451
0.534859
0.534652
0.533769
0.532318
0.530437
0.526168
0.519401
0.510566
0.50159
0.487941
0.473637
0.45754
0.441399
0.43723
0.432298
0.429952
0.428861
0.426672
0.420115
0.410757
0.39789
0.385795
0.381637
0.380245
0.376946
0.37179
0.364859
0.356115
0.346038
0.337244
0.322539
0.306099
0.291424
0.278251
0.264306
0.253117
0.24468
0.241148
0.248513
0.255905
0.255196
0.25724
0.254168
0.250566
0.263509
0.282002
0.310907
0.35998
0.430383
0.507447
0.562129
0.540947
0.534377
0.536508
0.538535
0.540276
0.53477
0.523861
0.512347
0.500366
0.549972
0.623059
0.691132
0.76093
0.826736
0.86098
0.871399
0.889381
0.90843
0.930505
0.957105
0.990251
1.02058
1.05032
1.08123
1.10939
1.13176
1.15802
1.17748
1.18759
1.19718
1.19898
1.19751
1.18881
1.195
1.20561
1.21975
1.23329
1.24405
1.24846
1.25463
1.26159
1.27167
1.28023
1.28893
1.28988
1.28437
1.27334
1.26114
1.2539
1.2475
1.2409
1.22536
1.20468
1.17768
1.155
1.13864
1.1344
1.13031
1.12683
1.12571
1.12302
1.1181
1.11254
1.10059
1.07794
1.04841
1.02396
1.00261
0.985019
0.968702
0.955127
0.948488
0.950141
0.961685
0.976762
0.990226
1.00109
1.01288
1.02405
1.0299
1.03086
1.03036
1.03039
1.02914
1.02425
1.01586
1.00799
1.00103
0.997987
0.999392
1.01451
1.03014
1.04489
1.05724
1.054
1.04766
1.04237
1.03723
1.0255
1.01955
1.01799
1.01404
1.00527
0.993556
0.984375
0.983671
0.990767
1.002
1.01359
1.02502
1.03825
1.0493
1.06027
1.0731
1.08786
1.10634
1.12164
1.13319
1.13789
1.13929
1.14221
1.15737
1.17056
1.18381
1.19474
1.20254
1.20576
1.20027
1.18572
1.17592
1.17055
1.17604
1.18612
1.19252
1.19514
1.19184
1.1874
1.18345
1.18115
1.17612
1.16823
1.15332
1.12989
1.1114
1.10063
1.09304
1.08663
1.08038
1.06967
1.0577
1.04522
1.03373
1.01945
1.002
0.979781
0.951426
0.911543
0.872501
0.841535
0.814936
0.796386
0.782348
0.768458
0.753711
0.734008
0.708221
0.677235
0.645869
0.615572
0.587713
0.556512
0.524372
0.490021
0.457175
0.430722
0.402376
0.376999
0.354728
0.326342
0.297043
0.272299
0.258347
0.249948
0.23288
0.208243
0.184111
0.163421
0.14609
0.134214
0.118956
0.102998
0.088731
0.071567
0.061579
0.050487
0.040879
0.021
0.003285
-0.018051
-0.035011
-0.052535
-0.06615
-0.082566
-0.104431
-0.128905
-0.147858
-0.161127
-0.169931
-0.183748
-0.202721
-0.216692
-0.225675
-0.229877
-0.228273
-0.226767
-0.217533
-0.212888
-0.209394
-0.210342
-0.206645
-0.205559
-0.212428
-0.215237
-0.212276
-0.206021
-0.199049
-0.196971
-0.196574
-0.185486
-0.161671
-0.135487
-0.107919
-0.067747
-0.027731
0.012894
0.05145
0.082892
0.122489
0.160908
0.198583
0.233987
0.2655
0.299975
0.335514
0.370209
0.401302
0.431063
0.458411
0.486181
0.510897
0.54028
0.571892
0.601673
0.624598
0.643771
0.659546
0.675542
0.690637
0.697329
0.702765
0.712243
0.719456
0.722463
0.721909
0.724582
0.730027
0.734231
0.733885
0.73252
0.728009
0.71785
0.701933
0.68295
0.662901
0.646832
0.634201
0.621485
0.605328
0.590075
0.575969
0.561726
0.546974
0.536907
0.52821
0.520764
0.508861
0.494333
0.477929
0.461296
0.443136
0.429975
0.421562
0.414415
0.419721
0.412654
0.38246
0.361153
0.337144
0.312316
0.281441
0.252225
0.221946
0.201313
0.186338
0.175238
0.163598
0.140606
0.123769
0.11146
0.106417
0.111322
0.114059
0.106293
0.08575
0.071939
0.081954
0.100615
0.119771
0.140962
0.168161
0.194867
0.224557
0.239843
0.266975
0.298304
0.351147
0.400236
0.429018
0.432877
0.435777
0.44481
0.461001
0.487611
0.514736
0.537733
0.5573
0.572935
0.578235
0.579117
0.5832
0.593868
0.60229
0.612262
0.627369
0.645254
0.655358
0.669217
0.676482
0.680124
0.681823
0.685215
0.754978
0.754822
0.757129
0.762064
0.772138
0.778707
0.769451
0.763593
0.763545
0.762572
0.761571
0.760609
0.756086
0.74705
0.75519
0.790628
0.816855
0.84289
0.873686
0.877889
0.866445
0.867959
0.883478
0.887327
0.894583
0.911873
0.926784
0.933394
0.941264
0.95345
0.957163
0.956815
0.948125
0.931028
0.918421
0.901098
0.885731
0.875579
0.864144
0.850565
0.836936
0.820558
0.806207
0.793371
0.777694
0.762309
0.7471
0.732982
0.716456
0.696044
0.674916
0.652089
0.632231
0.606947
0.581144
0.558112
0.532901
0.510409
0.485259
0.460991
0.439588
0.419331
0.394614
0.372213
0.351683
0.330792
0.309829
0.295651
0.290127
0.283636
0.273748
0.271455
0.253045
0.226081
0.202577
0.172234
0.14946
0.140802
0.122635
0.105409
0.107155
0.122064
0.134265
0.135843
0.118805
0.111899
0.116071
0.118519
0.123377
0.119846
0.103517
0.086108
0.096038
0.099744
0.091378
0.078725
0.068495
0.042179
0.010807
-0.104859
-0.086411
-0.062594
-0.051803
-0.056763
-0.059486
-0.054731
-0.044756
-0.034057
-0.031375
-0.022552
-0.016932
-0.002583
0.022841
0.057412
0.090114
0.108246
0.115866
0.11661
0.103038
0.093438
0.073916
0.070465
0.108193
0.126534
0.132003
0.139182
0.138908
0.120888
0.108132
0.097255
0.070033
0.032369
0.009144
-0.019614
-0.021851
-0.017792
0.000941
0.039147
0.081226
0.113624
0.110377
0.099495
0.071584
0.031237
-0.005804
-0.040766
-0.072722
-0.108233
-0.152856
-0.195467
-0.244713
-0.295245
-0.347495
-0.398776
-0.446926
-0.493835
-0.546602
-0.591866
-0.632792
-0.675323
-0.717069
-0.760524
-0.799653
-0.83574
-0.867136
-0.893233
-0.949522
-0.996809
-1.03836
-1.06395
-1.07202
-1.06119
-1.0247
-0.964085
-0.878389
-0.777295
-0.661946
-0.535852
-0.397513
-0.328167
-0.177267
-0.109146
-0.042174
0.025144
0.097942
0.166064
0.228624
0.268421
0.308301
0.349255
0.380176
0.40492
0.425611
0.441623
0.452725
0.459105
0.455527
0.453659
0.448082
0.437719
0.42444
0.398233
0.38083
0.360242
0.337869
0.312543
0.272566
0.230436
0.193849
0.150278
0.108591
0.07014
0.031683
-0.003403
-0.036767
-0.07308
-0.109982
-0.14659
-0.183679
-0.219567
-0.27614
-0.314477
-0.355894
-0.394998
-0.431278
-0.465681
-0.499784
-0.533277
-0.56564
-0.608817
-0.638678
-0.667009
-0.691045
-0.716086
-0.737369
-0.756547
-0.777879
-0.797519
-0.81697
-0.83823
-0.861929
-0.88715
-0.915232
-0.941991
-0.966504
-0.991603
-1.0152
-1.03737
-1.05833
-1.08864
-1.1063
-1.12187
-1.13643
-1.14967
-1.16128
-1.17187
-1.1794
-1.18187
-1.18364
-1.18407
-1.17779
-1.17162
-1.16164
-1.14943
-1.1342
-1.11486
-1.0962
-1.07597
-1.05378
-1.03035
-1.00459
-0.9777
-0.951173
-0.923853
-0.893534
-0.863381
-0.835528
-0.807583
-0.777726
-0.749203
-0.721832
-0.694555
-0.668275
-0.639303
-0.612639
-0.587004
-0.561106
-0.536093
-0.511189
-0.487281
-0.462395
-0.440747
-0.420108
-0.400051
-0.380752
-0.363017
-0.34443
-0.327576
-0.311735
-0.295149
-0.280548
-0.266683
-0.253072
-0.240844
-0.230409
-0.221286
-0.212785
-0.204731
-0.196953
-0.19025
-0.184388
-0.179481
-0.17594
-0.173478
-0.171874
-0.17112
-0.170991
-0.172675
-0.173681
-0.175242
-0.177249
-0.181303
-0.186414
-0.193087
-0.20092
-0.209346
-0.217087
-0.225154
-0.234617
-0.245303
-0.254568
-0.261939
-0.269244
-0.27662
-0.28399
-0.291393
-0.298869
-0.306462
-0.314011
-0.321066
-0.328421
-0.336138
-0.343791
-0.351567
-0.360857
-0.368979
-0.376422
-0.383838
-0.391
-0.398327
-0.405685
-0.41357
-0.42047
-0.426961
-0.433744
-0.440023
-0.445844
-0.451852
-0.457445
-0.462599
-0.467554
-0.472449
-0.477024
-0.48134
-0.485436
-0.489162
-0.492767
-0.49618
-0.499276
-0.501945
-0.504178
-0.506516
-0.508483
-0.510221
-0.511833
-0.51317
-0.514291
-0.51542
-0.516272
-0.517487
-0.518333
-0.519755
-0.520628
-0.52132
-0.522548
-0.52904
-0.530874
-0.533912
-0.537763
-0.539271
-0.542134
-0.545258
-0.551321
-0.557769
-0.565871
-0.575862
-0.590423
-0.604805
-0.620778
-0.636756
-0.653237
-0.669494
-0.685401
-0.701781
-0.72525
-0.742039
-0.75608
-0.768235
-0.778026
-0.78729
-0.799453
-0.80741
-0.811993
-0.815486
-0.817055
-0.817532
-0.81639
-0.814203
-0.810524
-0.804098
-0.79636
-0.785578
-0.771422
-0.753238
-0.73149
-0.705257
-0.674401
-0.645476
-0.612816
-0.579986
-0.543857
-0.507063
-0.473091
-0.435984
-0.400853
-0.361208
-0.32672
-0.294962
-0.263756
-0.234497
-0.208508
-0.183376
-0.160957
-0.141728
-0.125255
-0.110185
-0.098554
-0.089663
-0.080489
-0.076641
-0.076568
-0.077531
-0.081871
-0.086982
-0.093944
-0.103478
-0.113497
-0.124835
-0.138085
-0.153446
-0.168687
-0.184517
-0.201146
-0.218825
-0.238272
-0.255651
-0.273513
-0.291737
-0.309672
-0.328952
-0.349761
-0.367895
-0.386347
-0.40486
-0.42321
-0.44225
-0.450192
-0.459451
-0.47839
-0.497433
-0.505731
-0.524679
-0.53194
-0.545061
-0.554845
-0.564156
-0.572409
-0.579593
-0.585942
-0.5915
-0.59593
-0.599402
-0.602249
-0.604023
-0.604958
-0.604915
-0.604134
-0.602625
-0.60053
-0.597726
-0.594256
-0.590176
-0.585571
-0.580376
-0.574218
-0.567976
-0.561546
-0.554913
-0.547709
-0.540452
-0.533419
-0.526158
-0.5185
-0.511013
-0.503059
-0.494918
-0.485492
-0.476293
-0.465351
-0.456044
-0.44707
-0.438143
-0.429211
-0.420509
-0.411996
-0.403164
-0.393812
-0.385046
-0.376716
-0.368256
-0.359821
-0.351588
-0.343695
-0.335941
-0.328442
-0.321085
-0.313326
-0.306196
-0.299304
-0.292922
-0.286395
-0.280136
-0.274166
-0.26849
-0.263073
-0.260155
-0.257291
-0.254424
-0.248663
-0.24574
-0.241131
-0.237332
-0.233984
-0.230815
-0.227924
-0.225237
-0.222876
-0.220501
-0.218299
-0.21616
-0.215092
-0.213007
-0.211167
-0.209319
-0.208428
-0.206696
-0.205076
-0.203463
-0.202687
-0.201202
-0.200689
-0.200024
-0.199445
-0.198549
-0.198139
-0.198075
-0.198882
-0.198324
-0.196874
-0.194707
-0.192872
-0.185667
-0.180079
-0.172653
-0.164305
-0.15792
-0.151901
-0.145423
-0.132487
-0.126272
-0.119956
-0.113498
-0.10599
-0.09734
-0.088428
-0.082855
-0.077392
-0.072309
-0.06749
-0.063386
-0.06
-0.057065
-0.053879
-0.051274
-0.048999
-0.046925
-0.045691
-0.045353
-0.045131
-0.046501
-0.048042
-0.049166
-0.050512
-0.052051
-0.05395
-0.056252
-0.058768
-0.061727
-0.064973
-0.068597
-0.072527
-0.076854
-0.081243
-0.085814
-0.090558
-0.095774
-0.101459
-0.10735
-0.113622
-0.119691
-0.126317
-0.133021
-0.139353
-0.145455
-0.15239
-0.159218
-0.168081
-0.17582
-0.183263
-0.190295
-0.197059
-0.203722
-0.210264
-0.216165
-0.22173
-0.227385
-0.232719
-0.238008
-0.243274
-0.248338
-0.253385
-0.258139
-0.262667
-0.266929
-0.272965
-0.276805
-0.280377
-0.283966
-0.287634
-0.290633
-0.293388
-0.295293
-0.297511
-0.299386
-0.301216
-0.30271
-0.304323
-0.305933
-0.306058
-0.307273
-0.308689
-0.31014
-0.311319
-0.313089
-0.315358
-0.318705
-0.323385
-0.327017
-0.332874
-0.338137
-0.343807
-0.348809
-0.353504
-0.358277
-0.364825
-0.369147
-0.379011
-0.381802
-0.38488
-0.387139
-0.389031
-0.39041
-0.392886
-0.39321
-0.393107
-0.392574
-0.390727
-0.387772
-0.384498
-0.380843
-0.376661
-0.371393
-0.365659
-0.359157
-0.351971
-0.345044
-0.337272
-0.328938
-0.318627
-0.307979
-0.297815
-0.286209
-0.271123
-0.255688
-0.239814
-0.222466
-0.205232
-0.186498
-0.166754
-0.14548
-0.123335
-0.100139
-0.077281
-0.051786
-0.026337
-0.000828
0.025717
0.053082
0.080848
0.110996
0.141666
0.172921
0.204685
0.237374
0.270261
0.303722
0.337405
0.379379
0.423328
0.467082
0.51293
0.560904
0.605653
0.650821
0.691831
0.73354
0.777359
0.820505
0.863808
0.906906
0.948562
0.994151
1.03892
1.08301
1.12441
1.16425
1.20205
1.241
1.27881
1.31534
1.35189
1.3924
1.43003
1.46763
1.50448
1.54274
1.58479
1.62834
1.67304
1.71633
1.75712
1.7991
1.84248
1.88295
1.9217
1.95907
1.99481
2.02854
2.05942
2.08847
2.11452
2.13927
2.16322
2.18185
2.19849
2.21281
2.22573
2.23549
2.24257
2.24712
2.24981
2.25066
2.24552
2.24589
2.23896
2.22723
2.2208
2.21112
2.20157
2.19016
2.18055
2.16928
2.15834
2.1469
2.14028
2.12858
2.11979
2.10922
2.09854
2.088
2.07995
2.07096
2.06468
2.05843
2.05378
2.05016
2.04762
2.04633
2.04619
2.04607
2.04755
2.05633
2.05869
2.06346
2.06835
2.07436
2.08336
2.09122
2.09977
2.10932
2.11984
2.13147
2.14395
2.15779
2.17324
2.18961
2.2077
2.2266
2.2438
2.25848
2.27489
2.29016
2.30251
2.31403
2.32452
2.3345
2.34361
2.35167
2.36066
2.36948
2.3777
2.38557
2.39329
2.40046
2.40739
2.41457
2.42198
2.42889
2.43566
2.44316
2.45491
2.46863
2.48341
2.49782
2.51228
2.52826
2.54138
2.55629
2.57306
2.58954
2.60481
2.61981
2.63335
2.6483
2.66304
2.67787
2.69229
2.7065
2.72036
2.72716
2.7404
2.75357
2.76677
2.77982
2.79258
2.80641
2.82072
2.83449
2.84688
2.85837
2.86915
2.87936
2.88965
2.89987
2.9099
2.91969
2.93066
2.94041
2.94981
2.95931
2.96849
2.97758
2.98681
2.99602
3.00483
3.01341
3.022
3.03053
3.03929
3.05455
3.06355
3.07311
3.08295
3.09265
3.10182
3.1109
3.11993
3.12896
3.13812
3.14776
3.15682
3.16573
3.17603
3.18509
3.19397
3.20244
3.21001
3.21592
3.22012
3.22374
3.22413
3.22306
3.21943
3.21575
3.209
3.19937
3.18848
3.17519
3.15779
3.14009
3.12026
3.10093
3.09896
3.08093
3.06395
3.04992
3.03598
3.02172
3.008
2.99472
2.98147
2.96788
2.95333
2.94114
2.93016
2.91934
2.90854
2.89845
2.88858
2.87911
2.8696
2.86051
2.85144
2.84034
2.83378
2.82532
2.81578
2.80815
2.79939
2.79228
2.78564
2.77912
2.77289
2.7662
2.76024
2.75396
2.74888
2.74197
2.73445
2.72643
2.71784
2.70936
2.69941
2.68877
2.67627
2.66384
2.65208
2.63858
2.62381
2.6077
2.59138
2.57454
2.55726
2.52167
2.48278
2.46314
2.44246
2.42164
2.3992
2.37648
2.35537
2.33275
2.3112
2.2887
2.26464
2.223
2.17862
2.13504
2.11287
2.06709
2.02101
1.98189
1.94133
1.90453
1.86795
1.83166
1.79442
1.75483
1.72112
1.70379
1.68511
1.6475
1.62939
1.60927
1.56801
1.52802
1.48467
1.44212
1.41932
1.39423
1.36875
1.33021
1.30266
1.27375
1.24361
1.21332
1.1819
1.12272
1.09567
1.0402
0.986876
0.933403
0.878688
0.851812
0.794698
0.733586
0.675525
0.617262
0.560633
0.532764
0.503128
0.469963
0.409354
0.381828
0.323774
0.293204
0.263429
0.204068
0.150056
0.124496
0.070031
0.017943
-0.027716
-0.069619
-0.110319
-0.147313
-0.176287
-0.208256
-0.235462
-0.260819
-0.283267
-0.299949
-0.297823
-0.314582
-0.331387
-0.348633
-0.366849
-0.387653
-0.410096
-0.422166
-0.450095
-0.479288
-0.509253
-0.541599
-0.577134
-0.614501
-0.655826
-0.697347
-0.74283
-0.789007
-0.836877
-0.88797
-0.914585
-0.969114
-1.01979
-1.07238
-1.12733
-1.15485
-1.21117
-1.26551
-1.31917
-1.34938
-1.38085
-1.41249
-1.44564
-1.47778
-1.51026
-1.53951
-1.57004
-1.60047
-1.64944
-1.69795
-1.72453
-1.75205
-1.78047
-1.81008
-1.87059
-1.92441
-1.9496
-1.97528
-2.02662
-2.07354
-2.12033
-2.16572
-2.20943
-2.25176
-2.28985
-2.30844
-2.34717
-2.38101
-2.41219
-2.42707
-2.44198
-2.45714
-2.4716
-2.498
-2.51017
-2.53378
-2.55613
-2.56768
-2.59113
-2.60282
-2.62991
-2.64323
-2.65735
-2.67165
-2.70013
-2.72837
-2.75679
-2.77064
-2.80003
-2.82672
-2.85175
-2.8742
-2.89364
-2.90259
-2.92039
-2.9365
-2.95142
-2.96457
-2.97642
-2.98232
-2.98818
-3.00134
-3.0064
-3.01147
-3.02197
-3.03091
-3.03527
-3.03971
-3.04447
-3.05349
-3.05733
-3.06524
-3.07321
-3.07712
-3.08481
-3.0919
-3.09549
-3.09914
-3.10325
-3.1074
-3.11132
-3.11537
-3.12054
-3.125
-3.12898
-3.13305
-3.13698
-3.14058
-3.14628
-3.14888
-3.15022
-3.14778
-3.14405
-3.14179
-3.14483
-3.14371
-3.14493
-3.14613
-3.15089
-3.14983
-3.1495
-3.16737
-3.16344
-3.15832
-3.14817
-3.14017
-3.12996
-3.11775
-3.10482
-3.08882
-3.06981
-3.04957
-3.02851
-2.98512
-2.96207
-2.91269
-2.88618
-2.85915
-2.82349
-2.76307
-2.73246
-2.70073
-2.66829
-2.60238
-2.56879
-2.53406
-2.50133
-2.46473
-2.42709
-2.38646
-2.34549
-2.31028
-2.27126
-2.19231
-2.15331
-2.11211
-2.06871
-2.02566
-1.98174
-1.93783
-1.89352
-1.84791
-1.80178
-1.75704
-1.71106
-1.66504
-1.61878
-1.57248
-1.52734
-1.48462
-1.4402
-1.39982
-1.36165
-1.32644
-1.29167
-1.26259
-1.23571
-1.21077
-1.18922
-1.16913
-1.15177
-1.1353
-1.11523
-1.09827
-1.08164
-1.06424
-1.04705
-1.02875
-1.00522
-0.986249
-0.966604
-0.945565
-0.923547
-0.90201
-0.880235
-0.85871
-0.837292
-0.815149
-0.792808
-0.770738
-0.748565
-0.726087
-0.70063
-0.67376
-0.629338
-0.603908
-0.580589
-0.559685
-0.538661
-0.516886
-0.477871
-0.439791
-0.420607
-0.378161
-0.356111
-0.333233
-0.309232
-0.284892
-0.260589
-0.237221
-0.212098
-0.186583
-0.161207
-0.136052
-0.107151
-0.078602
-0.051019
-0.006342
0.033109
0.051883
0.072343
0.090836
0.107505
0.122707
0.14888
0.160216
0.170399
0.179469
0.187356
0.194137
0.203655
0.206545
0.211637
0.212201
0.212031
0.211393
0.210412
0.208641
0.206358
0.202689
0.199376
0.195809
0.19207
0.186987
0.182954
0.179054
0.171764
0.164921
0.161651
0.158574
0.155747
0.15324
0.151023
0.147698
0.146764
0.146195
0.145874
0.145934
0.146792
0.14863
0.150169
0.152428
0.160281
0.165622
0.181422
0.204293
0.2177
0.233766
0.250415
0.272392
0.295714
0.316548
0.339059
0.362034
0.407145
0.430235
0.454581
0.480813
0.505349
0.535359
0.594561
0.62767
0.663245
0.700051
0.738342
0.777901
0.818549
0.866428
0.916075
0.969691
1.0307
1.09163
1.15129
1.21202
1.27014
1.33306
1.40021
1.4598
1.51372
1.56546
1.68688
1.73733
1.78684
1.83448
1.94588
1.99222
2.03956
2.13017
2.21657
2.31036
2.34924
2.38955
2.42909
2.46608
2.54261
2.57985
2.61762
2.65373
2.69405
2.73252
2.83961
2.88575
2.95748
3.06785
3.18197
3.23354
3.23177
3.12757
3.01498
2.88647
2.7445
2.58209
2.2374
2.05866
1.86806
1.67068
1.45637
1.05422
0.575169
0.406065
0.23599
0.060139
-0.2646
-0.409938
-0.556615
-0.718286
-0.857515
-0.975246
-1.08201
-1.18396
-1.27562
-1.35161
-1.42264
-1.48968
-1.55251
-1.60267
-1.68814
-1.71965
-1.75098
-1.78102
-1.81283
-1.82476
-1.83067
-1.82616
-1.81265
-1.79193
-1.75802
-1.723
-1.68038
-1.63058
-1.51337
-1.45443
-1.39245
-1.33142
-1.26846
-1.20655
-1.14576
-1.03438
-0.930768
-0.825421
-0.719747
-0.658632
-0.585359
-0.513351
-0.435169
-0.361005
-0.280928
-0.166898
-0.080823
0.012089
0.193245
0.384741
0.594228
0.811929
1.02487
1.25223
1.45252
1.64855
1.82786
1.99532
2.14533
2.29944
2.41565
2.52523
2.56819
2.60855
2.6828
2.71028
2.75942
2.77653
2.80193
2.81482
2.81724
2.81415
2.8022
2.78178
2.77002
2.75575
2.73805
2.72076
2.70075
2.6596
2.62017
2.57854
2.53684
2.49396
2.44423
2.40332
2.38414
2.34767
2.31316
2.29637
2.27936
2.26205
2.2295
2.19887
2.16995
2.1442
2.11965
2.09687
2.07558
2.05733
2.04872
2.03926
2.02259
2.00574
1.98975
1.97586
1.96229
1.9555
1.93254
1.93729
1.95453
1.98139
1.99899
2.02085
2.04555
2.07374
2.10096
2.12422
2.1471
2.1689
2.20943
2.24229
2.26929
2.29129
2.30764
2.31769
2.32051
2.32229
2.31839
2.30969
2.3037
2.29648
2.27903
2.26943
2.24666
2.23441
2.20746
2.17961
2.14997
2.11309
2.07789
2.04371
2.00705
1.96992
1.92887
1.88826
1.84606
1.82486
1.78025
1.73584
1.68993
1.64329
1.59025
1.54052
1.48853
1.43689
1.38291
1.32937
1.27413
1.21784
1.16132
1.0963
1.0375
0.979796
0.920247
0.859759
0.799136
0.740141
0.682369
0.62494
0.569185
0.509975
0.454593
0.397744
0.342017
0.287838
0.233442
0.206103
0.147177
0.096403
0.047804
0.023317
-0.004049
-0.033746
-0.063537
-0.091954
-0.119588
-0.148944
-0.178049
-0.206621
-0.257704
-0.304822
-0.353557
-0.402084
-0.453
-0.506451
-0.564418
-0.625343
-0.690001
-0.759416
-0.831866
-0.906877
-0.990458
-1.07724
-1.16712
-1.26511
-1.36979
-1.42632
-1.54749
-1.60522
-1.72986
-1.84591
-1.96634
-2.07626
-2.19388
-2.31296
-2.43363
-2.55316
-2.6706
-2.7994
-2.93091
-3.05567
-3.18567
-3.31086
-3.45335
-3.57517
-3.6999
-3.82307
-3.95149
-4.07209
-4.18609
-4.30041
-4.41453
-4.52302
-4.63718
-4.74494
-4.85021
-4.95589
-5.06666
-5.17422
-5.27277
-5.36974
-5.47256
-5.56379
-5.65053
-5.73604
-5.82512
-5.91636
-5.9998
-6.08044
-6.1594
-6.25834
-6.33199
-6.3961
-6.46073
-6.52354
-6.58607
-6.64532
-6.69812
-6.74998
-6.79843
-6.84818
-6.89698
-6.9401
-6.9864
-7.03155
-7.08116
-7.12689
-7.16045
-7.1906
-7.21834
-7.24276
-7.2646
-7.28665
-7.30724
-7.32547
-7.34413
-7.36317
-7.38029
-7.39942
-7.42039
-7.43852
-7.45379
-7.46688
-7.47871
-7.48972
-7.49999
-7.50896
-7.51728
-7.52388
-7.52858
-7.53345
-7.53791
-7.54074
-7.54228
-7.54199
-7.54121
-7.53966
-7.53578
-7.53236
-7.52839
-7.52161
-7.51229
-7.49944
-7.48632
-7.47349
-7.45932
-7.44533
-7.43073
-7.41554
-7.39924
-7.38114
-7.36096
-7.33986
-7.31613
-7.29307
-7.26861
-7.24361
-7.21827
-7.18968
-7.16028
-7.12967
-7.0995
-7.06887
-7.0404
-7.01509
-6.98843
-6.96541
-6.94605
-6.92832
-6.9124
-6.91429
-6.89715
-6.8805
-6.85341
-6.82322
-6.78287
-6.73598
-6.67676
-6.60453
-6.51265
-6.40121
-6.28212
-6.12788
-5.99523
-5.83633
-5.67106
-5.51809
-5.37319
-5.19233
-5.05143
-4.90033
-4.74853
-4.59887
-4.44006
-4.29244
-4.14883
-4.00332
-3.8589
-3.72225
-3.55597
-3.41885
-3.28858
-3.1653
-3.03618
-2.90788
-2.79262
-2.69325
-2.58199
-2.49312
-2.42387
-2.35466
-2.29148
-2.22798
-2.17083
-2.11684
-2.07089
-2.02459
-1.97539
-1.9336
-1.8915
-1.85169
-1.81561
-1.78099
-1.73953
-1.6991
-1.6572
-1.61761
-1.56741
-1.51477
-1.46797
-1.41906
-1.37119
-1.32166
-1.27102
-1.22788
-1.17671
-1.12893
-1.08338
-1.04047
-0.999093
-0.953853
-0.914158
-0.875864
-0.836863
-0.79683
-0.758217
-0.720656
-0.679178
-0.643527
-0.609752
-0.57701
-0.544797
-0.514956
-0.48464
-0.45926
-0.435373
-0.413599
-0.393641
-0.37479
-0.358385
-0.343544
-0.330325
-0.316295
-0.304178
-0.294375
-0.285961
-0.277511
-0.268408
-0.259874
-0.255313
-0.250895
-0.248922
-0.246216
-0.24427
-0.246865
-0.253854
-0.21296
-0.223979
-0.236901
-0.250543
-0.264619
-0.281029
-0.296325
-0.307391
-0.32171
-0.332603
-0.344739
-0.380471
-0.407882
-0.430522
-0.436009
-0.438208
-0.447047
-0.455985
-0.47069
-0.485378
-0.506006
-0.521386
-0.566252
-0.588919
-0.616677
-0.644453
-0.67287
-0.698406
-0.721121
-0.750335
-0.807559
-0.834327
-0.866815
-0.898133
-0.941999
-0.976266
-1.0171
-1.05022
-1.09036
-1.13209
-1.17214
-1.21273
-1.25333
-1.29412
-1.34983
-1.39838
-1.43829
-1.47874
-1.51666
-1.55758
-1.59589
-1.62955
-1.65648
-1.6795
-1.70761
-1.7327
-1.7769
-1.81219
-1.85934
-1.90648
-1.95876
-2.01953
-2.0779
-2.13664
-2.19657
-2.25445
-2.30471
-2.38347
-2.43682
-2.48944
-2.54004
-2.61156
-2.66475
-2.72153
-2.78492
-2.84328
-2.92163
-2.99414
-3.08597
-3.1619
-3.23658
-3.32031
-3.41823
-3.55342
-3.67322
-3.80081
-3.91784
-4.0444
-4.18962
-4.34229
-4.49316
-4.6327
-4.77722
-4.90356
-5.02865
-5.15613
-5.28773
-5.41177
-5.51772
-5.62624
-5.73937
-5.92628
-6.11075
-6.29781
-6.38201
-6.55363
-6.61895
-6.69494
-6.83087
-6.87093
-6.9432
-6.98072
-7.02283
-7.00924
-7.0038
-6.96967
-6.90012
-6.7409
-6.72878
-6.71017
-6.68608
-6.6566
-6.61106
-6.57142
-6.54349
-6.45505
-6.37087
-6.28053
-6.18314
-6.08924
-6.03155
-5.91534
-5.77857
-5.62559
-5.4873
-5.34213
-5.17646
-4.98747
-4.78893
-4.55968
-4.34088
-4.10775
-3.8497
-3.61424
-3.37771
-3.1295
-2.86199
-2.60069
-2.34461
-2.09868
-1.86454
-1.61991
-1.40254
-1.20256
-0.964121
-0.696965
-0.403613
-0.126749
0.128106
0.351511
0.584993
0.773822
0.960238
1.18095
1.38208
1.60323
1.83622
2.08948
2.34684
2.66729
2.96511
3.26401
3.56687
3.8974
4.21806
4.54344
4.88129
5.25666
5.60544
5.94573
6.2893
6.63281
6.98226
7.3282
7.66736
8.01588
8.37019
8.79839
9.20947
9.64854
10.0304
10.4316
10.7929
11.1392
11.5239
11.8333
12.173
12.4976
12.8813
13.2088
13.5333
13.8693
14.2076
14.5649
14.8324
15.15
15.4516
15.7878
16.0366
16.3193
16.5015
16.7669
17.0918
17.3739
17.6503
17.9311
18.2062
18.4637
18.7838
19.0228
19.2725
19.4914
19.7094
19.96
20.1824
20.3757
20.5479
20.7209
20.907
21.0815
21.2442
21.3959
21.5502
21.7168
21.8709
22.0204
22.1932
22.3503
22.5033
22.6577
22.807
22.948
23.0765
23.1965
23.3156
23.4197
23.5486
23.6567
23.7485
23.8384
23.9185
23.9947
24.0619
24.1245
24.1793
24.2257
24.2607
24.2917
24.3501
24.353
24.3402
24.32
24.2881
24.2464
24.2037
24.1533
24.1233
23.9755
23.8959
23.8038
23.6906
23.626
23.461
23.3708
23.2676
23.0597
22.8812
22.6705
22.486
22.3129
22.1062
21.9176
21.7478
21.5647
21.3797
21.1932
20.8347
20.5031
20.1634
19.8115
19.4486
19.0651
18.6725
18.2525
17.8293
17.3825
16.9331
16.4698
15.9847
15.5008
14.9961
14.4989
13.9939
13.4796
13.1785
12.5726
12.2916
11.6925
11.1243
10.5523
9.98113
9.41226
8.84569
8.21709
7.65275
7.07303
6.46467
5.90134
5.35448
4.80439
4.23008
3.68243
3.14377
2.6272
2.12155
1.62685
1.15502
0.745931
0.375411
0.026387
-0.337266
-0.671841
-1.01903
-1.36558
-1.70123
-2.02384
-2.33386
-2.63455
-2.91965
-3.20414
-3.46756
-3.73285
-4.01402
-4.2812
-4.54311
-4.7907
-5.02099
-5.25927
-5.49404
-5.71174
-5.96358
-6.12021
-6.23334
-6.29
-6.29227
-6.2611
-6.20096
-6.10401
-5.97176
-5.78118
-5.49188
-5.18206
-4.8674
-4.57015
-4.23059
-3.89231
-3.53047
-3.2459
-2.93307
-2.61481
-2.23324
-1.91772
-1.6029
-1.28072
-0.964083
-0.659237
-0.39778
-0.127918
0.105476
0.320301
0.522702
0.699799
0.825064
0.926104
1.00755
1.07559
1.13333
1.1617
1.17499
1.17568
1.16077
1.13197
1.09571
1.04717
0.993119
0.929309
0.859393
0.796386
0.708832
0.623243
0.531846
0.44173
0.360906
0.281962
0.211578
0.153093
0.09814
0.049501
0.007687
-0.027338
-0.05332
-0.071261
-0.082869
-0.088317
-0.087862
-0.082844
-0.064638
-0.046263
0.027176
0.050738
0.0786
0.109848
0.143433
0.177135
0.21986
0.255261
0.290361
0.324295
0.359847
0.394422
0.43044
0.46478
0.497945
0.530535
0.564099
0.596155
0.627908
0.657416
0.687639
0.712012
0.738923
0.765071
0.790672
0.814956
0.840538
0.863054
0.887435
0.909986
0.93073
0.950498
0.972598
0.98932
1.00449
1.01992
1.03509
1.0493
1.06168
1.07259
1.08361
1.0937
1.10315
1.11371
1.12534
1.14219
1.15778
1.17478
1.19609
1.22599
1.25253
1.2795
1.31009
1.34424
1.37814
1.41085
1.44363
1.47467
1.50482
1.53362
1.5593
1.57721
1.60088
1.62171
1.64066
1.65583
1.66753
1.67703
1.68392
1.68714
1.68779
1.68572
1.68099
1.67381
1.6267
1.61406
1.60031
1.58402
1.56764
1.5479
1.52615
1.50451
1.47901
1.45647
1.4339
1.41206
1.38781
1.36469
1.34281
1.31978
1.29819
1.27699
1.25385
1.23124
1.2086
1.18639
1.16422
1.14231
1.12281
1.10098
1.07971
1.0587
1.03848
1.01777
0.996659
0.975185
0.952119
0.930253
0.906345
0.884797
0.862083
0.834266
0.81098
0.780914
0.753363
0.724801
0.6969
0.66769
0.639219
0.608759
0.575259
0.543621
0.511093
0.479418
0.44305
0.407436
0.366444
0.335707
0.309851
0.286214
0.263959
0.242549
0.226045
0.213111
0.201997
0.192895
0.184945
0.178215
0.172517
0.167306
0.161971
0.157279
0.157742
0.153796
0.150426
0.146635
0.144587
0.143479
0.143318
0.14437
0.146684
0.190267
0.195127
0.201584
0.210627
0.219796
0.229653
0.238802
0.248999
0.260792
0.271296
0.281138
0.291531
0.301368
0.310468
0.319308
0.328342
0.336981
0.345402
0.353778
0.36231
0.370316
0.377698
0.384939
0.392271
0.400043
0.407176
0.415328
0.422687
0.43071
0.437984
0.444315
0.457795
0.465884
0.471271
0.477692
0.484064
0.487597
0.489158
0.490439
0.490609
0.489637
0.487897
0.485244
0.481521
0.427101
0.421665
0.415729
0.408814
0.401004
0.392715
0.376194
0.366063
0.355113
0.344799
0.33328
0.32111
0.307791
0.291911
0.278676
0.265357
0.250911
0.235719
0.219677
0.204356
0.189661
0.174066
0.157148
0.141763
0.126738
0.110846
0.095033
0.076788
0.05996
0.042757
0.025658
0.008242
-0.009844
-0.028634
-0.047042
-0.065165
-0.083021
-0.100749
-0.118807
-0.138438
-0.155822
-0.174072
-0.192898
-0.209808
-0.227021
-0.24436
-0.262988
-0.28117
-0.299336
-0.320854
-0.342836
-0.363078
-0.383346
-0.404629
-0.423261
-0.442541
-0.466155
-0.483982
-0.500303
-0.517583
-0.534681
-0.55224
-0.56932
-0.58537
-0.601417
-0.617693
-0.633948
-0.64987
-0.665528
-0.681411
-0.697735
-0.714807
-0.731414
-0.74898
-0.764973
-0.781263
-0.796845
-0.813774
-0.828728
-0.842865
-0.8567
-0.868661
-0.883541
-0.897301
-0.910703
-0.915989
-0.926038
-0.928715
-0.931974
-0.929863
-0.921818
-0.907813
-0.890876
-0.826203
-0.807158
-0.786059
-0.761444
-0.741123
-0.718405
-0.69462
-0.668665
-0.640319
-0.60316
-0.572875
-0.54149
-0.511728
-0.473239
-0.444326
-0.41227
-0.383471
-0.340282
-0.312307
-0.273049
-0.247566
-0.221764
-0.197391
-0.174235
-0.144831
-0.121864
-0.101437
-0.082093
-0.05523
-0.03655
-0.014862
0.001087
0.015851
0.030004
0.043292
0.061854
0.078014
0.089889
0.101877
0.112896
0.122993
0.132913
0.143263
0.154375
0.163085
0.171399
0.178902
0.185569
0.192982
0.200771
0.207683
0.21302
0.218016
0.22294
0.228541
0.233505
0.234434
0.238331
0.243008
0.248072
0.252945
0.258887
0.26557
0.270805
0.277289
0.287339
0.294841
0.302457
0.318443
0.330285
0.343519
0.355276
0.371631
0.386509
0.399855
0.412296
0.424542
0.436715
0.448857
0.461961
0.47447
0.489172
0.504316
0.52297
0.539034
0.557648
0.574872
0.591906
0.611088
0.627005
0.642952
0.657495
0.667627
0.678692
0.687573
0.695802
0.704648
0.71123
0.720641
0.730406
0.739302
0.746628
0.758952
0.764244
0.76749
0.767187
0.766139
0.766024
0.766482
0.767912
0.771088
0.777382
0.783442
0.791115
0.802006
0.806439
0.817643
0.824785
0.830833
0.840093
0.84166
0.846538
0.844824
0.840341
0.831923
0.81309
0.798168
0.780822
0.760666
0.737096
0.710604
0.675175
0.596355
0.553728
0.505554
0.449618
0.394221
0.333458
0.269359
0.202757
0.134433
0.063478
-0.007981
-0.080308
-0.155294
-0.225107
-0.311399
-0.405116
-0.479493
-0.554863
-0.639353
-0.736444
-0.827453
-0.902963
-0.968109
-1.03029
-1.08567
-1.15046
-1.22778
-1.2999
-1.3765
-1.47497
-1.5902
-1.75314
-1.96762
-2.23166
-2.50157
-2.78126
-3.06577
-3.36847
-3.68365
-4.00356
-4.32307
-4.63001
-4.97573
-5.31481
-5.66185
-6.0773
-6.5186
-6.87788
-7.23624
-7.675
-8.23033
-8.77985
-9.24246
-9.69849
-10.2
-10.7051
-11.2513
-11.8621
-12.4715
-13.0184
-13.5298
-14.0227
-14.4847
-14.9445
-15.3781
-15.7588
-16.1271
-16.509
-16.8566
-17.201
-17.5342
-17.8725
-18.2343
-18.5754
-18.876
-19.2359
-19.5742
-19.8705
-20.1387
-20.3957
-20.6412
-20.8717
-21.0911
-21.2824
-21.493
-21.6692
-21.8409
-21.9942
-22.1481
-22.2984
-22.4246
-22.5926
-22.7623
-22.939
-23.089
-23.2311
-23.3762
-23.5218
-23.6658
-23.8374
-23.987
-24.1287
-24.2631
-24.3942
-24.5229
-24.6283
-24.7438
-24.8603
-24.9685
-25.0564
-25.0956
-25.1215
-25.1571
-25.1982
-25.2496
-25.3353
-25.3676
-25.3087
-25.2495
-25.0867
-24.967
-24.8129
-24.6401
-24.4347
-24.2476
-23.9058
-23.7294
-23.5461
-23.1469
-22.9488
-22.5637
-22.2193
-22.0661
-21.7348
-21.4222
-21.1009
-20.792
-20.5026
-20.2278
-20.0832
-19.8201
-19.5345
-19.2263
-19.0712
-18.7303
-18.5545
-18.3489
-18.1401
-17.9356
-17.7268
-17.5088
-17.2876
-17.082
-16.8852
-16.6723
-16.4469
-16.2182
-15.9816
-15.6995
-15.4314
-15.0336
-14.6625
-14.2983
-13.9277
-13.5584
-13.1924
-12.831
-12.4851
-12.1273
-11.7411
-11.3955
-11.0707
-10.7232
-10.3801
-10.0649
-9.75544
-9.41371
-9.06257
-8.70653
-8.35917
-8.02879
-7.74163
-7.41967
-7.09416
-6.7864
-6.46995
-6.15503
-5.85215
-5.54579
-5.22964
-4.90583
-4.60734
-4.32881
-4.0678
-3.80503
-3.55664
-3.31145
-3.08403
-2.86227
-2.6607
-2.46972
-2.2899
-2.11913
-1.96141
-1.81571
-1.67989
-1.5474
-1.42978
-1.32473
-1.22384
-1.12881
-1.04098
-0.964597
-0.889854
-0.821875
-0.760685
-0.651786
-0.597966
-0.541553
-0.495186
-0.443812
-0.412563
-0.384886
-0.363227
-0.351365
-0.354293
-0.352487
-0.355351
-0.361816
-0.371779
-0.38455
-0.398589
-0.414073
-0.432028
-0.454618
-0.478094
-0.50488
-0.531138
-0.559847
-0.590515
-0.623437
-0.659258
-0.706097
-0.745326
-0.785473
-0.823905
-0.85931
-0.893371
-0.915558
-0.9929
-1.02425
-1.05584
-1.08883
-1.12262
-1.15699
-1.19063
-1.22414
-1.2561
-1.28644
-1.31707
-1.348
-1.37875
-1.41015
-1.43958
-1.46758
-1.49463
-1.52109
-1.55029
-1.5771
-1.60012
-1.62078
-1.64101
-1.65974
-1.67561
-1.69064
-1.70123
-1.71081
-1.71796
-1.72445
-1.73374
-1.73996
-1.74703
-1.7542
-1.76128
-1.76789
-1.77283
-1.77621
-1.77672
-1.77464
-1.79115
-1.78464
-1.7774
-1.76524
-1.74939
-1.73099
-1.70884
-1.68248
-1.65684
-1.6207
-1.57697
-1.53618
-1.4911
-1.43613
-1.37739
-1.31672
-1.25208
-1.18155
-1.10642
-1.02607
-0.941726
-0.857239
-0.765869
-0.665174
-0.560294
-0.457254
-0.353627
-0.244545
-0.127591
-0.010298
0.108309
0.228421
0.350731
0.476954
0.614682
0.763736
0.913377
1.05573
1.1851
1.31253
1.42792
1.52476
1.60505
1.69033
1.77012
1.81878
1.87924
1.91576
1.93181
1.92184
1.89828
1.85756
1.80198
1.73339
1.65301
1.56594
1.47499
1.37672
1.29188
1.1891
1.08165
0.972334
0.861196
0.754019
0.649204
0.542914
0.438639
0.341855
0.247671
0.160574
0.076792
-0.00195
-0.070618
-0.133532
-0.188883
-0.240783
-0.290981
-0.332234
-0.365952
-0.398126
-0.427903
-0.452625
-0.473866
-0.49189
-0.50628
-0.518419
-0.524267
-0.524381
-0.521101
-0.509512
-0.496353
-0.479207
-0.459679
-0.436368
-0.410858
-0.385079
-0.357761
-0.329901
-0.303065
-0.276946
-0.252292
-0.229169
-0.205001
-0.181611
-0.161302
-0.142687
-0.126336
-0.111964
-0.100639
-0.091647
-0.084628
-0.079808
-0.07714
-0.076526
-0.077716
-0.080589
-0.084965
-0.0906
-0.097479
-0.109999
-0.119071
-0.129249
-0.14073
-0.152917
-0.16892
-0.181933
-0.195528
-0.209682
-0.224564
-0.239656
-0.255272
-0.271314
-0.287059
-0.30316
-0.319871
-0.336223
-0.352278
-0.369312
-0.386323
-0.405014
-0.422043
-0.439415
-0.456023
-0.471455
-0.486156
-0.500827
-0.51477
-0.528681
-0.544135
-0.561463
-0.584696
-0.603844
-0.646155
-0.677113
-0.711288
-0.750505
-0.792684
-0.839231
-0.891721
-0.938147
-0.98955
-1.04877
-1.17995
-1.24838
-1.31723
-1.38428
-1.45606
-1.52434
-1.59504
-1.67328
-1.7442
-1.81289
-1.89102
-1.95709
-2.01962
-2.08231
-2.13012
-2.16996
-2.19975
-2.22424
-2.24428
-2.25994
-2.27199
-2.27972
-2.28166
-2.2795
-2.27398
-2.2653
-2.25007
-2.23079
-2.20717
-2.18138
-2.1529
-2.12403
-2.09471
-2.06489
-2.0335
-2.00193
-1.97108
-1.94084
-1.91189
-1.88272
-1.85572
-1.83007
-1.80465
-1.78179
-1.75947
-1.73924
-1.72003
-1.70253
-1.70522
-1.68939
-1.67598
-1.66414
-1.65336
-1.64391
-1.63579
-1.62865
-1.6222
-1.61672
-1.61236
-1.60887
-1.60616
-1.60412
-1.60259
-1.6015
-1.60113
-1.60149
-1.60227
-1.60307
-1.60437
-1.60606
-1.60807
-1.61009
-1.61259
-1.6149
-1.6184
-1.6225
-1.62554
-1.62837
-1.63289
-1.63733
-1.64287
-1.65086
-1.64836
-1.65682
-1.6696
-1.68192
-1.69283
-1.70383
-1.71471
-1.72958
-1.74286
-1.75524
-1.76763
-1.77879
-1.78777
-1.79367
-1.79667
-1.79662
-1.79347
-1.7875
-1.77854
-1.76461
-1.74373
-1.71456
-1.68296
-1.64361
-1.59988
-1.55545
-1.51008
-1.45769
-1.40897
-1.3664
-1.32352
-1.2811
-1.23619
-1.18874
-1.14252
-1.09739
-1.05216
-0.99478
-0.944795
-0.900818
-0.853651
-0.806171
-0.766191
-0.731193
-0.700435
-0.66853
-0.640176
-0.612575
-0.58916
-0.56509
-0.546663
-0.53064
-0.515281
-0.530645
-0.520507
-0.511702
-0.503918
-0.497124
-0.491482
-0.486912
-0.483036
-0.479808
-0.477291
-0.475222
-0.473605
-0.472419
-0.471616
-0.471084
-0.470736
-0.470561
-0.470552
-0.470589
-0.470656
-0.470761
-0.470818
-0.470728
-0.470448
-0.470074
-0.469487
-0.4687
-0.46776
-0.466608
-0.465278
-0.463632
-0.461626
-0.459342
-0.456792
-0.454473
-0.451232
-0.447833
-0.444013
-0.440079
-0.435806
-0.431206
-0.426362
-0.421273
-0.415837
-0.410233
-0.404455
-0.398459
-0.392118
-0.384328
-0.376174
-0.367014
-0.358629
-0.350505
-0.341639
-0.332728
-0.323653
-0.314979
-0.306587
-0.297981
-0.289234
-0.280253
-0.271142
-0.262116
-0.252861
-0.2435
-0.234087
-0.224622
-0.214987
-0.205517
-0.196012
-0.186472
-0.176866
-0.16726
-0.157665
-0.147788
-0.138189
-0.128565
-0.118961
-0.109346
-0.099393
-0.089643
-0.079897
-0.070206
-0.060594
-0.051105
-0.041566
-0.032275
-0.023216
-0.013894
-0.004771
0.004248
0.013209
0.022075
0.032625
0.04224
0.050681
0.058937
0.067325
0.075451
0.083539
0.091491
0.099679
0.107777
0.116217
0.124544
0.132169
0.13962
0.147027
0.154357
0.161383
0.168129
0.174845
0.181308
0.187917
0.194348
0.200416
0.206346
0.212217