
0
706.425
-221.342
-506.939
715.422
-596.541
223.323
66.5077
-45.6616
2.724
10.5388
41.3209
-220.221
152.837
202.491
-359.413
156.397
150.046
-241.709
99.2234
16.6147
-73.1405
94.3828
28.1048
-128.036
69.6304
-18.0864
-27.7151
95.7417
-44.4505
-26.3984
-36.5312
81.2169
-1.71492
-77.4233
99.5285
-147.115
169.525
-59.1772
-72.879
136.487
-178.012
143.724
-26.5395
-19.963
-49.0595
140.218
-145.891
-8.57169
190.685
-196.717
75.6337
39.9502
-117.8
116.117
-47.717
19.3266
-26.1025
-40.5148
138.128
-131.258
60.7899
-16.4613
-10.8995
19.5644
-45.885
115.342
-141.555
90.4773
-25.2911
-28.3854
52.264
-16.42
-22.8823
34.1844
-53.0577
63.7823
-43.1504
-0.966257
34.5635
-41.6865
46.5377
-38.5262
15.1255
-8.35671
-0.429043
30.8916
-54.8838
62.5662
-45.7301
5.5877
18.4604
-22.3884
20.6537
5.34703
-35.7944
34.2202
-32.8194
44.1732
-36.2311
6.91196
29.4075
-56.1921
58.4028
-29.557
-0.735031
11.8965
-33.8002
50.6753
-28.5394
0.2504
3.78724
-3.3146
6.89729
-6.8442
5.78667
4.71079
-15.0129
15.0327
-21.1454
25.3584
-20.3921
8.12835
15.5047
-28.6271
27.9868
-21.0533
-5.41636
23.5773
-16.4773
17.7215
-20.5135
3.38856
0.886152
8.52755
5.18845
-12.6683
-2.69208
9.26509
-10.4112
15.1654
-15.7993
10.2668
-5.92558
0.0749904
9.21282
-8.40063
6.57859
-7.15322
-7.95454
25.5592
-22.5784
8.88819
-0.554889
-4.917
7.0733
-3.21226
2.62033
-2.90655
-7.96805
20.9489
-15.3827
4.06774
-13.7941
12.4199
14.3879
-16.9045
0.342719
1.76786
0.871264
3.55673
-13.0505
19.8525
-12.4248
-2.71837
4.72738
-6.09088
12.5717
-2.15731
-10.0462
8.21044
-5.79722
6.60113
-5.67079
4.41183
-1.66618
-6.28003
2.35692
13.7487
-7.48584
-10.6686
4.14832
8.76815
-3.83785
1.94344
-11.6404
7.67951
4.12077
-0.325783
-4.06184
-3.37876
5.12588
5.59875
-8.17704
2.07792
-3.79664
2.66105
-2.51059
10.3213
-7.90235
-1.36153
4.82312
-2.96177
-2.38049
6.19387
-4.42506
4.02906
-5.61388
1.87034
-4.28559
7.62315
6.00431
-11.5324
-2.31403
6.65986
-1.40916
8.08152
-15.9616
5.46011
2.54096
2.41937
3.10575
-11.3739
2.66149
11.0653
-10.4441
3.04356
-3.96546
4.61319
-0.521888
-0.998994
0.140405
-4.4439
7.03438
5.04213
-11.6536
3.03113
-0.659311
6.30436
-7.39264
1.90648
1.84801
-2.08037
3.96312
-0.920207
-6.78871
6.44069
-0.107489
1.95256
-8.93918
6.73041
-1.17394
-3.29578
7.81952
-3.63348
-3.61734
6.05274
-4.1281
2.54497
-6.09073
7.76209
-4.79272
0.0681705
2.53578
-2.97447
2.99642
0.674406
-3.39036
4.4613
-7.04369
7.36653
-4.03369
0.158653
0.911163
-4.09358
6.80957
0.00809235
-7.06821
7.44241
-5.48345
3.96016
-4.3275
2.27444
1.26883
-1.26359
-0.32179
-0.700651
2.67732
2.26074
-8.62914
7.86854
-2.60895
-1.23406
1.06109
-3.24593
1.84016
5.5948
-4.88542
-0.826399
0.639021
4.98471
-7.16139
2.66333
1.70023
-2.14657
-0.775761
2.34928
-1.96521
1.42261
0.0262666
2.40118
-6.00698
4.37321
-0.0783359
-3.33607
1.62764
2.8716
-4.29045
1.41886
1.67511
2.06478
-5.7278
4.59969
-3.03257
-0.847911
3.80707
-0.419819
-6.25791
6.12048
-0.418714
-1.62315
0.439743
3.59659
-4.13776
-0.0079413
-0.221261
1.9376
-2.49901
3.21762
-2.13231
-1.47794
3.22092
1.83361
-6.03158
4.33274
-1.65224
-0.251061
-0.174138
1.54977
-1.21177
-0.513331
-0.566199
4.36116
-2.18058
-0.84852
-0.276846
1.44291
-4.79793
6.02529
-1.25721
-3.89467
2.26971
2.05693
-1.05222
1.55921
-3.67642
1.99834
-2.2801
5.55826
-3.3402
-4.43161
4.97804
0.312359
-2.37818
3.94205
-4.1353
3.05865
-2.34577
0.882134
-1.34082
0.569895
2.20794
-2.10837
-1.38211
4.48833
-3.11323
2.13876
-3.17529
2.82855
-1.82891
0.0688169
2.32358
-3.67088
-1.69211
6.56547
-2.1406
0.178199
-2.1284
1.70181
-2.18348
3.47607
-0.542588
-4.8888
2.585
3.33024
-2.91593
1.95669
-2.73665
1.92072
-2.73096
4.89498
-1.01788
-5.75413
4.06741
1.47937
-4.34752
4.65889
-1.43239
1.59346
-3.48889
1.29099
0.669445
-1.24512
1.20656
-0.580597
-2.57919
4.5576
-1.38543
0.32555
-2.31598
2.34724
-0.495407
-0.450206
1.19852
-0.556587
-4.00034
3.99203
-0.137179
0.962919
-1.63795
0.536159
-0.945036
0.911114
0.272116
-0.234859
-1.96182
3.05538
-1.93325
0.784564
-0.387126
0.959631
-1.1836
0.709487
-0.645376
1.19815
-1.61123
1.22832
-1.10053
1.10436
-1.07107
1.1863
-1.20443
1.13692
-0.836039
0.827767
-0.739361
0.624621
-0.844573
1.55608
-2.0465
1.40968
-0.874805
0.655643
-0.555386
0.38036
-0.796132
1.15126
-0.880777
2.24148
-2.22781
0.392243
-0.484554
0.841151
-0.613688
0.877451
-1.3758
1.3786
-1.15347
1.54464
-1.66199
1.03436
-0.258006
0.142816
-0.967488
1.29686
-1.02293
0.773278
-0.928797
1.39342
-1.37103
1.88932
-1.1227
-0.506758
-0.334696
0.826126
-0.688816
1.62596
-1.99074
1.08518
-0.606824
1.33102
-0.927361
0.338699
-1.00495
1.16509
-0.43667
0.571328
-1.77218
1.18711
-0.52547
1.55239
-0.974809
0.386662
-1.1288
0.758006
-0.556693
0.789026
-0.659345
1.0652
-1.22928
0.729421
-0.907433
1.63879
-0.797754
0.356789
-1.40219
0.962142
-0.432322
0.922671
-1.05133
0.394624
-0.731766
1.96221
-1.06097
0.680146
-1.346
0.416419
-0.139535
0.913574
-0.964372
0.587557
-0.841161
1.42836
-1.42875
0.95161
-0.600794
0.701973
-0.44576
0.324474
-1.26073
1.30534
-0.984502
1.22759
-0.704568
0.778698
-0.811809
0.516996
-0.969713
0.706024
-0.623912
1.029
-0.992046
0.873435
-1.21569
1.27824
-0.502969
0.564962
-0.621499
0.567284
-1.0449
0.928368
-0.961137
0.914331
-0.962364
1.3554
-0.910862
0.209936
0.142478
0.385588
-1.18531
1.16288
-1.67133
1.73708
-0.459314
0.201118
-0.650122
0.267253
-0.208338
1.30214
-1.55638
1.47576
-1.58418
0.169091
0.161767
0.427727
-0.447508
1.28025
-1.39395
0.693094
-0.435747
0.73639
-0.93029
0.704729
-0.924722
1.04206
-0.771615
0.561149
-0.613475
0.510363
-0.513
1.67484
-1.77297
0.453853
-0.579454
0.838536
-0.228834
0.194714
-0.666203
0.978559
-1.07751
1.76899
-1.40092
-0.0602375
0.0357371
0.303551
-0.740983
1.59845
-1.27789
0.145248
-0.353441
1.17878
-0.815309
0.968852
-0.606462
-0.181946
-1.21322
1.76187
-0.494482
-0.0850241
-0.150234
0.703566
-1.30308
1.74723
-1.17866
-0.0131519
-0.094798
0.835273
-0.819295
0.616252
-0.75911
0.638675
-0.781972
1.65396
-0.936995
0.0446218
-0.720481
0.586226
-0.362809
0.734011
-0.810224
0.593409
-0.958879
1.60744
-0.668671
-0.00485246
-0.51546
0.784276
-1.01037
0.914921
-0.308751
0.316768
-1.29215
1.36389
-0.787833
0.662152
0.148067
0.00406562
-1.37163
1.12884
-0.567029
0.719509
-0.536327
0.584999
-0.858097
0.888887
-0.30555
0.0836884
-0.906439
1.30483
-0.903214
0.447754
-0.569898
0.583573
-0.757713
1.00146
-0.236907
0.233895
-0.752079
0.863646
-1.01318
0.875004
-0.924189
0.730354
-0.368115
0.419988
-0.27098
0.184238
-0.734311
1.544
-1.5376
0.613618
-0.040114
0.115602
-0.333456
0.498996
-0.88423
1.09323
-0.625176
0.951533
-1.16266
0.317345
-0.185014
0.198821
-0.342535
0.874974
-1.14696
1.07218
-0.695773
0.73994
-0.691115
0.397095
-0.314024
0.550939
-0.77001
0.528389
-0.71599
0.710377
-0.501729
1.01134
-1.06841
0.613689
-0.170917
-0.0887906
-0.333104
0.745408
-0.898424
0.985545
-0.844138
0.757388
-0.683765
0.716932
-0.39916
0.0511407
-0.566234
1.02285
-0.925054
0.603856
-0.663806
0.412445
-0.157384
0.941694
-0.735199
0.221537
-0.786746
0.979259
-0.577913
0.337763
-0.47175
0.310355
-0.3745
1.01701
-1.01386
0.47434
-0.370686
0.825184
-0.931056
0.514375
-0.285762
0.0532776
-0.273612
0.926016
-0.995461
0.927171
-0.601962
0.476093
-0.891795
0.513214
0.0421608
0.134643
-0.779531
1.01631
-0.988324
1.05398
-0.385465
0.078459
-0.561552
0.8079
-0.435606
0.171563
-0.706978
0.846313
-0.815683
0.987227
-0.531453
0.0526761
-0.177532
0.700437
-0.84285
0.538822
-0.698523
0.803619
-0.524335
0.595688
-0.67263
0.448819
-0.405672
0.748511
-0.601295
0.242066
-0.542541
0.596493
-0.68197
0.761011
-0.460119
0.292498
-0.214953
0.6507
-0.978986
0.825674
-0.492485
0.212549
-0.513566
0.687773
-0.554282
0.461976
-0.476871
0.529777
-0.51258
0.787923
-0.7655
0.401341
-0.54162
0.505113
-0.19641
0.35722
-0.698545
0.816254
-0.734028
0.814121
-0.460671
0.0414263
-0.502179
0.641635
-0.50111
0.620455
-0.673855
0.537899
-0.541079
0.629954
-0.0804224
0.191322
-0.746634
0.60816
-0.775585
0.904788
-0.417717
0.0744783
-0.480639
0.721033
-0.417142
0.58533
-0.797531
0.700349
-0.705028
0.524455
-0.245353
0.25825
-0.621109
0.844997
-0.525484
0.339695
-0.23721
0.317135
-0.804462
0.775143
-0.567459
0.539917
-0.47847
0.270748
-0.327678
0.688526
-0.41882
0.54768
-1.01604
0.680823
-0.340853
0.421836
-0.329313
0.111988
-0.690056
0.885996
-0.232523
0.518031
-0.83313
0.370187
-0.358531
0.484799
-0.277931
0.39823
-0.659291
0.51579
-0.388991
0.495776
-0.441806
0.62115
-0.699649
0.339168
-0.396928
0.442545
-0.39575
0.436684
-0.511655
0.667195
-0.473319
0.556646
-0.596657
0.240706
-0.295388
0.635928
-0.624697
0.347455
-0.570058
0.608704
-0.318874
0.571738
-0.633825
0.280115
-0.275731
0.616482
-0.658772
0.414883
-0.475615
0.464529
-0.359111
0.632652
-0.512203
0.253672
-0.285995
0.235765
-0.723777
1.11263
-0.636744
0.266722
-0.424071
0.207627
-0.0625307
0.6761
-0.641517
0.52341
-0.856617
0.67131
-0.423149
0.145384
-0.00764425
0.304658
-0.600942
0.654447
-0.561338
0.542147
-0.500903
0.490328
-0.452211
0.208905
-0.15091
0.378958
-0.557035
0.571634
-0.488769
0.542003
-0.577932
0.641078
-0.598624
0.201958
-0.155249
0.199693
-0.374345
0.658616
-0.475157
0.644248
-0.807023
0.468617
-0.278629
0.195247
0.0630315
0.074706
-0.670425
0.811514
-0.853358
0.632591
-0.151422
0.321874
-0.272665
0.0673299
-0.466697
0.607209
-0.601171
0.802468
-0.549155
0.231171
-0.282363
0.37616
-0.422518
0.542864
-0.580666
0.492361
-0.567662
0.455131
-0.331133
0.344239
-0.315037
0.458157
-0.56548
0.571101
-0.2646
0.312779
-0.648201
0.343493
-0.385167
0.533092
-0.170756
0.271412
-0.657923
0.596187
-0.48457
0.507832
-0.434555
0.469797
-0.36583
0.166418
-0.260406
0.313839
-0.541544
0.908442
-0.595716
0.377934
-0.392979
0.011391
-0.139326
0.317341
-0.278217
0.62986
-0.722685
0.527428
-0.531393
0.418676
-0.0175107
0.175583
-0.463518
0.300695
-0.470901
0.687323
-0.509843
0.250564
-0.40841
0.473218
-0.164924
0.528812
-0.721936
0.150179
-0.280475
0.590359
-0.290813
0.409357
-0.51411
0.214053
-0.336092
0.585322
-0.532336
0.481794
-0.419585
0.256352
-0.2787
0.292059
-0.369549
0.345018
-0.189651
0.51891
-0.537381
0.541249
-0.80007
0.354059
-0.135384
0.376912
-0.165341
0.154068
-0.694571
0.652649
-0.396317
0.668385
-0.524323
0.0902344
-0.177668
0.431379
-0.341978
0.281481
-0.514066
0.354584
-0.153987
0.675649
-0.59976
0.0443284
-0.363795
0.370796
-0.106724
0.478266
-0.65422
0.496729
-0.458882
0.386122
-0.234143
0.239095
-0.224401
0.452937
-0.673237
0.498731
-0.460385
0.248645
-0.155836
0.286172
-0.164115
0.416512
-0.573547
0.260079
-0.46406
0.589075
-0.11397
0.237866
-0.521696
0.22018
-0.217996
0.462675
-0.318598
0.244414
-0.541774
0.710376
-0.4772
0.197321
-0.317591
0.189483
-0.05119
0.512399
-0.448256
0.297509
-0.603838
0.587419
-0.432488
0.286231
-0.126821
0.213779
-0.337101
0.312642
-0.507294
0.55795
-0.403196
0.45433
-0.250015
0.123142
-0.281933
0.308607
-0.525633
0.577712
-0.290948
0.405666
-0.32443
0.0905941
-0.41464
0.383222
-0.255163
0.542342
-0.475261
0.249915
-0.324606
0.336589
-0.334083
0.432969
-0.312442
0.342623
-0.324606
0.259641
-0.487766
0.340924
-0.246197
0.363081
-0.23335
0.32802
-0.464009
0.315031
-0.296137
0.34156
-0.377316
0.501007
-0.325548
0.240783
-0.338887
0.143162
-0.208851
0.506514
-0.456675
0.499421
-0.610363
0.357964
-0.219242
0.0551276
-0.0348101
0.312713
-0.26123
0.517333
-0.732519
0.375832
-0.412141
0.47959
-0.0404508
-0.0418263
-0.177839
0.174572
-0.462409
0.64334
-0.504228
0.475178
-0.259637
0.214714
-0.302241
0.115214
-0.228178
0.483689
-0.432255
0.480364
-0.443031
0.307207
-0.291855
0.219723
-0.40113
0.359165
-0.0363131
0.28952
-0.559243
0.358372
-0.385554
0.393908
-0.0638115
0.184892
-0.338023
0.314768
-0.413809
0.311496
-0.479067
0.55192
-0.2018
0.201786
-0.216442
0.058474
-0.358186
0.564216
-0.393953
0.441312
-0.438337
0.385203
-0.255851
-0.0374456
-0.110752
0.336535
-0.245451
0.504088
-0.665632
0.255188
-0.237575
0.334427
-0.179908
0.179098
-0.159827
0.274249
-0.413857
0.51133
-0.54372
0.269964
-0.120899
0.257563
-0.227531
0.219543
-0.343599
0.181193
-0.365225
0.644242
-0.346838
0.379437
-0.397915
0.0389204
-0.257077
0.409056
-0.0381437
0.204747
-0.48524
0.429924
-0.461439
0.340219
-0.178955
0.100096
-0.189152
0.404232
-0.306034
0.209272
-0.431913
0.36903
-0.214299
0.427604
-0.222089
0.132679
-0.56295
0.466732
-0.254116
0.307156
-0.188869
0.116167
-0.305728
0.415688
-0.287931
0.276049
-0.533951
0.439029
-0.0938345
0.229906
-0.118416
-0.0443896
-0.512608
0.563281
-0.121001
0.376952
-0.42628
0.113907
-0.438774
0.350707
0.0339409
0.247645
-0.387986
0.304865
-0.320702
0.318424
-0.29703
0.353818
-0.449545
0.308256
-0.0482532
0.130405
-0.282107
0.162204
-0.403137
0.555203
-0.202946
0.315878
-0.468936
0.0671398
0.011362
0.214559
-0.207104
0.339757
-0.543013
0.452403
-0.135475
0.142953
-0.400568
0.158063
-0.147939
0.485275
-0.313093
0.323375
-0.614025
0.219178
0.0223618
0.309123
-0.126706
0.229935
-0.613542
0.287758
-0.256508
0.454443
-0.147865
0.0299754
-0.19049
0.191363
-0.330637
0.524178
-0.456274
0.250968
-0.17278
0.28113
-0.193011
0.118121
-0.278277
0.280953
-0.27811
0.47337
-0.343588
0.0964852
-0.232337
0.28358
-0.327845
0.330929
-0.187251
0.148272
-0.0642403
0.290786
-0.54682
0.331449
-0.257959
0.362676
-0.167142
0.108589
-0.172443
0.0174047
-0.271413
0.532698
-0.436955
0.474302
-0.199835
-0.107166
-0.149813
0.213417
-0.202116
0.533832
-0.442098
0.287116
-0.411535
0.254755
-0.0258088
0.0569168
-0.303329
0.436482
-0.376473
0.289593
-0.254352
0.180461
-0.167106
0.294196
-0.236677
0.208098
-0.227627
0.29326
-0.380521
0.167519
-0.158326
0.278919
-0.179049
0.332854
-0.424449
0.1347
-0.191935
0.377639
-0.293725
0.308907
-0.223518
0.156419
-0.287503
0.244091
-0.212461
0.317099
-0.135043
0.174705
-0.50751
0.328148
-0.230731
0.243785
-0.0627596
0.147699
-0.224915
0.191634
-0.233348
0.333289
-0.381603
0.364649
-0.247428
0.0956403
-0.0929291
0.130831
-0.240137
0.314917
-0.329803
0.332062
-0.271218
0.338583
-0.29018
0.0627094
-0.14291
0.209531
-0.164437
0.418491
-0.333342
0.124769
-0.321808
0.281722
-0.141782
0.219755
-0.214769
0.153537
-0.258755
0.252054
-0.212765
0.271813
-0.221071
0.350396
-0.327128
0.174423
-0.223896
0.139729
-0.220061
0.402056
-0.275205
0.176435
-0.219645
0.217003
-0.306723
0.328529
-0.191371
0.227374
-0.286252
0.196887
-0.240192
0.30099
-0.0874135
0.0392437
-0.278604
0.366152
-0.209199
0.234513
-0.401472
0.156862
-0.184527
0.351511
-0.0406308
0.0771372
-0.303456
0.234824
-0.25471
0.388759
-0.28335
0.181798
-0.238527
0.170572
-0.148641
0.125309
-0.148007
0.287106
-0.274215
0.255323
-0.230494
0.166971
-0.249319
0.20586
-0.190365
0.352692
-0.173072
0.103925
-0.317229
0.215012
-0.0751913
0.239563
-0.29929
0.124657
-0.276085
0.378858
-0.143557
0.0976215
-0.23885
0.266355
-0.132257
0.296963
-0.368627
0.151847
-0.284424
0.288748
-0.0854683
0.163488
-0.234144
0.196335
-0.275461
0.324141
-0.2693
0.246164
-0.216526
0.118151
-0.0352405
0.0621716
-0.145976
0.234123
-0.362062
0.46444
-0.236097
0.169406
-0.351233
0.0656585
-0.0411114
0.259308
-0.125936
0.176091
-0.364077
0.323105
-0.243647
0.351368
-0.237272
0.0827095
-0.201451
0.110944
0.0397364
0.08686
-0.306522
0.294708
-0.283502
0.3937
-0.198583
0.0940532
-0.216005
0.0211476
-0.0122347
0.295789
-0.243757
0.218719
-0.36296
0.336903
-0.136184
0.0992327
-0.225641
0.129263
-0.111521
0.282493
-0.34578
0.170642
-0.142072
0.238023
-0.0761004
0.230476
-0.326181
0.155333
-0.26573
0.221166
-0.108788
0.191453
-0.153503
0.0728435
-0.223533
0.293784
-0.158866
0.238602
-0.310374
0.160807
-0.191499
0.285678
-0.175271
0.0982587
-0.192759
0.270705
-0.158278
0.25091
-0.351388
0.169191
-0.21161
0.196911
-0.130539
0.117509
-0.0577771
0.158076
-0.16426
0.224644
-0.393241
0.411458
-0.21374
0.0697301
-0.0462188
-0.0909852
-0.0529755
0.240684
-0.287761
0.453233
-0.376766
0.243104
-0.190889
-0.0131144
0.046069
0.0805879
-0.153329
0.269365
-0.342601
0.300202
-0.180702
0.21462
-0.220622
0.0578115
-0.0933644
0.163226
-0.183485
0.183515
-0.239036
0.229899
-0.146761
0.275943
-0.186805
0.124578
-0.172553
0.0649216
-0.167223
0.213233
-0.2002
0.264363
-0.206753
0.18069
-0.230498
0.149848
-0.0608677
0.231627
-0.304949
0.182869
-0.227551
0.171609
-0.0761652
0.192602
-0.185779
0.219817
-0.242421
0.196215
-0.260973
0.155575
-0.0834596
0.0272544
-0.0197702
0.150036
-0.231753
0.341484
-0.269339
0.213317
-0.226241
0.158369
-0.0724259
0.0105292
-0.113073
0.131783
-0.248198
0.3862
-0.265844
0.255549
-0.186395
0.0939545
-0.128833
0.0335956
-0.123735
0.243901
-0.111484
0.215979
-0.298397
0.0698855
-0.0524595
0.290402
-0.184186
0.0269396
-0.204404
0.0961368
-0.0935801
0.267082
-0.173601
0.167145
-0.154456
0.171046
-0.173306
0.206906
-0.217462
0.0820706
-0.206802
0.222364
-0.105008
0.16156
-0.0957554
0.0619451
-0.270721
0.345939
-0.131092
0.141627
-0.251935
0.0345262
-0.017197
0.148459
-0.0667887
0.158734
-0.297603
0.359709
-0.225967
0.00756229
-0.104609
0.0171131
-0.00429393
0.252053
-0.242199
0.208373
-0.359047
0.376604
-0.0643627
0.0492429
-0.108021
-0.00869291
-0.19396
0.22959
-0.161597
0.226621
-0.207958
0.197363
-0.178112
0.134654
0.0168439
-0.00454796
-0.199861
0.112706
-0.121392
0.294058
-0.138306
0.120542
-0.308239
0.196175
-0.00620164
0.164406
-0.247893
0.0545483
-0.15377
0.174007
-0.125754
0.216782
-0.185989
0.233179
-0.0756245
0.0599011
-0.253097
0.135584
-0.083436
0.117436
-0.0763681
0.0850898
-0.233863
0.197551
-0.0570843
0.214787
-0.24436
0.217041
-0.230526
-0.0265904
0.113688
0.045605
-0.149954
0.228112
-0.285711
0.326017
-0.174751
0.158529
-0.200913
-0.0755532
0.000243751
0.162642
-0.111676
0.21118
-0.271102
0.182059
-0.145834
0.315233
-0.17619
-0.00987695
-0.0356098
-0.0246389
-0.0960451
0.0996004
-0.128961
0.287849
-0.166828
0.218375
-0.284529
0.0822374
0.00608921
0.0334328
-0.0822374
0.186302
-0.281677
0.199955
-0.174037
0.269906
-0.10046
0.0585173
-0.147561
0.0684947
-0.169769
0.210428
-0.17533
0.071918
-0.0066316
0.121095
-0.104198
0.249488
-0.245124
0.0949115
-0.162237
0.137444
-0.11539
0.057934
-0.0473648
0.0914538
-0.1384
0.216204
-0.18529
0.207082
-0.142066
0.11985
-0.196949
0.0474367
-0.0515213
0.0650582
-0.00475989
0.262643
-0.24964
0.113033
-0.253419
0.21627
-0.0678435
0.0297701
-0.0522157
-0.0463197
-0.0764419
0.272848
-0.185229
0.249114
-0.171211
0.0766701
-0.0889075
0.0222422
-0.0500716
-0.0107393
-0.143482
0.29699
-0.241114
0.261225
-0.13586
0.0326997
-0.0386482
0.0733269
-0.118457
0.120759
-0.199717
0.199403
-0.169641
0.16227
-0.0297837
0.0381504
-0.116439
0.176882
-0.149644
0.0619471
-0.190515
0.0735433
-0.0465741
0.196583
-0.0299694
0.102532
-0.232008
0.176034
-0.110894
0.112509
-0.0627428
-0.0280006
-0.19656
0.198686
-0.0836716
0.162608
-0.153175
0.20206
-0.129193
0.0844128
-0.126875
0.0458485
-0.0906809
0.0935586
-0.0703709
0.126706
-0.110758
0.202704
-0.240434
0.172294
-0.0462307
-0.0630343
-0.0187843
-0.0384431
-0.0472399
0.21484
-0.218406
0.302705
-0.258801
0.163568
0.0457361
-0.0322145
-0.0804852
-0.0720913
-0.161137
0.278527
-0.134175
0.216177
-0.222396
0.0768298
0.00693213
0.0839606
-0.0345807
0.022693
-0.169368
0.0740471
-0.0834589
0.187006
-0.150299
0.17169
-0.10041
0.0793409
-0.072202
0.0342717
-0.117708
0.037308
-0.097418
0.204692
-0.177276
0.217055
-0.163721
0.098238
0.0511063
0.0536506
-0.159718
0.00918766
-0.172474
0.195596
-0.0812816
0.117601
-0.162753
0.107166
-0.0340743
0.222938
-0.131689
-0.0473051
-0.0801497
0.00493389
-0.0173293
0.215282
-0.245545
0.200017
-0.157933
0.141685
-0.00228717
-0.0379584
-0.0119636
-0.0643501
-0.11542
0.217551
-0.208122
0.21957
-0.0968302
0.0994852
0.000522577
0.0253834
-0.0738827
0.00172235
-0.1495
0.184311
-0.163109
0.103548
-0.108493
0.0882
0.010141
0.193118
-0.134135
-0.0312083
-0.0845151
0.0590159
-0.0617317
0.159143
-0.161914
0.0591919
-0.0772062
0.191502
-0.00516499
0.0165553
-0.180331
0.0447932
-0.140818
0.230468
-0.109689
0.0126684
-0.0618647
0.173544
-0.0799592
0.169543
-0.126769
0.0220239
-0.134445
0.0282474
-0.049776
0.0523834
-0.0209281
0.132163
-0.192283
0.234193
-0.0919824
0.0306866
-0.010925
-0.0682529
-0.00627862
0.0618771
-0.205449
0.270187
-0.232426
0.261877
-0.0268739
-0.0748332
0.0175991
-0.0870814
-0.0582489
0.169192
-0.190739
0.169547
-0.198667
0.203704
0.0176342
0.023159
-0.0248017
-0.020927
-0.0243914
0.000442144
-0.154692
0.130495
-0.144216
0.223801
-0.132131
0.0422914
0.0788545
0.0303123
-0.0306308
-0.0246043
-0.168395
0.139346
-0.144288
0.230409
-0.0958684
0.00464633
-0.00575559
0.0114638
-0.0166651
0.175437
-0.223099
0.0522446
-0.105727
-0.00836636
0.0107932
0.170904
-0.00588508
0.103709
-0.221628
0.121059
-0.0468134
0.0425353
-0.0608508
-0.0857238
-0.0762194
0.192805
-0.0932059
0.140726
-0.127142
0.121665
0.00200281
-0.000867539
-0.0850958
-0.00376335
-0.107069
0.171717
-0.140897
0.110874
-0.0487849
0.149419
-0.0500133
-0.00533861
-0.114548
0.0102375
-0.0670469
0.121143
-0.0783268
0.0920768
-0.0762163
0.0850837
-0.0318762
0.0752818
0.0591322
-0.0238673
-0.178705
-0.024399
-0.104011
0.20981
-0.0655989
0.105952
-0.0663771
0.0128931
0.0404721
0.0842475
-0.15826
0.0750766
-0.170595
0.0973771
0.0392107
0.0127472
-0.0814172
0.0562016
-0.00228233
0.161006
-0.147547
0.00860854
-0.0660004
-0.0153709
-0.0581548
0.0841343
-0.0373928
0.2037
-0.0868798
0.0598225
-0.0614089
0.0149457
-0.102296
0.00414283
-0.0484844
0.164358
-0.14985
0.0243306
-0.056589
0.108102
0.0654471
0.127632
-0.0909533
-0.0951842
-0.159678
0.0586962
0.0125732
0.235158
-0.200718
0.0695754
-0.0589835
0.0673049
0.100066
-0.135966
-0.0304836
0.0260288
-0.186065
0.283912
-0.152945
0.0792316
-0.0197422
-0.0398097
0.18172
0.0197452
-0.0958422
-0.0240726
-0.255476
0.191936
-0.102819
0.119489
0.0252048
0.039908
-0.017772
0.00114156
-0.0494222
0.0608215
-0.0484499
0.0444815
-0.110173
0.0788816
-0.117965
0.0429218
0.0285065
0.116765
0.0710752
-0.0393035
-0.167708
-0.0488445
-0.040029
0.138311
-0.0376016
0.0903722
-0.10263
0.10374
0.00729638
0.0591462
-0.100826
-0.0223677
-0.0380744
0.0831868
-0.113281
0.0206034
-0.119621
0.175117
-0.00614362
0.137709
-0.0335232
-0.0394088
-0.0202821
-0.109851
-0.0445566
0.120872
-0.126696
0.200095
-0.0741623
0.0494101
0.0113422
-0.120372
0.0240811
0.0886586
-0.0939682
0.123235
-0.221205
0.0583111
-0.0705473
0.11149
0.2144
0.0154969
-0.114142
-0.0726969
-0.159758
0.177145
-0.102863
0.0244341
-0.0253353
0.048052
0.0747833
-0.00840698
-0.0258111
0.0304789
-0.02976
0.0626657
-0.0843833
0.0595548
-0.181352
0.0288227
0.039288
0.0753102
0.124426
-0.0518607
-0.063271
0.0454422
-0.18977
0.0728943
-0.0856635
0.104012
0.0627461
0.0693231
-0.102475
0.0216717
-0.0302532
0.0348859
0.0643906
0.0268304
-0.156783
-0.0433339
-0.151961
0.187937
-0.0199593
0.160235
0.0792534
-0.139697
0.065146
-0.128747
-0.088346
0.175047
-0.186338
0.219578
-0.124038
0.01741
0.0803705
-0.152283
0.112507
0.0704956
-0.0541674
0.0892454
-0.307101
0.0800048
-0.0483319
0.164134
0.0872302
-0.0979981
0.0832738
0.0193751
-0.0325026
-0.0448106
-0.202484
0.0925038
-0.0288305
0.186635
-0.0360947
-0.153207
0.118492
-0.014582
0.0454608
0.104733
-0.111597
0.0849261
-0.208216
-0.0426967
-0.022732
0.0810988
0.201446
0.0466376
-0.173903
0.0761713
-0.13058
-0.021897
0.0320796
0.00851964
0.0270355
0.0591666
-0.0791164
0.00143685
-0.0173487
0.102535
0.132478
-0.0989517
-0.0655924
-0.109142
-0.12107
0.201858
-0.0859206
0.0330133
0.066716
0.106601
0.0664528
-0.147355
-0.114254
0.0408049
-0.0401367
0.172666
-0.127671
0.00820661
-0.0144867
0.0141628
0.0116069
0.0133567
0.13275
-0.0264782
-0.137703
0.0492351
-0.250167
0.121281
0.0751756
0.0688306
0.152081
-0.101863
-0.000784718
-0.0703125
-0.144862
0.153552
-0.10867
0.139129
0.0102197
-0.212579
0.0199496
0.0524905
0.192561
0.121235
-0.19206
0.0154643
-0.148529
0.0512709
-0.000953369
-0.0694979
0.0551917
0.0845025
0.0629911
-0.00657739
-0.0470311
-0.0436856
-0.100831
0.0475692
0.0602487
0.0430002
-0.0403894
-0.0722846
-0.00751304
0.0318966
0.144544
0.0606653
-0.0375528
-0.0555594
-0.206096
0.0101958
-0.0756875
0.17692
0.0700031
-0.019324
0.0967349
-0.0799886
-0.0431388
-0.00145787
-0.0713688
0.17078
-0.0778564
0.0277525
-0.161749
-0.0834419
0.194853
0.0494107
0.123748
-0.0727149
-0.131401
0.0621988
-0.159212
0.102071
-0.0642766
-0.0266477
0.216759
-0.0295041
0.0633286
-0.043879
-0.150029
0.0570987
-0.0859113
0.17521
-0.0581119
-0.11999
0.0374945
-0.0977587
0.0725562
0.204325
0.014478
0.0527822
-0.117466
-0.153071
-0.0447044
0.00981101
0.0881648
0.0422177
0.0174213
0.0488452
-0.0112129
-0.133917
0.00975423
0.0554604
0.0262295
0.0936238
-0.151915
-0.127024
0.020754
0.129359
0.103907
0.0335771
-0.0134913
-0.046435
-0.0794414
-0.0325218
-0.0849123
0.0199556
0.00570209
0.103717
0.103194
-0.0642581
0.0400684
-0.136774
0.0342887
0.109935
-0.0596577
0.0498518
-0.140098
-0.0339119
-0.00456458
-0.0878054
0.321409
0.00798172