
374.067
-15.3474
-288.28
14.4913
292.929
-417.026
299.754
-121.988
103.422
-120.062
116.205
-75.496
33.258
-177.876
277.289
-138.975
-27.715
-0.058685
139.076
-180.747
128.061
-82.7028
36.8699
-80.9288
133.185
-96.4084
56.006
-21.7294
1.25363
-46.5898
38.6696
-2.23889
33.9698
-63.2065
27.4321
7.10742
-49.024
105.192
-86.6877
10.5188
38.1966
-63.7928
33.5051
31.463
-29.9348
-11.685
13.4357
60.4038
-127.5
76.714
34.4325
-61.0588
28.3083
35.4159
-64.2857
46.4645
-20.3113
23.8325
25.2957
-56.798
28.2817
27.7256
-38.6126
52.0138
-42.2468
58.6347
-27.8684
-17.1611
49.2899
-22.9092
0.810766
35.2855
-14.7787
2.15995
14.3629
-12.6336
16.1324
16.5317
-29.3761
36.1474
-14.4757
9.06186
15.5468
-10.9047
15.8381
-9.75261
2.80249
23.2465
-27.27
26.3325
2.6455
-7.75205
11.0708
3.4464
-15.4467
21.8028
-4.26309
5.80181
9.12893
-18.8784
24.4332
-3.63704
-15.4828
34.1416
-20.8774
7.25636
5.66814
-14.0198
19.2516
3.98177
-9.71343
9.07012
-3.85632
4.77548
2.38897
-3.22071
7.39326
2.04177
-1.81101
8.66519
-10.2834
11.0803
-0.390376
-10.2636
16.0515
-7.46648
-1.352
16.9131
-9.75196
4.35355
-1.16544
-4.21465
6.86975
2.497
4.05933
1.98771
-7.15908
2.45768
4.00707
-3.01397
6.84092
-2.68952
0.0873263
4.17609
-4.97375
4.95109
2.29996
-2.58369
8.78851
-6.92036
-3.23836
10.5216
-4.37595
0.468464
4.35927
-4.01375
2.43366
-0.351278
-1.20551
8.58968
-6.01809
-1.79273
2.11276
-0.124401
10.3836
-2.00776
-8.67191
5.43042
-1.52454
3.82847
-0.328386
-3.83436
6.65197
1.56247
-6.95558
5.7071
-4.77005
1.80557
6.27946
-1.88375
-1.28512
2.15348
-2.14292
3.48654
-2.31922
1.97877
3.15538
-0.0358228
-6.67193
0.859792
5.38178
3.86003
-4.78678
1.20929
-3.30727
2.63379
3.86551
1.01521
-2.96774
0.680264
-2.55057
6.01943
0.0781221
-0.959297
-1.09909
0.698179
-0.792144
0.00847033
1.98727
3.99243
-4.38969
1.77326
1.97613
-1.38412
-0.553513
1.94772
-0.896435
2.72389
-0.394847
1.97492
-2.14782
-4.57635
3.29066
5.00064
-2.65743
2.33066
-4.90982
-0.0721248
5.21806
0.0603994
0.42951
0.33941
-6.4869
5.70703
2.43239
-2.62617
-0.783981
0.558207
-0.926132
3.31506
-2.49605
2.46666
-2.72602
-1.91113
4.42585
2.40745
-2.90681
0.0101079
-1.88644
4.01534
-1.57274
-0.724314
1.0482
-1.40422
-1.4972
4.34387
-1.44516
-0.0659205
-3.00522
1.86045
2.08763
-1.92988
0.196682
3.98838
-5.27577
1.82304
0.465438
-0.00586221
-0.655849
-1.19119
0.898449
1.70175
-3.75329
3.16044
-1.93553
-0.113596
1.44347
-0.514841
-0.283698
1.90035
-3.85324
3.16263
-1.07511
-0.0854911
1.72829
-2.43963
-2.39603
4.65146
-3.16952
1.2328
-0.758338
0.0836661
1.01825
-0.0581925
-1.71691
1.55764
-1.83073
3.51684
-2.09868
-1.8883
1.64453
1.29504
-3.08654
2.53686
-2.89725
-0.233185
1.42576
1.88589
-2.03405
-0.756439
-0.0014852
3.04332
-3.18514
0.455958
0.688017
0.261494
-1.40134
1.03482
-0.899823
0.436253
-2.41184
2.23725
0.0615165
-1.41864
-0.358462
2.67996
-2.30704
0.163021
-0.223761
2.27166
-1.62074
-0.954124
0.50105
0.356395
-2.64702
2.85995
0.0779015
-1.95602
-1.34067
2.80058
-1.40054
-0.427917
-0.148717
2.16882
-1.27671
0.0372372
-1.02243
1.20712
-1.89391
0.992554
0.621447
-0.614034
-2.85585
2.78862
-0.800423
-0.358573
-0.325058
1.17169
-1.23547
0.636992
-1.63379
2.08696
-0.188286
0.236207
-2.15641
1.46348
-0.826176
-0.887589
-0.17601
3.11145
-3.45005
0.21294
-0.0384156
0.743698
-0.132425
1.13966
-1.57646
0.889069
-2.96771
2.84898
1.12072
-1.97827
-1.16241
1.96277
-2.69831
1.71831
-1.12126
0.246463
-0.358792
0.432151
-0.0829602
0.999775
-2.9404
2.25619
-0.318988
-0.0954566
-0.672999
-0.0676583
-0.477942
1.0062
-2.25045
2.63024
-1.45883
-1.93751
-0.0963294
2.21515
-0.9376
0.781708
-1.36593
1.04836
-2.41856
1.47379
1.46132
-1.08992
-2.35113
1.59338
-1.60244
1.40509
-1.23299
1.41679
-0.711877
-2.19523
-0.210888
3.58746
-3.26793
0.953845
0.295136
0.415592
-1.10581
-0.224285
-1.3061
2.03815
-2.35503
1.56741
-0.788248
-0.898536
-0.77395
1.95688
-0.994616
0.812588
-2.13677
1.48403
-0.83281
-0.265496
0.294871
2.34126
-2.81132
0.0431052
-1.20695
0.894063
-0.58497
0.837819
-0.615205
0.447232
-2.4473
2.53426
-0.395755
-0.646958
-0.556105
1.57001
-1.39875
0.725839
-1.75923
1.71396
-0.0704135
-0.752634
-1.27478
1.16459
-1.81035
2.03192
-1.12376
0.137535
0.213267
0.659439
-1.40995
1.53832
-2.11431
1.62004
-0.178492
-0.609039
-0.948317
1.62218
-1.77307
1.49112
-1.20101
0.210757
-0.709245
0.134413
-0.689264
2.71034
-1.47912
0.435517
-0.949823
0.525213
-0.951704
1.40803
-1.48379
1.15985
-1.63925
0.99994
-0.310372
0.199683
-1.36932
1.67524
-1.13337
0.913469
-1.27149
1.3562
-0.859531
0.699428
-0.159846
1.0503
-2.65364
1.24475
-0.979466
0.666147
-0.00802149
0.90609
-1.81411
0.994271
-1.09376
1.55636
-0.649098
0.753222
-1.32467
0.541227
-0.53568
1.7843
-1.06496
0.625441
-1.58421
0.370547
-0.741023
1.09511
-0.589506
1.05603
-1.11149
1.28535
-1.25245
0.710838
-1.09792
1.17863
-0.288776
1.14056
-1.49299
0.465851
-1.29502
1.3571
-0.773778
1.12327
-1.24633
0.125433
-1.02855
1.82635
-0.869401
1.56456
-1.09545
0.22167
-0.997555
1.09405
-0.797296
1.17155
-1.718
1.22756
-0.689179
0.660249
-0.934687
0.833625
-1.68488
1.53259
-0.747601
0.966075
-0.653832
1.0165
-1.15729
1.06821
-1.38835
0.87756
-1.26722
1.01124
-0.74826
0.943549
-0.94596
0.788784
-1.57328
1.3497
-0.877598
0.872366
-0.644817
1.01946
-1.14394
1.07262
-1.13222
1.12271
-1.43721
0.547838
-0.212766
0.591908
-1.78181
1.66685
-1.39774
1.07812
0.0845417
0.391998
-1.44356
1.1256
-1.49578
1.70312
-0.479307
0.264248
-0.435462
0.919419
-2.33631
1.44572
-0.885642
0.532276
-0.407922
1.44387
-1.40871
0.840819
-0.805679
1.14522
-0.949328
1.13943
-1.29392
0.976776
-0.790478
0.945608
-0.890017
1.47397
-2.04323
0.547616
-0.221817
1.13122
-0.631964
1.08282
-1.60171
1.47942
-0.928005
0.85576
0.0455791
0.630307
-2.03904
1.65664
-1.00044
0.427607
-0.278913
1.63861
-1.51553
0.46627
-0.910579
1.23573
-1.15327
1.32167
-0.0175259
1.23008
-2.052
0.680086
-0.179541
0.782375
-1.50082
1.89604
-1.43879
0.191794
-0.274301
1.49647
-1.36478
0.985995
-1.15665
1.12112
-1.14581
1.16013
-0.123654
0.920272
-1.74336
0.946734
-1.28886
1.1252
-0.775492
0.913804
-0.930618
0.474649
-1.46732
1.81731
-0.707208
0.57638
-1.00123
1.20523
-1.33402
0.542227
-0.836671
1.71931
-1.40488
0.650277
-0.585772
0.23423
-1.81651
1.58562
-0.596828
0.842884
-1.00435
0.984121
-1.24804
0.831774
-0.82515
1.33064
-1.58133
0.472299
-0.527709
1.08765
-1.38458
0.919464
-1.06595
0.692797
-1.3961
1.12099
-0.513254
0.672931
-1.08464
1.17487
-1.3042
1.14025
-1.0782
0.509328
-0.846208
0.565002
-1.14864
1.67303
-1.76897
0.377843
-0.186985
0.726373
-1.47489
1.35349
-1.50577
0.938181
-0.703996
0.960395
-0.81169
0.606523
-1.73197
1.34206
-1.34579
0.613496
-0.555251
0.675084
-1.41409
1.18929
-1.29639
1.19011
-1.12831
0.606259
-0.994478
1.02899
-1.05041
1.02211
-1.17706
0.892891
-1.58618
0.808139
-0.607808
0.392041
-1.28757
1.53173
-1.49279
0.978778
-0.897485
0.663556
-0.955913
0.8356
-1.04159
1.22759
-1.59674
0.639974
-0.685911
0.922521
-1.3314
1.02198
-1.45692
0.549291
-0.933833
1.27842
-0.792596
0.829733
-1.52665
0.920517
-0.856819
0.744286
-0.850817
0.934599
-1.69515
0.904464
-0.777977
0.965558
-1.35877
0.585709
-0.767093
0.853776
-1.4984
1.50751
-1.01255
0.530644
-0.765254
0.94837
-1.19389
0.691037
-1.52853
1.40359
-0.855564
0.269722
-0.922208
0.932045
-1.6472
1.34916
-0.79266
0.693229
-1.3756
0.834228
-0.74027
1.06746
-1.44449
1.13033
-1.33601
0.409903
-0.737594
1.08714
-1.59869
0.850625
-1.1399
0.964887
-0.91443
0.822481
-1.14626
0.744531
-1.25141
1.03765
-0.955692
0.985094
-1.42574
0.740595
-1.10256
0.736788
-1.31048
1.12317
-1.21748
0.527373
-0.866291
1.11758
-1.55909
0.932202
-0.877087
0.829363
-1.34811
0.824894
-1.12363
0.857234
-1.2542
0.983922
-1.41145
0.620788
-1.07806
0.886995
-1.05969
1.09824
-1.53966
0.849301
-0.939201
0.681143
-0.953944
1.12971
-1.60765
0.671655
-1.11284
0.84119
-1.07256
0.90696
-1.30487
0.861081
-1.44138
0.729052
-0.641503
0.931981
-1.23829
1.09524
-1.52211
0.603781
-0.796429
1.07635
-1.31346
0.820025
-1.44342
0.941476
-1.0693
0.675336
-0.889234
0.941681
-1.47255
0.947968
-0.826774
0.873481
-1.3463
1.1828
-1.16162
0.504752
-1.07812
1.00411
-1.25187
1.07229
-1.23508
0.610342
-1.12767
0.877188
-0.952274
1.32319
-1.45439
0.751597
-1.06773
0.666896
-0.882218
1.30768
-1.24056
0.572541
-1.44697
0.785224
-0.862212
0.950838
-1.08516
0.991577
-1.37224
0.805319
-1.08223
1.01216
-1.14059
0.946314
-0.962895
0.840673
-1.38194
0.917359
-1.18249
0.876156
-1.06366
0.749507
-1.20895
0.961019
-1.15518
1.09855
-0.988147
0.664999
-1.30591
1.01035
-1.02157
1.05262
-1.1439
0.779074
-1.33139
0.764392
-0.970232
1.11447
-1.29898
0.734532
-1.10877
0.936433
-1.11212
1.05419
-0.981395
0.922054
-1.36175
1.06096
-1.11324
0.355532
-0.887583
1.36623
-1.35541
1.0025
-1.25572
0.45909
-0.961465
1.07674
-1.10822
1.27553
-1.36738
0.816377
-0.735254
0.526069
-1.22928
1.17077
-1.2509
0.86993
-1.07753
0.784489
-1.02692
0.708629
-1.13545
1.19502
-1.32127
0.847441
-1.01232
0.851885
-1.02527
0.775219
-1.00803
1.02333
-1.52869
0.980173
-1.06502
0.53995
-1.06864
0.862659
-1.1285
1.25275
-1.38842
0.791367
-0.962146
0.348056
-0.926673
1.26767
-1.5724
1.09664
-0.913248
0.50761
-1.19538
0.713437
-1.43805
1.21612
-1.20908
0.863659
-0.860987
0.625881
-1.34423
1.02642
-1.22264
0.843422
-1.02431
0.787285
-1.17546
0.873701
-1.37226
0.96922
-1.21988
0.78378
-1.1049
0.941673
-1.41233
0.815437
-1.0574
1.10673
-1.11682
0.883293
-1.25464
0.619452
-1.36435
1.16692
-1.18604
0.841184
-1.11822
0.791563
-1.09583
0.755783
-1.34681
1.08438
-1.33041
0.793921
-0.674845
0.815893
-1.28251
1.08667
-1.56769
0.827507
-1.06233
0.621569
-0.851203
0.984118
-1.32194
1.03589
-1.37628
0.608922
-0.84313
0.895023
-1.0488
0.980836
-1.4214
0.81063
-0.986241
0.961813
-1.06276
0.844907
-1.46532
0.591441
-1.03442
1.14412
-1.00992
0.920061
-1.19847
0.75112
-1.34116
0.899658
-0.942989
0.811318
-1.16228
1.01622
-1.32431
0.894548
-1.13408
0.786166
-1.19419
0.622802
-1.06176
0.966835
-1.25794
1.28772
-1.16519
0.598891
-1.18403
0.615903
-1.26272
1.30184
-1.18626
0.847602
-1.21525
0.441797
-1.07302
1.07209
-1.22774
0.851785
-1.33756
0.753585
-1.21822
1.06792
-0.843092
0.853976
-1.54538
0.722324
-1.32237
0.805602
-0.855172
0.85157
-1.33594
0.963448
-1.34401
0.788748
-1.07685
0.646661
-1.25297
1.12182
-1.28257
0.814741
-0.950245
0.679392
-1.1691
0.83585
-1.48923
0.761259
-1.18044
0.950144
-0.905164
0.886786
-1.42822
0.691547
-1.33197
0.986367
-1.09026
0.912253
-1.20022
0.536952
-1.06198
1.09519
-1.39275
0.860839
-1.32814
0.51059
-1.06582
0.936796
-1.0851
0.994632
-1.47191
0.891563
-1.11112
0.576577
-1.18022
0.871808
-1.31546
1.04457
-1.20239
0.74223
-1.09318
0.657331
-1.37133
0.971681
-1.34156
0.756525
-0.963803
0.898196
-1.1526
0.941073
-1.39795
0.668745
-1.23864
0.773441
-1.02996
1.00222
-1.26405
0.795317
-1.19994
0.783362
-1.2678
0.832
-1.1806
0.8147
-1.11519
0.983096
-1.11036
0.778144
-1.19247
0.779681
-1.32427
0.864239
-1.11277
0.911563
-1.21428
0.911587
-1.03424
0.808396
-1.26525
0.8821
-1.36507
0.948034
-0.927694
0.793218
-0.994348
0.891797
-1.43646
1.12622
-1.29116
0.652329
-0.962292
0.714011
-1.06852
1.27338
-1.27258
0.975541
-1.29442
0.529374
-0.858106
0.866371
-1.2324
1.27249
-1.32972
0.850151
-1.0002
0.707865
-1.19853
0.86616
-1.29589
1.12654
-1.06413
0.805028
-0.995381
0.815212
-1.20501
0.97568
-1.21665
0.797042
-1.31386
0.978736
-0.846777
0.887631
-1.26146
0.91406
-1.35628
0.74585
-0.963727
0.876635
-1.15693
0.976287
-1.1746
1.0811
-1.21871
0.620954
-1.12295
0.783281
-1.27986
1.21316
-1.15191
0.814993
-1.10211
0.727609
-1.04638
0.880811
-1.52106
1.07639
-1.11384
0.892422
-0.852736
0.788153
-1.43497
0.912002
-1.26525
0.966575
-1.12066
0.737686
-0.985239
0.857173
-1.30558
1.14324
-1.16345
0.681552
-1.13404
0.789549
-1.16769
0.929315
-1.14987
1.18268
-1.21607
0.701553
-1.15051
0.621646
-1.21758
1.04853
-1.00679
1.11516
-1.2968
0.709115
-1.02368
0.781689
-1.2299
1.09122
-1.26034
0.778601
-1.01835
0.965479
-1.02477
0.841833
-1.27098
0.806693
-1.22611
0.881604
-0.933312
1.15326
-1.266
0.808273
-1.10328
0.725957
-1.09048
1.05343
-1.18398
0.841322
-1.24772
0.867661
-0.809644
0.911822
-1.18674
1.00175
-1.5173
0.705743
-0.89045
1.10073
-0.968659
0.929939
-1.25388
0.739312
-1.39787
0.966658
-0.894088
0.898194
-1.14171
0.907957
-1.1691
0.902881
-1.197
1.06355
-1.14286
0.62722
-1.07589
0.921673
-1.14436
1.17309
-1.13084
0.72829
-1.24439
0.659096
-0.988438
1.15321
-1.28668
1.02861
-1.15112
0.65033
-0.970657
1.0917
-1.19062
0.791823
-1.29069
0.775208
-0.933394
0.976591
-0.972158
1.06475
-1.45978
0.695888
-1.09088
0.79062
-0.975398
1.22075
-1.13765
0.889742
-1.25085
0.638626
-0.98962
0.941415
-1.22381
1.13214
-1.21247
0.713355
-0.971906
0.928237
-1.12049
0.915737
-1.30404
0.927302
-1.12915
0.885141
-0.936665
0.974175
-1.31389
0.864405
-1.11596
0.872014
-1.24988
0.995455
-1.14964
0.720734
-0.9523
1.10069
-1.28896
0.890185
-1.26863
0.765622
-1.0256
0.794415
-1.05684
1.16971
-1.39589
0.887301
-1.04269
0.519452
-1.25079
1.11115
-1.26665
1.07699
-1.02047
0.664537
-1.14797
0.733973
-1.25608
1.13644
-1.24055
0.67432
-1.04642
0.913134
-1.27771
0.961384
-1.24822
0.792662
-1.19404
0.889866
-1.15193
0.835118
-1.2354
0.994325
-1.09599
0.820564
-1.25007
0.852865
-1.39104
0.840568
-1.07765
1.01951
-1.21817
0.818006
-1.14097
0.821899
-1.2956
0.85908
-1.19594
0.915493
-1.13212
1.01455
-1.12816
0.644203
-1.30035
0.941431
-1.32743
0.944156
-1.07184
0.820774
-1.10901
0.774916
-1.19954
0.982717
-1.32115
0.862676
-1.02023
0.722412
-1.14643
0.957225
-1.29819
0.932803
-1.18216
0.835328
-1.15111
0.673137
-1.18263
0.997885
-1.21391
0.992994
-1.0305
0.767485
-1.28319
0.7719
-1.18954
0.969817
-1.14825
0.911164
-1.14732
0.787964
-1.17501
0.815539
-1.15731
0.822446
-1.20796
0.999741
-1.12482
0.853876
-1.07484
0.894563
-1.33576
0.819994
-1.11772
0.872953
-1.20606
0.938749
-1.09433
0.813674
-1.20301
0.810999
-1.16094
0.885721
-1.06984
1.0051
-1.34944
0.790989
-1.04118
0.940101
-1.08506
0.8394
-1.33622
0.800221
-1.2704
0.986475
-0.949469
0.840162
-1.16432
0.845167
-1.31102
0.950131
-1.11839
0.86827
-1.08129
0.788247
-1.09293
0.912933
-1.26879
0.867123
-1.15222
0.812758
-1.18228
0.88206
-1.13625
0.943401
-1.02966
0.892013
-1.26854
0.776056
-1.19702
0.992911
-1.04056
0.869362
-1.18992
0.727231
-1.22461
1.01083
-1.06622
0.807119
-1.20885
0.794624
-1.16536
1.04342
-1.1019
0.948042
-1.19047
0.721044
-1.18092
0.897676
-1.19399
0.955504
-1.15724
0.789467
-1.08312
0.763956
-1.12757
0.989752
-1.33928
0.981121
-1.15652
0.709994
-0.929243
0.944257
-1.17708
0.859104
-1.4143
0.82255
-1.10915
0.881574
-0.998274
0.858193
-1.2884
0.911639
-1.3192
0.971309
-1.06272
0.863361
-1.04858
0.651862
-1.21136
1.06065
-1.24008
0.95483
-1.14291
0.660015
-1.16821
0.817406
-1.1794
1.14668
-1.17285
0.846909
-1.15795
0.727382
-1.04634
1.01495
-1.21877
0.87484
-1.22741
0.84223
-1.00297
0.949795
-1.26027
0.852302
-1.19605
0.832592
-1.07915
1.05074
-1.11258
0.9818
-1.15222
0.824634
-1.15276
0.85103
-1.11955
1.06788
-1.16098
0.912469
-1.22826
0.848984
-1.09331
0.975031
-1.04105
0.904897
-1.21776
0.941402
-1.04174
0.972957
-1.01006
0.861933
-1.21061
0.940981
-1.20823
0.995909
-1.16068
0.860677
-1.01281
0.858163
-1.04559
1.06566
-1.37236
0.97693
-0.995399
0.755371
-0.889766
0.973773
-1.31346
1.12498
-1.28852
0.790656
-0.977198
0.71967
-1.06823
1.10751
-1.30851
1.03517
-1.10995
0.777779
-1.02517
0.949524
-1.11091
0.966871
-1.28086
0.922492
-1.09016
0.878788
-1.09284
0.879437
-1.20043
0.876112
-1.19168
0.97297
-1.08747
0.901567
-1.026
0.907654
-1.18707
0.943743
-1.21644
0.870871
-1.15134
0.884137
-1.05947
0.961665
-1.25987
0.804496
-1.10668
0.850553
-1.10625
1.00205
-1.12912
0.893181
-1.08499
0.86739
-1.13558
0.903318
-1.27878
1.00475
-1.19076
0.774242
-0.983195
0.799721
-1.20835
1.01631
-1.19418
0.961744
-1.13438
0.773919
-0.995935
0.88428
-1.18022
1.0756
-1.25706
0.822562
-1.07353
0.726599
-1.09101
0.852701
-1.20305
1.00633
-1.07249
0.94517
-1.10081
0.776408
-1.26887
0.961517
-1.00096
1.01344
-1.19803
0.852136
-1.21525
0.776818
-1.12583
0.945899
-1.14565
0.900735
-1.14587
0.910962
-1.1957
0.954033
-1.07854
0.97231
-1.16734
0.835333
-1.16407
0.835514
-1.25538
1.05702
-1.05583
0.788643
-1.20076
0.771694
-1.18094
1.06181
-1.17484
0.996137
-1.11987
0.735935
-0.999239
1.01355
-1.31493
0.922055
-1.22359
0.721873
-0.98365
0.901354
-1.10243
0.983576
-1.43797
0.910765
-1.04577
0.848334
-0.996238
0.981546
-1.20959
0.911354
-1.20554
0.880115
-1.11186
0.81298
-1.02725
0.857536
-1.33556
0.940112
-1.17064
0.993224
-1.01922
0.913565
-1.16372
0.751327
-1.18225
1.04458
-1.03653
0.92783
-1.21711
0.833729
-1.17509
0.865699
-1.16062
0.946302
-1.2542
0.91366
-1.0455
1.01625
-1.14098
0.848267
-1.13482
0.855532
-1.19861
1.03347
-1.1123
0.923665
-1.27338
0.85582
-1.10779
0.724948
-1.15171
1.16052
-1.31769
0.929703
-1.07162
0.750167
-1.01057
0.957379
-1.15882
1.0078
-1.35421
0.77132
-1.07305
0.809656
-1.06914
0.952676
-1.22796
0.863737
-1.32186
0.958355
-1.0068
0.763565
-1.02012
0.902322
-1.17079
1.00282
-1.28105
0.853094
-1.23558
0.749615
-1.02802
0.933199
-1.28694
0.999714
-1.18643
0.758971
-1.10119
0.849984
-1.058
1.00068
-1.20597
0.897118
-1.17833
0.805808
-1.17119
0.963504
-1.23593
0.788284
-1.08711
0.809371
-1.20152
1.01148
-1.11229
0.903714
-1.13412
0.835721
-1.05867
0.851839
-1.18563
0.975917
-1.20209
0.875299
-1.10702
0.810434
-1.15793
0.79842
-1.16269
0.979019
-1.20256
1.01528
-0.963729
0.826809
-1.14184
0.804433
-1.21018
1.05399
-1.18467
0.93108
-1.06089
0.674251
-1.14287
0.934664
-1.22997
0.980353
-1.08554
0.847972
-1.0197
0.823041
-1.06138
1.06204
-1.28178
0.923015
-1.07907
0.725281
-1.07213
0.926691
-1.19801
0.935155
-1.16182
0.858388
-1.04354
0.865466
-1.10257
1.03662
-1.16903
0.885387
-1.06259
0.975652
-1.12242
0.911728
-1.21367
0.823669
-1.166
0.896813
-1.03057
1.01606
-1.19172
0.91991
-1.11213
0.845453
-1.03494
1.08172
-1.12589
0.918507
-1.16299
0.935067
-1.08952
0.829675
-1.11496
0.887798
-1.14395
0.97172
-1.12573
0.988103
-1.09026
0.933573
-0.992971
0.883824
-1.16659
1.13341
-1.18741
0.926775
-1.03771
0.72192
-1.01762
0.941252
-1.22913
1.13123
-1.2113
0.809016
-0.960838
0.907353
-0.968526
1.12776
-1.21731
0.940869
-1.16292
0.845277
-0.945279
0.932354
-1.12433
0.950266
-1.22795
0.918784
-1.12168
0.985019
-1.01821
0.905116
-1.04992
0.995256
-1.1283
0.999576
-1.0936
0.915499
-1.09191
0.809125
-1.09251
0.965324
-1.20628
1.04314
-1.1596
0.798605
-1.06665
0.987015
-1.04599
1.0588
-1.15925
0.898474
-1.16134
0.93881
-1.053
0.97824
-1.13305
0.764283
-1.21226
0.972095
-1.21242
1.05648
-1.02463
0.791869
-1.05408
0.92619
-1.17864
1.1152
-1.1881
0.96219
-1.0452
0.723602
-1.09032
0.954974
-1.25988
0.986759
-1.15854
0.854419
-1.04729
0.900954
-1.05569
1.03006
-1.20568
0.948776
-1.08474
0.925386
-1.04664
0.979456
-1.17816
0.792391
-1.18855
0.981087
-1.14885
0.998764
-1.05753
0.878449
-1.15256
0.931306
-1.03987
1.07974
-1.0314
0.890373
-1.10444
0.828366
-1.15106
1.04826
-1.07511
0.861616
-1.15233
0.9367
-1.16099
0.97425
-1.02379
0.973488
-1.00649
0.935341
-1.06498
0.988888
-1.20919
1.00132
-1.01182
0.806968
-1.08059
0.950804
-1.24255
1.07519
-1.1589
0.84025
-0.91514
0.828435
-1.03169
1.17326
-1.23442
1.02072
-1.0717
0.761985
-1.00037
0.937641
-1.14457
1.01629
-1.28756
0.908414
-1.03857
0.874196
-0.998143
0.8782
-1.08166
1.05506
-1.14066
1.0124
-1.10934
0.805137
-0.974484
0.93612
-1.20629
0.948603
-1.27479
0.916945
-1.06155
0.877396
-0.970547
0.961048
-1.21292
0.997918
-1.13907
0.879727
-0.951803
0.983072
-1.1825
0.962813
-1.15575
0.77567
-1.16643
0.869589
-1.09108
1.05965
-1.15416
0.864562
-1.08425
0.858854
-1.02026
1.06939
-1.18044
0.911943
-1.13542
0.866657
-1.03881
0.880379
-1.22084
0.911213
-1.21367
0.911508
-1.03137
0.862015
-1.12047
0.950239
-1.08262
1.03857
-1.12982
0.921688
-1.16302
0.851722
-1.15672
0.933642
-1.15993
0.932441
-1.16446
0.8833
-1.14142
0.771394
-1.10663
1.01399
-1.05721
1.06265
-1.1716
0.860942
-1.12963
0.842361
-1.11873
0.995046
-1.23547
0.840712
-1.1422
0.816593
-1.10392
1.0292
-1.17758
0.89045
-1.16339
0.913054
-1.01158
0.9901
-1.18021
0.933375
-1.12561
0.83518
-1.15523
0.840509
-1.24214
0.965887
-1.134
0.90792
-1.09992
0.949226
-1.07984
0.981638
-1.2311
0.879912
-1.05805
0.95838
-1.04785
0.966467
-1.18059
0.80988
-1.29522
0.86904
-1.11641
0.99586
-0.928469
0.848625
-1.17554
0.977639
-1.21072
1.11354
-1.05032
0.803208
-0.978438
0.813652
-1.25893
1.09052
-1.19777
0.938702
-1.03725
0.692024
-1.11438
0.970948
-1.12306
1.18183
-1.10518
0.921243
-1.0111
0.858218
-1.11915
0.910835
-1.162
0.965293
-1.1135
0.947397
-1.12474
0.888466
-1.07831
0.889967
-1.16445
0.987904
-1.07126
1.08785
-0.958996
0.924419
-1.12271
0.794232
-1.12991
0.9166
-1.09637
0.971236
-1.15659
0.870275
-1.11267
0.954848
-1.03003
0.955588
-1.16514
0.948225
-1.09444
1.02915
-1.01214
0.895644
-1.06822
0.820187
-1.17963
0.932693
-1.27492
0.956951
-1.03693
0.841292
-0.994799
0.987772
-1.16155
1.06892
-1.16163
0.813264
-1.00572
0.898174
-1.06671
1.0631
-1.20657
0.947568
-1.23463
0.684291
-1.0865
0.981258
-1.03007
1.10342
-1.16637
0.887594
-1.01764
0.912447
-1.02559
0.916456
-1.18651
0.966202
-1.14322
0.96767
-1.11245
0.904018
-1.08808
0.815586
-1.17509
1.01177
-1.11688
1.10462
-0.994201
0.880423
-0.977827
0.931911
-1.16534
0.950079
-1.21026
0.883207
-1.084
1.01976
-1.07632
0.936287
-1.0767
0.850993
-1.18674
1.00157
-1.06011
1.11814
-0.98512
0.907659
-0.966826
0.81365
-1.23159
1.03914
-1.31099
0.96867
-0.96834
0.803825
-0.94299
0.962031
-1.22094
1.13766
-1.20901
0.873824
-0.941242
0.917078
-0.947154
1.0826
-1.27285
0.963257
-1.2877
0.901859
-0.973306
0.842052
-1.11811
0.944919
-1.11672
1.14033
-1.03834
0.987423
-1.07593
0.733333
-1.04133
1.0825
-1.18201
1.0796
-1.11437
0.880803
-1.0549
0.785511
-1.19844
0.942896
-1.13368
1.1364
-0.889188
0.918371
-1.09348
1.04687
-1.20393
0.943201
-1.09855
0.914978
-1.09134
1.03245
-1.08068
0.961166
-1.15616
0.773448
-1.07085
1.00921
-1.07725
1.20641
-1.10517
0.904035
-0.983004
1.00774
-1.0557
0.919323
-1.30654
0.939335
-1.06574
0.956921
-0.926414
0.90352
-1.13466
0.991288
-1.12112
0.995889
-1.12742
0.995981
-0.874185
0.945327
-1.03335
1.07796
-1.31011
0.906705
-1.15697
0.801591
-0.982828
0.948615
-1.07817
1.15378
-1.17135
0.97697
-1.03947
0.730743
-1.07766
1.11138
-1.02675
1.13552
-1.20066
0.766652
-1.1087
0.815475
-1.07868
0.979749
-1.21346
0.953537
-1.06091
1.02807
-1.02687
0.957159
-1.05831
0.896437
-1.20119
0.886543
-1.09424
0.980596
-1.03507
0.90409
-1.1278
0.772624
-1.22384
0.909442
-1.17806
1.07943
-1.04573
1.03885
-1.0009
0.816183
-1.12473
0.942072
-1.28016
0.942066
-1.16974
0.896177
-0.974651
0.883922
-1.11434
0.854959
-1.36696
1.00209
-1.06904
1.01148
-0.9185
0.855097
-1.09392
0.978509
-1.25395
1.02051
-1.16697
0.70564
-1.06837
0.846545
-1.12205
1.08215
-1.1431
1.01076
-1.14802
0.742785
-1.01118
0.936244
-1.10994
1.12543
-1.0255
0.876006
-1.11335
0.777305
-1.2626
0.883805
-1.13266
0.99835
-1.0552
0.953961
-1.05359
1.0293
-1.11093
0.809712
-1.09234
0.885687
-1.06398
1.11204
-1.03593
0.852327
-1.22664
0.80853
-1.14554
0.895116
-1.09668
0.96694
-1.07709
0.983029
-1.01345
0.955333
-0.994356
0.851987
-1.17285
0.924356
-1.24713
1.02026
-1.02103
0.876522
-1.05663
0.840323
-1.219
0.968286
-1.33441
1.00273
-0.874867