
0
-317.746
-49.5193
365.686
-287.669
51.6903
166.043
-149.714
68.3219
-63.2071
72.4611
-86.7189
-5.58533
72.9965
93.0144
-232.754
151.429
12.4348
-24.5858
-78.0668
131.978
-136.989
101.108
-45.0493
98.9857
-149.847
152.874
-143.688
99.6373
-81.3003
126.166
-99.3048
73.5128
-110.597
152.261
-147.273
152.644
-96.8197
11.5924
18.582
13.6789
-55.0617
119.395
-101.757
55.7818
-50.755
109.315
-127.141
56.5412
55.9746
-38.6586
-33.3259
94.6337
-91.9457
51.9975
-4.80176
13.2124
7.31413
-14.4557
-30.2753
90.3619
-78.5065
61.1222
-34.8052
26.8515
-2.16701
-32.4242
34.364
12.5393
-44.5511
56.7588
-33.5245
4.92012
-5.40834
13.7166
-24.6264
43.8757
-52.6124
34.8418
-11.6298
-1.18035
3.96734
-0.111266
-17.2628
20.0756
-33.2743
42.3681
-40.4622
19.976
-1.15587
-6.39914
-11.3918
19.8462
-32.3059
24.5969
-8.72648
0.44614
-3.73764
-3.9347
-9.37337
26.3342
-44.9987
39.3401
-22.1359
-4.16575
3.99124
-4.56765
-4.91159
21.7537
-32.8696
16.8139
-13.6201
8.71553
-9.68662
6.07875
-11.629
15.0203
-21.5862
16.2312
-19.7951
10.1522
-5.60903
-4.28453
-2.7204
12.7743
-25.179
26.7527
-20.7269
3.44638
-7.31804
2.95921
-6.26986
12.6374
-14.5699
9.49353
-19.4404
8.89795
-5.74907
5.62867
-10.3757
10.1819
-17.7899
14.8015
-16.3214
10.1262
-7.57308
4.07672
-8.78688
7.69821
-20.6994
20.4017
-14.0566
4.10145
-6.98332
5.99388
-13.3876
12.5318
-15.6659
15.1321
-14.8997
3.17887
-5.87964
9.08173
-7.342
8.92795
-23.8188
14.1915
-8.87471
8.02037
-9.52959
4.11457
-7.90001
12.3025
-19.8677
11.8234
-9.84988
5.94433
-3.72455
5.7957
-14.8742
10.8644
-12.1556
9.47897
-10.5429
7.009
-7.60871
6.5029
-15.3367
8.65362
-3.94136
9.83746
-15.6935
6.35184
-9.02643
8.00817
-5.28228
6.33799
-13.3973
7.30964
-9.48869
9.84663
-7.4214
2.53604
-9.32564
7.03905
-8.48275
6.82955
-7.54226
9.23347
-12.3084
5.15783
-5.28089
4.45213
-9.91623
8.53319
-9.18623
7.13717
-8.56681
5.28181
-9.27886
2.77237
-5.75255
12.178
-12.3494
5.29457
-9.53315
4.3608
-2.19671
6.08996
-11.4173
6.97481
-12.8656
9.08611
-3.33075
1.20908
-9.61172
7.72028
-8.76051
8.09413
-9.14565
5.18643
-7.40528
3.05413
-3.60568
8.08034
-12.1499
4.95813
-7.90085
7.71577
-7.23405
2.64566
-6.02219
5.24934
-9.14232
9.10767
-7.90819
3.31184
-7.9558
6.05589
-4.22326
3.67008
-8.76328
8.98769
-10.7674
4.18749
-3.90378
3.59241
-7.14497
4.53041
-6.61397
7.41708
-9.99223
6.32969
-5.81573
3.10446
-4.56608
4.86006
-8.10179
6.94649
-9.23283
5.86195
-4.9878
2.69223
-4.9645
3.81368
-9.35986
9.41244
-7.31492
3.25955
-4.68458
3.75095
-5.15697
4.81238
-8.16973
6.18413
-6.82059
5.80448
-6.22354
1.53561
-4.23368
6.46852
-9.07583
5.60355
-6.01389
3.09504
-3.32617
5.52975
-7.70192
3.34697
-5.23461
6.6547
-7.59819
3.02606
-3.73541
4.09776
-6.90402
4.87198
-5.83977
4.2811
-6.53094
5.2846
-4.19553
2.50139
-5.92212
6.65991
-6.87012
3.21511
-4.55464
5.14685
-6.18144
2.34931
-4.58715
5.0964
-7.3215
5.72397
-4.17614
1.77721
-6.26742
6.85661
-5.55827
2.84083
-4.78361
5.59011
-6.15787
3.11883
-5.51234
4.75592
-5.8196
4.00718
-4.12218
3.43051
-7.29884
6.09195
-4.17597
2.52754
-4.84147
4.90914
-5.8549
4.08249
-5.51515
4.89743
-4.49606
2.98704
-6.26319
4.44299
-4.40374
2.91613
-4.8691
6.27177
-6.85477
2.42848
-2.94339
4.05329
-4.85092
4.20114
-6.06749
3.88152
-5.63095
4.59132
-2.45281
0.982527
-6.19663
5.9511
-5.95284
3.80621
-3.72906
2.71922
-3.96073
3.73519
-4.69197
4.21629
-6.39475
4.31129
-3.18758
2.07062
-4.64492
3.50369
-4.77649
4.51636
-5.82687
4.45065
-4.10414
1.08262
-3.62007
5.92848
-5.06329
3.11514
-5.03853
3.67348
-4.94531
3.55757
-2.35734
2.09469
-6.73374
5.18896
-4.3553
3.69114
-4.07677
3.22526
-3.95577
1.66572
-4.30427
6.96432
-6.10163
2.23217
-2.36226
2.79
-5.01553
3.16378
-4.7254
4.9181
-4.8872
3.127
-3.18827
1.97154
-3.98657
5.03306
-4.38312
2.97173
-4.77688
3.58059
-3.20477
2.42399
-3.50085
4.68614
-5.9446
2.02979
-3.16784
3.63614
-3.4025
3.32955
-4.06374
3.25895
-4.99243
4.36792
-2.70287
1.46755
-3.91052
4.35017
-4.53507
2.89728
-4.09161
3.53844
-2.90396
1.79261
-4.59875
4.40978
-4.24593
3.84872
-3.25461
2.07939
-2.98829
3.45727
-4.89463
3.80689
-4.30646
3.05864
-2.64654
1.80286
-4.20578
4.39554
-4.34298
3.09791
-3.35819
2.24795
-3.27934
3.20546
-3.70018
4.6657
-4.21658
1.7887
-3.4614
2.95795
-3.73048
3.58914
-4.03715
2.89512
-3.63049
2.76441
-2.76041
2.55239
-4.11787
3.86195
-3.49259
2.63957
-3.54553
3.08634
-3.19395
2.49152
-3.27327
3.04405
-4.98723
2.94539
-2.45535
2.48536
-2.7532
2.97316
-4.45487
2.98946
-3.04752
3.13023
-3.07055
2.26283
-3.70264
2.64141
-2.97982
3.43362
-3.74651
2.01885
-3.69695
2.5242
-2.80628
3.25683
-3.21286
2.88533
-3.72971
2.88821
-3.50491
2.4123
-3.19263
2.9603
-2.91166
2.64524
-4.09971
2.31547
-3.29232
3.20066
-2.98975
2.53411
-3.5203
2.18511
-3.14027
3.72896
-3.15028
2.49059
-3.38553
1.72896
-3.21603
3.0481
-3.21461
2.73197
-3.75659
2.57549
-2.63305
2.20262
-3.33011
2.70594
-3.59378
3.00998
-2.56133
2.21895
-3.04491
2.46475
-3.53432
2.47236
-3.36461
2.33949
-3.00272
2.51931
-2.72867
2.42119
-3.20708
2.418
-3.42484
2.79051
-2.58917
2.1882
-2.84821
2.47935
-3.37049
2.43582
-3.11895
2.34969
-3.12766
2.01067
-2.35614
2.51432
-3.88721
3.12044
-2.6906
2.04977
-2.04752
1.9427
-3.85191
2.86563
-3.04044
2.69792
-2.29533
1.49798
-3.03573
2.71393
-4.11433
2.7167
-2.05468
1.9053
-2.48221
2.84398
-3.42914
2.05076
-2.59738
2.47958
-2.97418
2.30647
-3.08383
2.17637
-2.5954
2.27555
-2.98377
2.51716
-3.4207
1.7178
-1.68308
2.56251
-2.97976
2.30542
-3.42328
2.41494
-2.37624
1.76244
-2.31159
2.03883
-4.06311
2.73391
-2.25122
1.54197
-2.33273
2.75801
-3.50487
1.54777
-2.51048
2.59272
-2.7962
2.24973
-2.23474
1.98021
-3.94363
1.69532
-1.89635
2.18887
-3.53689
2.68672
-2.74315
1.13601
-2.07072
2.73187
-3.36556
1.82392
-2.69759
2.06469
-2.62481
1.98358
-2.21552
1.79508
-3.74244
1.953
-2.54907
2.03775
-2.34114
1.79107
-2.787
1.77568
-2.99505
2.72308
-2.25417
1.27577
-2.84789
2.16987
-2.89919
1.61441
-2.42584
2.51517
-2.93199
1.21076
-2.25548
1.63424
-3.26937
2.72912
-1.92726
1.56305
-2.79148
1.91334
-2.78396
1.81362
-2.4287
2.09628
-2.97993
1.36242
-2.02558
2.1652
-3.04543
1.77728
-2.45382
1.73761
-2.65156
2.10104
-2.01714
1.66235
-2.88966
2.15008
-2.75765
1.78059
-2.42162
1.39906
-2.4207
1.91968
-2.79048
2.4912
-2.83863
1.12111
-1.63188
2.04069
-3.2478
2.28186
-2.57101
1.61836
-1.98312
1.74613
-2.59786
1.61209
-3.1051
2.18375
-2.2269
1.37698
-1.94802
1.84177
-2.93032
2.17249
-2.41359
1.79641
-2.26787
1.41125
-2.28571
1.98034
-2.44684
1.76185
-2.53523
1.62737
-2.58497
1.63103
-1.80633
1.59078
-2.74436
2.46677
-2.4827
1.45253
-1.9414
1.47286
-2.31728
1.82935
-2.45579
1.944
-2.65112
1.37663
-1.83044
1.84646
-2.67503
1.76019
-2.3705
1.47689
-1.90505
2.12079
-2.17436
1.46131
-2.68708
1.67698
-1.90366
1.57384
-2.30338
1.79166
-2.77228
1.67964
-1.77427
1.6794
-2.50167
1.46874
-1.95846
1.9097
-2.63256
2.06193
-1.94355
1.08334
-2.07829
1.80379
-2.55959
1.56054
-2.46166
1.99637
-1.82473
1.00901
-2.27699
2.04693
-2.6457
1.94225
-1.75317
1.25179
-2.46042
1.67441
-1.89985
1.77211
-2.62526
1.58187
-2.13988
1.15314
-1.8505
1.95581
-2.64332
1.50808
-1.88854
1.63147
-1.9629
1.48447
-2.28683
1.54621
-2.23379
1.76731
-2.0257
1.53366
-2.4246
1.38451
-1.98627
1.56288
-2.21474
1.77589
-2.02
1.26557
-1.90978
1.90157
-2.47013
1.47528
-1.74147
1.45408
-2.33035
1.5215
-1.99222
1.56558
-2.15884
1.59155
-2.13066
1.33717
-1.81324
1.72122
-2.01051
1.69036
-2.26672
1.36688
-1.64402
1.4158
-2.02487
1.75341
-2.40527
1.25824
-1.71606
1.59417
-1.92064
1.57316
-2.10844
1.49
-1.97311
1.45864
-1.46416
1.67121
-2.30645
1.6084
-2.14258
1.23574
-1.54422
1.75145
-2.2338
1.37232
-2.01342
1.52496
-1.63868
1.35023
-1.77841
1.66666
-2.21654
1.53685
-1.57606
1.47092
-2.18591
1.60702
-1.81816
1.0754
-1.84287
1.74256
-1.99221
1.51344
-1.86277
1.19535
-1.77045
1.6505
-1.77348
1.72793
-2.13738
1.08073
-1.6126
1.35804
-1.72673
1.76154
-2.1021
0.993671
-1.97221
1.51906
-1.48516
1.57717
-1.96015
1.4775
-2.02703
1.33203
-1.66531
1.53346
-1.81878
1.36599
-1.75122
1.31841
-2.0788
1.41887
-1.70629
1.35563
-1.70919
1.33292
-1.86266
1.54859
-1.74593
1.47121
-1.69673
1.13946
-1.96118
1.57322
-1.64028
1.39791
-1.8606
1.17635
-1.88235
1.35267
-1.56911
1.56582
-1.92307
1.16581
-1.6416
1.48022
-1.71751
1.44008
-1.69454
1.25795
-1.96933
1.3289
-1.58962
0.948923
-1.61184
1.90998
-2.0255
1.11517
-1.67636
0.976727
-1.52005
1.70045
-1.79636
1.44427
-1.83697
0.947887
-1.35876
1.07341
-2.00463
1.64917
-1.77102
1.12281
-1.60228
1.18736
-1.67725
1.2694
-1.80602
1.57852
-1.82115
1.0786
-1.51254
1.21774
-1.69639
1.22249
-1.77173
1.40495
-2.03979
1.19251
-1.43895
0.977036
-1.65486
1.4735
-1.74673
1.49915
-1.82205
0.921924
-1.41492
0.986869
-1.68466
1.81893
-2.07064
1.15871
-1.33991
0.838814
-1.83899
1.37038
-1.82593
1.57831
-1.47486
1.0301
-1.41618
1.0701
-1.91915
1.45841
-1.58893
1.14382
-1.51895
1.19292
-1.752
1.3001
-1.77756
1.29635
-1.5319
1.13357
-1.53707
1.31355
-1.74759
1.18527
-1.37208
1.37516
-1.60502
1.04568
-1.69399
1.03968
-1.64145
1.50105
-1.42505
1.00345
-1.46662
1.11045
-1.53724
1.18168
-1.69142
1.38139
-1.46683
1.02181
-1.1378
1.18697
-1.91898
1.31673
-1.7322
0.980001
-1.16966
1.02498
-1.34698
1.39185
-1.80441
1.19271
-1.53407
0.903009
-1.16483
1.32394
-1.63166
1.23643
-1.75259
1.06642
-1.27719
1.2142
-1.56893
1.05184
-1.74664
1.02234
-1.24194
1.4873
-1.46018
1.03016
-1.64185
1.00881
-1.58585
1.20368
-1.26994
1.10695
-1.63324
1.24416
-1.61845
1.02928
-1.38636
1.00341
-1.49338
1.03982
-1.41717
1.38709
-1.60265
1.30249
-1.44777
0.660994
-1.49575
1.1005
-1.51969
1.5087
-1.41629
0.799043
-1.45038
0.81714
-1.3756
1.45809
-1.55978
1.0107
-1.52054
1.04718
-1.33176
1.26418
-1.23791
0.936056
-1.85383
0.957264
-1.29285
1.11806
-1.11996
1.13107
-1.69066
1.13987
-1.43583
0.951311
-1.23591
1.00443
-1.47553
1.34892
-1.38193
0.881726
-1.19015
0.94686
-1.55024
1.15198
-1.60356
1.06814
-1.17703
1.20163
-1.2081
1.03348
-1.69523
0.95825
-1.32835
1.23154
-1.18442
0.998025
-1.38341
0.845539
-1.30767
1.37006
-1.56519
0.910677
-1.30047
0.841908
-1.14556
1.33361
-1.35038
1.13775
-1.5604
0.958273
-1.1217
0.849818
-1.3369
1.24183
-1.38775
1.1707
-1.22668
0.850823
-1.23787
0.987976
-1.45764
1.24344
-1.23606
0.96443
-1.01972
1.13662
-1.38388
1.05879
-1.43912
0.874031
-1.15474
1.11943
-1.11044
1.20328
-1.37983
0.933901
-1.23261
1.02585
-1.26765
1.08629
-1.16015
1.07086
-1.16653
1.14997
-1.23084
0.926262
-1.30804
1.04312
-1.31145
1.12388
-1.09409
1.10418
-1.24156
1.05034
-1.12385
0.984939
-1.36125
1.09051
-1.24515
1.08038
-0.916718
0.955116
-1.25757
1.10779
-1.50865
1.14374
-1.11118
0.729283
-0.954352
1.08125
-1.24675
1.37927
-1.34499
0.811178
-1.18751
0.698381
-0.933021
1.23264
-1.41771
1.27653
-1.26876
0.723461
-0.998337
0.849757
-1.29209
1.09489
-1.23115
1.1439
-1.0121
0.778084
-1.12616
0.951296
-1.32928
1.05604
-1.22524
0.879444
-1.19928
1.06195
-0.90203
0.908891
-1.42018
0.940789
-1.23741
0.853518
-0.925985
1.0503
-1.25983
1.05043
-1.20602
0.980734
-1.19928
0.651758
-1.11809
1.0547
-1.23617
1.2181
-1.06282
0.700643
-1.0964
0.852113
-1.1519
1.05549
-1.41678
1.07337
-0.868313
0.810424
-0.961892
0.837122
-1.47929
0.989309
-1.04048
0.941615
-0.971899
0.78246
-1.01652
1.00578
-1.2954
1.07537
-1.03613
0.633531
-1.06826
0.96345
-1.11153
1.05099
-1.09086
1.04864
-1.12635
0.583436
-1.04506
0.84727
-1.09172
1.20951
-0.95862
0.964411
-1.22482
0.638005
-0.935956
0.932763
-1.18527
1.08862
-1.06992
0.733944
-0.891248
0.974515
-1.06385
0.817025
-1.22722
0.874442
-1.02776
0.977062
-0.882071
1.04994
-1.23576
0.6581
-0.976855
0.810797
-1.04427
1.06903
-1.11473
0.770468
-1.05823
0.882593
-0.805221
0.913499
-1.31315
0.912793
-1.25761
0.715356
-0.657314
1.08601
-1.0693
0.755246
-1.27005
0.724408
-1.13024
0.979785
-0.728215
0.831973
-1.15548
0.855221
-1.08495
0.850897
-1.05716
0.898289
-0.987222
0.58128
-0.980048
1.02067
-1.0686
0.986789
-1.03741
0.544981
-1.07989
0.792616
-0.88559
1.15616
-1.17758
0.760533
-0.925145
0.584964
-0.895296
1.037
-1.14869
0.647019
-1.05979
0.805141
-0.782313
0.966453
-1.05821
0.862183
-1.32073
0.583659
-0.794209
0.889097
-0.903707
1.08147
-1.11394
0.590397
-1.08538
0.621499
-0.872696
1.0001
-1.14137
0.925712
-0.994472
0.55135
-0.857858
0.895913
-1.10776
0.8051
-1.13206
0.797858
-0.887389
0.76504
-0.892909
0.821951
-1.23217
0.705156
-0.92486
0.771572
-1.05745
0.826396
-0.910242
0.627787
-0.881033
0.970898
-1.20473
0.627659
-0.986913
0.650851
-0.826366
0.799654
-1.0199
0.981732
-1.19688
0.551224
-0.803704
0.523379
-1.08412
1.11089
-0.967934
0.734354
-0.80976
0.456504
-1.04356
0.775889
-1.05724
0.98202
-0.953199
0.499287
-0.853327
0.871078
-1.09749
0.782653
-0.95004
0.643322
-0.898922
0.78881
-0.904981
0.73133
-0.973486
0.82837
-0.869171
0.633407
-1.04175
0.739557
-1.00194
0.746401
-0.716016
0.833014
-0.954441
0.60258
-0.872607
0.709282
-0.985057
0.759741
-0.826663
0.777438
-0.832524
0.755528
-0.898221
0.498775
-1.00575
0.883086
-0.878602
0.733764
-0.684884
0.628976
-0.864938
0.69009
-0.937841
0.839057
-0.925407
0.640069
-0.678622
0.632768
-0.933858
0.861424
-0.966743
0.707645
-0.78871
0.625823
-0.814649
0.627099
-0.857088
0.927729
-0.846435
0.721213
-0.744952
0.552342
-0.989338
0.703954
-0.79421
0.837552
-0.794449
0.672615
-0.824565
0.613012
-0.847204
0.715339
-0.824802
0.743813
-0.850561
0.829045
-0.771993
0.629892
-0.813811
0.7043
-0.982036
0.652984
-0.703891
0.732121
-0.838753
0.732577
-0.747889
0.615894
-0.868101
0.694967
-0.786232
0.76665
-0.772329
0.77037
-0.959374
0.569146
-0.628904
0.751356
-0.835383
0.622854
-0.969346
0.667375
-0.737461
0.794572
-0.576558
0.602676
-0.912585
0.678312
-0.887203
0.735391
-0.658395
0.615903
-0.734276
0.617954
-0.806018
0.743637
-0.902004
0.651654
-0.723564
0.646469
-0.7744
0.730179
-0.728874
0.721405
-0.721285
0.632437
-0.92345
0.60282
-0.734229
0.78572
-0.672757
0.584446
-0.858601
0.580175
-0.793288
0.824065
-0.677441
0.559779
-0.841482
0.671497
-0.741234
0.823487
-0.725928
0.589605
-0.817108
0.496335
-0.763173
0.745661
-0.755043
0.686061
-0.71282
0.542705
-0.699884
0.647544
-0.796601
0.810617
-0.874706
0.644648
-0.608384
0.480811
-0.592776
0.766601
-0.921593
0.607575
-0.905676
0.625864
-0.540761
0.691133
-0.651232
0.657124
-0.915253
0.697043
-0.740961
0.67657
-0.531151
0.549342
-0.686156
0.527418
-0.828184
0.894552
-0.74456
0.584244
-0.646455
0.456505
-0.705001
0.76928
-0.699169
0.871768
-0.678989
0.46864
-0.661374
0.559485
-0.626195
0.81424
-0.796064
0.57917
-0.689402
0.622984
-0.55748
0.706352
-0.825856
0.596347
-0.640635
0.657611
-0.584045
0.792869
-0.681276
0.5974
-0.702825
0.518899
-0.677419
0.651893
-0.656484
0.764095
-0.699163
0.531518
-0.69308
0.56816
-0.558587
0.685322
-0.614742
0.582014
-0.748964
0.629889
-0.556179
0.615933
-0.65646
0.533964
-0.815462
0.643421
-0.686953
0.622692
-0.61093
0.50479
-0.553718
0.597387
-0.699481
0.7183
-0.848699
0.516309
-0.426455
0.436292
-0.606327
0.711771
-0.956362
0.652819
-0.669506
0.338189
-0.457704
0.521152
-0.711516
0.821451
-0.81063
0.529999
-0.533781
0.385882
-0.58523
0.637123
-0.724455
0.56689
-0.767082
0.506305
-0.541598
0.498991
-0.642171
0.534331
-0.715196
0.552509
-0.630693
0.606083
-0.555749
0.503451
-0.604396
0.535026
-0.757341
0.546016
-0.677426
0.481665
-0.589308
0.533326
-0.579243
0.562871
-0.737287
0.434808
-0.534452
0.567256
-0.604966
0.635214
-0.633305
0.471946
-0.612595
0.503678
-0.683566
0.551898
-0.72147
0.566399
-0.54683
0.373353
-0.476665
0.543494
-0.738029
0.67562
-0.610117
0.492972
-0.5474
0.399517
-0.523281
0.592311
-0.732251
0.626436
-0.66324
0.340031
-0.487592
0.433953
-0.601888
0.622662
-0.665105
0.652913
-0.531957
0.493375
-0.630084
0.424535
-0.699984
0.636195
-0.462208
0.549816
-0.718553
0.393083
-0.624555
0.455142
-0.539242
0.621482
-0.594168
0.513155
-0.592915
0.530723
-0.609163
0.541925
-0.519904
0.500477
-0.639006
0.400877
-0.600955
0.498694
-0.622825
0.616047
-0.457521
0.333722
-0.644922
0.495397
-0.560671
0.693513
-0.542506
0.456528
-0.50543
0.327008
-0.50644
0.628495
-0.759024
0.420103
-0.501547
0.357535
-0.39569
0.606622
-0.643867
0.568236
-0.750602
0.450818
-0.297362
0.450482
-0.483487
0.557477
-0.682095
0.433189
-0.557634
0.43324
-0.477174
0.430328
-0.509707
0.523101
-0.728499
0.563237
-0.435127
0.52404
-0.420794
0.413069
-0.611816
0.383736
-0.550492
0.647003
-0.464487
0.40958
-0.650938
0.395808
-0.530772
0.490606
-0.526356
0.534638
-0.559272
0.471098
-0.387613
0.513919
-0.562322
0.35142
-0.536047
0.459221
-0.566893
0.559502
-0.488622
0.374037
-0.603945
0.37096
-0.418072
0.392544
-0.53105
0.710243
-0.580395
0.304224
-0.324646
0.30272
-0.442052
0.548124
-0.617466
0.450859
-0.624695
0.266843
-0.320352
0.44149
-0.47489
0.529302
-0.600446
0.400848
-0.523483
0.471878
-0.261987
0.324543
-0.472252
0.523601
-0.613389
0.499526
-0.585922
0.326423
-0.444551
0.363751
-0.34578
0.557359
-0.603386
0.477755
-0.395848
0.288224
-0.374719
0.490774
-0.427854
0.538338
-0.557348
0.368224
-0.460155
0.365466
-0.452438
0.503063
-0.468792
0.329823
-0.344439
0.459428
-0.478727
0.572747
-0.373251
0.376827
-0.426726
0.376165
-0.398148
0.445332
-0.522021
0.505567
-0.452309
0.362564
-0.372254
0.376031
-0.448999
0.447688
-0.425355
0.576652
-0.414782
0.464917
-0.272276
0.303173
-0.530817
0.415201
-0.489023
0.575243
-0.398937
0.331347
-0.332547
0.25629
-0.457995
0.584827
-0.452272
0.47949
-0.297719
0.350921
-0.347156
0.426154
-0.45724
0.571552
-0.555225
0.325857
-0.297796
0.286542
-0.396501
0.542697
-0.483504
0.453323
-0.374785
0.392572
-0.317565
0.45572
-0.432691
0.542893
-0.444843
0.351274
-0.349267
0.455585
-0.44845
0.36398
-0.463809
0.356397
-0.353941
0.476918
-0.29879
0.506168
-0.464979
0.364246
-0.331102
0.380348
-0.330864
0.547466
-0.443771
0.308949
-0.415229
0.37287
-0.341512
0.32639
-0.393239
0.445627
-0.395214
0.48058
-0.355404
0.426691
-0.333703
0.365553
-0.323971
0.379379
-0.493769
0.523533
-0.396185
0.23016
-0.276213
0.234823
-0.371471
0.53222
-0.515914
0.512507
-0.347551
0.198908
-0.187185
0.438863
-0.37372
0.512182
-0.545521
0.243492
-0.350417
0.274763
-0.247121
0.405148
-0.4951
0.382453
-0.457578
0.353776
-0.295746
0.399222
-0.282692
0.321304
-0.387112
0.406742
-0.434258
0.342279
-0.371571
0.266685
-0.386628
0.273994
-0.401565
0.451288
-0.455899
0.397632
-0.338737
0.211969
-0.291557
0.459834
-0.352413
0.391579
-0.446429
0.230294
-0.37529
0.329699
-0.307011
0.32505
-0.422996
0.204641
-0.422633
0.462472
-0.334834
0.387448
-0.210647
0.178064
-0.355334
0.417464
-0.436615
0.447409
-0.352912
0.199021
-0.253393
0.14814
-0.376966
0.451241
-0.447111
0.358227
-0.26001
0.251778
-0.230577
0.365116
-0.3261
0.416317
-0.414962
0.278177
-0.255822
0.290229
-0.304678
0.321842
-0.415507
0.208123
-0.335345
0.431792
-0.26953
0.339525
-0.233408
0.245832
-0.333034
0.351508
-0.226033
0.391444
-0.29815
0.176769
-0.371007
0.255086
-0.354441
0.425696
-0.278029
0.207656
-0.35162
0.346013
-0.293303
0.33904
-0.196272
0.303397
-0.282822
0.274008
-0.36791
0.316606
-0.409158
0.270883
-0.210804
0.160529
-0.364438
0.371725
-0.415861
0.356197
-0.229045
0.135188
-0.129771
0.287852
-0.380439
0.495938
-0.45055
0.165346
-0.221707
0.0746149
-0.270053
0.351931
-0.421865
0.317615
-0.393087
0.189309
-0.129784
0.227491
-0.244104
0.284302
-0.358546
0.382248
-0.356536
0.220684
-0.288826
0.109582
-0.250015
0.313684
-0.472147
0.267687
-0.352794
0.231189
-0.141681
0.234824
-0.224056
0.313198
-0.437265
0.27444
-0.250936
0.176227
-0.187867
0.287772
-0.441832
0.203494
-0.309445
0.113452
-0.292651
0.308924
-0.235071
0.371915
-0.301581
0.138295
-0.227775
0.244517
-0.249068
0.366275
-0.388831
0.138097
-0.27056
0.178818
-0.24205
0.23478
-0.399622
0.260238
-0.269288
0.245399
-0.147576
0.22879
-0.303965
0.317098
-0.262684
0.298949
-0.316709
0.148719
-0.310243
0.166986
-0.2759
0.267529
-0.266865
0.22377
-0.253819
0.185801
-0.224933
0.184791
-0.212904
0.406904
-0.223952
0.27351
-0.327418
0.0861975
-0.244334
0.192733
-0.259215
0.301128
-0.31838
0.132804
-0.182249
0.223182
-0.20158
0.368576
-0.266998
0.167925
-0.204971
0.241545
-0.136391
0.268464
-0.327678
0.17101
-0.220376
0.141106
-0.257234
0.230115
-0.269145
0.318204
-0.133461
0.218735
-0.161113
0.260635
-0.193771
0.241288
-0.283504
0.158746
-0.0975656
0.253118
-0.199294
0.202457
-0.310014
0.109766
-0.268099
0.256878
-0.0479838
0.31027
-0.0528894
0.163717
-0.337207
0.315653
-0.220463
0.286046
-0.0779924
0.0053447
-0.156065
0.206391
-0.374366
0.378654
-0.157777
0.108643
-0.0661718
0.0640164
-0.204439
0.415532
-0.179666
0.368873
-0.153133
0.0364893
-0.124587
0.118655
-0.256889
0.219091
-0.224422
0.234164
-0.15403
0.182112
-0.171078
0.154773
-0.1427
0.208078
-0.204267
0.277893
-0.0937024
0.245451
-0.100747
0.0499986
-0.286296
0.0684176
-0.211342
0.249137
-0.173714
0.227656
-0.211146
0.138662
-0.138994
0.241362
-0.120674
0.199223
-0.244232
0.184629
-0.125803
0.207028
-0.120485
0.0661719
-0.230788
0.107581
-0.279505
0.243692
-0.223703
0.201619
0.00429968
0.129666
-0.115357
0.282792
-0.26713
0.221242
-0.165002
0.0118546
-0.0672793
0.215762
-0.21375
0.270027
-0.276229
0.0729355
-0.173963
0.00769867
-0.0312391
0.371736
-0.0844372
0.276722
-0.201652
0.0400595
-0.0544426
0.157437
-0.161119
0.172283
-0.265808
0.200569
-0.137979
0.16096
-0.116417
0.112119
-0.121078
0.1275
-0.173929
0.314315
-0.0714867
0.231757
-0.0301954
0.0145704
-0.134817
0.157474
-0.284752
0.157725
-0.186312
0.123684
-0.0505576
0.232652
-0.105576
0.103073
-0.130212
0.109146
-0.179785
0.264014
-0.0298053
0.219097
-0.0609118
-0.00972367
-0.154429
0.0637792
-0.340877
0.268437
-0.181214
0.0970495
0.11256
0.0445354
-0.0921009
0.259899
-0.308329
0.258288
-0.114986
-0.0188732
0.0596789
0.149288
-0.145901
0.226329
-0.366986
0.0409618
-0.140686
0.0500992
0.0956868
0.0861616
-0.157789
0.220537
-0.0986621
0.258225
-0.0520338
0.00693887
-0.125291
-0.0434625
-0.112804
0.324323
-0.207215
0.11704
-0.0773912
-0.0462961
-0.0729088
0.0386328
-0.177053
0.244399
-0.0317551
0.262487
0.0600075
0.0026737
-0.234228
0.155921
-0.200923
0.0278421
-0.0475871
0.0704714
-0.0810152
0.15435
-0.0898351
0.0339006
-0.130447
-0.00826368
-0.0332293
0.273298
-0.0782483
0.232507
-0.0905963
-0.0983294
-0.023573
0.0898461
-0.165502
0.00363958
-0.249287
0.0673743
0.0725535
0.0770516
0.0222426
0.0508364
-0.210338
0.136041
-0.0977728
0.0883856
-0.0650293
0.0650454
0.0587925
0.0327567
-0.228583
0.109077
-0.308159
-0.0786696
-0.00679054
-0.0247422
0.0415865
0.1721
-0.135978
0.19555
-0.145691
-0.0777232
-0.0102397
-0.109055
-0.100746
0.27052
-0.0847123
0.0379104
-0.207864
-0.233606
-0.0488418
0.0313141
-0.0698078
0.156279
-0.147383
0.0583703
0.0268569
0.0811361
-0.0386347
-0.0265081
-0.114663
-0.0356333
-0.179097
0.010243
-0.0224323
0.0724009
-0.0465694
-0.0323627
-0.156202
-0.0438571
-0.151446
0.153772
-0.028179
0.180149
0.0452991
0.00344853
-0.0341953
-0.127985
-0.175111
0.0751068
-0.181939
0.0232595
0.0215439
-0.0111409
0.0795314
0.0135552
-0.149145
0.0339366
-0.195379
0.141818
0.168908
0.0416121
0.0875592
-0.0696614
-0.165287
0.081832
-0.17324
0.0138724
0.00983848
-0.182053
0.0448262
0.121529
-0.0473965
0.206429
-0.0347176
-0.0180988
-0.00372357
-0.145004
0.0737676
0.14787
-0.0659906
0.141355
0.00307833
-0.153748
-0.110373
-0.072885
-0.130002
0.0994133
0.0700289
0.125746
0.0677388
0.0204259
0.00416061
0.041184
-0.0463027
-0.12574
-0.00621618
0.0620555
-0.000850942
0.141814
-0.0268837
-0.15945
-0.147866
-0.0426817
0.0280332
0.0806788
0.0464422
0.0908169
0.0337955
0.0397748
0.0406048
-0.0155053
-0.0278207
-0.05844
-0.166204
0.0570231
-0.0781392
0.0658104
0.122144
-0.0849367
-0.0361412
-0.0139069
-0.130431
0.10598
-0.0357805
0.0482231
0.321425
-0.0359004