
-541.506
-98.5564
857.539
-689.683
189.41
234.294
-436.54
262.277
-83.7777
67.7175
-73.9321
138.485
-46.1207
-250.666
277.747
44.6992
-312.559
270.912
-16.9885
-127.222
99.8812
-52.5573
-52.4716
124.929
-18.5497
-75.8551
77.7181
-90.9298
32.2001
54.8344
-6.88674
-39.7313
-43.9736
111.291
-76.4912
37.2178
-2.311
-116.805
222
-197.526
130.485
-47.921
-65.2163
87.2996
1.67524
-59.1813
9.68738
130.63
-230.308
132.36
61.0575
-154.827
145.414
-74.4437
-27.3007
67.9593
-47.4313
70.8395
-114.356
54.8582
59.1224
-101.191
97.3448
-87.0771
80.96
-100.496
80.3583
7.09229
-74.8367
85.7261
-62.7373
4.56725
42.0131
-34.5779
22.6288
-12.1986
-21.5633
58.398
-69.574
46.1139
-20.6487
0.602516
27.0331
-35.8315
33.4033
-47.4664
50.234
-28.3061
-3.35672
38.3648
-46.6063
24.2638
-3.72804
-19.032
38.8611
-23.4619
1.01151
0.548474
-14.8277
43.3601
-60.2782
54.6968
-26.0429
-15.6905
45.3194
-42.2454
36.5257
-33.3493
1.35218
29.2733
-23.8247
9.51208
-6.95235
2.48897
3.39214
-10.7906
17.6689
-11.0811
6.35285
-4.53566
-7.42314
19.6315
-31.0799
30.0415
-10.453
-6.87393
26.1706
-35.6407
16.5115
-3.73039
4.72413
8.58736
-14.7798
0.720502
-4.73422
11.8444
6.63208
-14.8543
8.05733
-6.52472
3.29248
4.73608
-9.86249
10.7445
-13.0933
7.70337
1.95411
-4.30768
13.3316
-22.4197
10.1554
9.66495
-15.4993
12.4623
-8.39879
0.950686
3.49288
-3.67158
10.0342
-16.0726
6.25749
9.22888
-5.03171
1.28525
-20.9841
19.9599
5.44424
-9.85014
2.96653
-5.32297
10.2217
-9.22676
-1.81331
15.7839
-14.4043
5.62655
-5.89157
-3.15577
14.9022
-8.34046
0.376829
-0.215302
-0.705849
2.88201
-3.86148
6.46356
-2.94994
-9.84264
4.96854
12.896
-5.84414
-10.7762
5.49569
2.02059
4.57571
-2.3557
-9.75773
5.82005
2.74425
2.20272
-4.01689
-5.89793
8.64254
0.588542
-1.15104
-1.2961
-0.793733
-3.83945
1.67584
8.04445
-8.05416
1.79613
3.80034
-5.82716
2.33345
0.665149
0.621496
1.70897
-2.59526
-1.09241
-6.98231
10.958
5.01829
-11.321
2.27705
-2.93965
8.03896
2.50853
-12.5001
4.89085
-3.17466
8.31865
1.26149
-13.3295
8.74172
3.12036
-3.75475
0.861196
-4.12699
5.01489
-2.24048
2.25183
-2.80992
-6.48955
11.8987
-0.50134
-4.67045
-1.58461
2.16942
3.83519
-6.75236
3.63078
-1.63641
-1.06078
6.82954
-5.12485
-2.30023
1.88518
4.21483
-1.17703
-6.28303
7.18015
-6.28188
0.332372
7.40451
-6.90728
2.55909
0.344153
1.54535
-2.23154
-2.23304
5.99761
-6.19758
3.13207
-0.733762
-2.62106
5.05904
-3.56962
3.06887
-1.41531
-2.82825
5.90471
-5.1202
3.76187
-3.39577
-3.3134
9.31864
-5.69102
0.516392
1.87334
-1.93582
2.66296
-4.92983
3.46593
-0.408791
-0.0302089
-0.85384
-2.62052
6.94074
-2.99503
-3.78247
6.41282
-3.78312
1.9261
-0.730727
-5.14881
4.10729
2.78425
-2.24574
-3.01703
3.74417
1.97185
-5.59438
3.54485
0.506193
-2.24781
0.694705
0.096998
-0.637926
-0.646786
3.15726
-0.346632
-3.99469
4.84303
-1.51872
-3.23875
3.25647
0.202655
-2.5994
-0.613857
4.19357
-0.982046
-2.05278
3.77181
-4.32968
-0.0667839
5.24474
-3.54311
-3.37845
4.42353
-0.958818
-2.11704
2.35812
2.1466
-2.2913
-0.772136
0.691497
-0.224506
-0.945467
3.026
-3.01908
-1.81303
5.20684
-1.30825
-2.55303
3.12514
-1.79536
-0.176469
0.011206
1.0995
-0.435951
-2.46338
0.822033
2.98568
-0.803088
-1.21935
2.19767
-1.94993
-2.91087
6.20443
-2.87307
-2.79094
2.04849
-0.241014
2.03973
-0.431056
-0.912037
-0.971018
-0.83172
6.55056
-5.33206
-2.45759
4.37434
-2.89719
1.81881
0.542778
-1.40421
2.14977
-1.83446
1.20807
-2.64348
1.41009
2.2335
-4.09664
1.60676
1.04498
-0.191483
0.603165
-1.95104
2.82665
-3.19045
2.19801
2.09883
-5.93056
0.604933
3.36032
-0.191491
-0.0641554
-0.733472
0.16373
-2.03753
5.18599
-2.08195
-4.59448
3.4611
0.0722783
0.389157
0.136511
-0.635718
-0.334486
-2.31414
6.82043
-3.25656
-4.0802
4.93502
-2.57658
-1.04756
2.06265
0.339651
1.4182
-3.31813
2.23584
-0.815445
-0.524942
2.27877
-3.16863
-0.443418
2.38033
0.0494995
-0.263436
-1.69621
2.15263
-1.13477
0.115674
2.81125
-2.64118
-2.2384
1.94179
0.218004
0.977186
-0.849605
0.276329
-0.934985
0.639477
1.19995
-1.7526
-0.180732
1.48018
-1.29007
0.456761
0.0115179
0.452175
-0.473464
-0.0514385
0.324024
0.1893
-0.530047
0.342672
-0.373811
0.275536
-0.301955
0.395601
-0.581146
0.54756
-0.354241
0.345472
-0.0489268
-0.342685
0.461395
0.387167
-1.04278
0.875723
-0.648857
0.442455
-0.116279
-0.398902
0.0129682
-0.412429
0.529531
1.41965
-1.34065
0.184156
-0.305377
0.146805
0.244436
-0.127033
-0.308152
0.210846
-0.15674
0.80542
-1.2302
0.931211
0.00568623
-0.353046
-0.190307
0.418973
-0.273828
-0.129481
-0.0420192
0.209412
-0.551946
1.8268
-0.84358
-0.472612
0.0151394
-0.408527
0.52901
0.515802
-1.09254
0.326146
-0.261687
0.963474
-0.305455
-0.0729044
-0.549832
0.549501
0.439258
-0.118496
-1.00075
0.137961
-0.143745
1.09358
-0.266758
0.20556
-0.683421
0.208937
-0.213414
0.0697995
0.114124
0.369148
-0.419326
-0.17387
-0.329891
1.05675
-0.00162461
0.038578
-0.865967
0.295473
-0.00637685
0.462066
-0.412057
-0.603778
-0.075312
1.09725
-0.218022
0.616604
-1.04504
0.0280133
0.152653
0.334864
-0.208469
-0.248975
0.034239
0.576417
-0.831989
0.568685
-0.404735
0.472405
0.233815
-0.375792
-0.415863
0.284133
-0.50674
0.672431
-0.25184
0.544294
-0.205599
0.152485
-0.455726
0.0137751
-0.0433344
0.292128
-0.189162
0.11598
-0.768545
0.785503
-0.243895
0.347372
0.0224001
0.0284483
-0.292109
0.212808
-0.347254
0.134098
-0.475451
1.04751
-0.87058
0.171427
0.622632
-0.368811
0.0879994
-0.0455838
-1.08806
1.31229
-0.361489
0.311931
-0.419433
-0.440486
0.623693
0.212616
-0.351282
1.19215
-1.50232
0.201133
-0.01163
-0.262626
0.338223
0.583745
-0.754169
0.312975
-0.0208696
0.280757
-0.265359
0.103955
-0.415301
0.561958
-0.403006
0.231118
-0.225326
-0.386979
0.43645
1.0234
-1.08073
0.264472
-0.660724
0.627655
0.0122967
-0.27473
0.0862138
-0.121416
-0.182663
1.47695
-1.21227
0.140683
0.112436
-0.493375
0.0461095
1.03122
-0.83221
-0.231295
-0.0923586
0.481355
-0.340942
0.943454
0.0163021
-0.728766
-0.772966
1.26359
-0.467795
-0.201092
0.470097
-0.325404
-0.367483
1.33166
-1.00294
-0.0690538
0.0690287
0.34021
-0.245268
0.169064
-0.243308
-0.22824
-0.224099
1.2979
-0.495095
0.102303
-0.534921
0.129746
-0.00418364
0.233023
-0.168352
-0.234196
-0.492005
1.25511
-0.397314
-0.0666014
-0.0374424
0.190775
-0.626872
0.57486
0.230181
-0.263419
-0.682336
0.788005
-0.877619
0.744194
0.548595
-0.351171
-0.711904
0.476512
-0.3832
0.416673
-0.155812
0.20189
-0.573204
0.705641
0.0801081
-0.3846
-0.271978
0.747512
-0.537652
0.254586
-0.290228
0.0875871
-0.58513
0.713899
0.0703313
-0.0702766
-0.056163
0.255027
-0.416376
0.460752
-0.751709
0.567152
-0.381333
0.348177
0.104351
-0.524732
0.149017
0.878404
-1.2526
0.717412
-0.215768
0.0181826
0.106877
-0.165308
-0.33172
0.405755
-0.0571273
0.791797
-0.9204
0.374108
-0.200997
-0.221833
0.246615
0.093981
-0.52542
0.565941
-0.413228
0.617998
-0.551198
0.271773
-0.039944
0.272979
-0.306323
0.12804
-0.410819
0.139732
-0.0622767
0.658742
-0.872909
0.756005
-0.206269
-0.265553
0.141311
0.0171964
-0.263359
0.428669
-0.452172
0.452899
-0.519244
0.703791
-0.192275
-0.247039
-0.0839584
0.508818
-0.52233
0.429291
-0.641152
0.0445671
0.0458175
0.688608
-0.224888
-0.0633068
-0.455901
0.676947
-0.409208
0.293742
-0.306078
-0.15811
0.0926345
0.550625
-0.620178
0.165066
-0.0645321
0.549348
-0.704366
0.544251
-0.278057
-0.292184
0.198309
0.232414
-0.451898
0.622986
-0.240199
0.376237
-0.84109
0.445013
0.205748
-0.30897
-0.124915
0.273923
-0.683919
0.930917
-0.273389
-0.00498009
-0.343329
0.594938
-0.101586
-0.131478
-0.23818
0.234968
-0.54052
0.881802
-0.518915
-0.0268993
0.113529
0.313785
-0.341984
0.148313
-0.435189
0.455796
-0.280804
0.438653
-0.484434
0.204654
-0.218191
0.607765
-0.326742
0.100332
-0.256106
0.19823
-0.475944
0.56058
-0.412556
0.0889663
0.163975
0.217107
-0.554411
0.673606
-0.344312
0.0709889
-0.300848
0.399359
-0.346594
0.242047
-0.254581
0.162561
-0.155423
0.548699
-0.477865
0.288535
-0.515071
0.33499
0.0207569
-0.00500353
-0.245468
0.348657
-0.487828
0.797807
-0.318593
-0.0184898
-0.29768
0.260769
-0.217894
0.35201
-0.435488
0.303114
-0.55621
0.549152
0.141083
0.0183206
-0.225689
0.121833
-0.532123
0.763285
-0.301751
-0.0621834
-0.290045
0.310993
-0.0500085
0.26223
-0.391244
0.469024
-0.628323
0.481388
-0.142037
0.00779658
-0.375706
0.609651
-0.448922
0.326127
0.0385956
0.0189966
-0.430057
0.443213
-0.424155
0.470343
-0.414887
0.0568365
-0.189837
0.354492
0.0464677
0.286634
-0.734711
0.539533
-0.386353
0.489506
-0.132352
-0.15009
-0.537889
0.509414
-0.00508484
0.45892
-0.606004
0.280169
-0.387035
0.348836
-0.0851261
0.225437
-0.43401
0.290661
-0.258358
0.253135
-0.15414
0.48579
-0.494097
0.257567
-0.331166
0.259345
-0.226704
0.146236
-0.299068
0.390934
-0.243739
0.505215
-0.459671
0.0949606
-0.110757
0.428055
-0.335998
0.150797
-0.460945
0.337608
-0.156835
0.483861
-0.484538
0.130576
-0.096918
0.406258
-0.413389
0.279325
-0.396207
0.235162
-0.22817
0.539446
-0.377791
0.250257
-0.0166246
-0.220166
-0.358839
0.810555
-0.522536
0.396099
-0.528327
0.0127978
0.0869454
0.360243
-0.153451
0.306635
-0.658241
0.67701
-0.616391
0.225836
0.0453325
0.0533275
-0.273003
0.354776
-0.365875
0.404134
-0.400074
0.507944
-0.486085
0.188515
-0.0432803
0.131243
-0.27546
0.287846
-0.246267
0.309473
-0.355494
0.626484
-0.616025
0.305755
-0.190292
-0.0266617
-0.173079
0.28543
-0.129442
0.489367
-0.690642
0.550204
-0.516209
0.326946
0.206929
-0.211792
-0.153185
0.366694
-0.755285
0.561427
-0.272138
0.448427
-0.120681
-0.0912234
-0.163019
0.144965
-0.339155
0.656645
-0.478009
0.253221
-0.214911
0.18416
-0.182123
0.327731
-0.335136
0.358468
-0.496969
0.387783
-0.341126
0.240516
-0.170971
0.258424
-0.448746
0.484777
-0.105825
0.304982
-0.478611
0.195793
-0.430203
0.421005
-0.00623021
0.110341
-0.385817
0.356779
-0.38707
0.40166
-0.396634
0.521181
-0.366288
0.178256
-0.120182
-0.048344
-0.282057
0.687381
-0.503615
0.616278
-0.512244
0.104527
-0.187618
0.0440914
0.00318338
0.347717
-0.447721
0.437861
-0.646678
0.489843
-0.0472593
0.201865
-0.233315
0.0492268
-0.276474
0.526939
-0.396907
0.192007
-0.434457
0.290716
0.00387095
0.520491
-0.556529
0.0651944
-0.322057
0.4065
-0.166841
0.417005
-0.378637
0.0870222
-0.205743
0.377589
-0.399484
0.48534
-0.428131
0.301987
-0.277177
0.224785
-0.353546
0.148688
-0.0251341
0.281735
-0.150828
0.446169
-0.744924
0.343427
-0.311663
0.400748
0.0320199
-0.0214511
-0.452028
0.319708
-0.313209
0.709094
-0.556849
0.185987
-0.238125
0.382049
-0.214288
0.241549
-0.490123
0.149591
-0.0639388
0.682118
-0.450999
0.126635
-0.44553
0.184838
0.0252719
0.286748
-0.41676
0.408452
-0.488898
0.415627
-0.299603
0.18842
-0.0310289
0.30048
-0.467326
0.494112
-0.568566
0.313602
-0.30793
0.230585
-0.0340215
0.364359
-0.369631
0.134552
-0.523977
0.525012
-0.0966605
0.329445
-0.450565
0.143807
-0.216647
0.363587
-0.133662
0.0530601
-0.352153
0.622027
-0.467894
0.333746
-0.467624
0.0947418
-0.0209029
0.376314
-0.158982
0.160622
-0.443275
0.51172
-0.530423
0.3838
-0.182019
0.214889
-0.176339
0.131107
-0.378617
0.393086
-0.426945
0.536334
-0.28155
0.188047
-0.158446
0.12231
-0.440433
0.4364
-0.304261
0.520387
-0.261568
0.123553
-0.38603
0.191389
-0.189775
0.480757
-0.397974
0.276018
-0.328297
0.256051
-0.326444
0.381453
-0.288439
0.378023
-0.225625
0.263864
-0.466096
0.286005
-0.320963
0.324843
-0.162839
0.308239
-0.384798
0.270551
-0.271658
0.226496
-0.338628
0.484232
-0.310938
0.356498
-0.354024
0.0546796
-0.12417
0.292889
-0.232889
0.456905
-0.612686
0.522563
-0.463683
0.133566
-0.105959
0.135497
0.0256954
0.379261
-0.529434
0.332939
-0.606234
0.650499
-0.224183
0.142339
-0.0678914
-0.0539705
-0.250399
0.38653
-0.467591
0.520344
-0.316353
0.370059
-0.327676
0.0527076
-0.159002
0.283606
-0.290664
0.446774
-0.417758
0.394109
-0.304607
0.239735
-0.508007
0.335051
-0.00884654
0.266004
-0.415106
0.304676
-0.518913
0.439609
-0.133638
0.231358
-0.20688
0.264707
-0.280148
0.18002
-0.503912
0.545091
-0.318499
0.386891
-0.198218
-0.0244727
-0.258706
0.354271
-0.308001
0.427388
-0.471444
0.593499
-0.4207
0.0778289
-0.1785
0.168545
-0.0396028
0.451782
-0.578658
0.304876
-0.408793
0.399027
-0.299504
0.22266
-0.103326
0.15092
-0.226045
0.456026
-0.57995
0.35557
-0.267695
0.330875
-0.203088
0.264634
-0.262037
0.00323212
-0.309691
0.483627
-0.307889
0.554163
-0.439345
0.122218
-0.429363
0.386349
-0.0161161
0.179789
-0.305753
0.377684
-0.51187
0.457125
-0.324732
0.13653
-0.207532
0.377165
-0.215927
0.194643
-0.427005
0.272951
-0.280003
0.471977
-0.104039
0.135233
-0.504017
0.415762
-0.387864
0.432274
-0.242626
0.136319
-0.288356
0.361837
-0.199949
0.250244
-0.602899
0.483139
-0.307017
0.460315
-0.065886
-0.0715194
-0.489463
0.393648
-0.135329
0.485975
-0.328721
0.189549
-0.598149
0.345831
-0.070204
0.266836
-0.302202
0.287524
-0.312258
0.298227
-0.259914
0.374405
-0.55909
0.439886
-0.179303
0.258337
-0.216511
0.0530493
-0.41079
0.465506
-0.207372
0.499406
-0.594067
0.214553
-0.158035
0.176553
-0.0711652
0.232386
-0.508763
0.497945
-0.182174
0.284012
-0.42808
0.0842518
-0.183769
0.389871
-0.158528
0.395174
-0.70959
0.27844
-0.224027
0.352323
0.00455553
0.268357
-0.521995
0.244029
-0.428816
0.572718
-0.280802
0.200786
-0.186628
0.0814358
-0.235024
0.46273
-0.50182
0.347616
-0.328265
0.412785
-0.249568
0.194009
-0.286296
0.196728
-0.27184
0.534134
-0.379461
0.222939
-0.286252
0.2815
-0.414479
0.410237
-0.352443
0.218087
-0.00935137
0.265813
-0.470458
0.322324
-0.40718
0.49644
-0.304135
0.331675
-0.209089
-0.0472867
-0.197854
0.347127
-0.459948
0.677463
-0.355211
0.102677
-0.234278
0.0603463
-0.123753
0.443236
-0.341515
0.38697
-0.558563
0.423098
-0.158703
0.0834315
-0.251059
0.384659
-0.404432
0.395385
-0.389961
0.262666
-0.27518
0.356096
-0.289024
0.272107
-0.221916
0.371485
-0.438993
0.232055
-0.28624
0.270395
-0.15451
0.406735
-0.432013
0.16837
-0.274333
0.355332
-0.35258
0.42195
-0.288636
0.268493
-0.362648
0.268927
-0.330718
0.388647
-0.0962377
0.237291
-0.498991
0.375636
-0.456116
0.384273
-0.217447
0.268951
-0.25844
0.198288
-0.210335
0.303814
-0.40557
0.494786
-0.416294
0.289155
-0.206595
0.158594
-0.223584
0.265161
-0.333924
0.333942
-0.326872
0.492331
-0.415614
0.218526
-0.289138
0.176817
-0.184908
0.473829
-0.315163
0.243404
-0.431131
0.347182
-0.276521
0.341888
-0.27126
0.228281
-0.321001
0.261399
-0.283481
0.264483
-0.235683
0.425699
-0.364799
0.325313
-0.316045
0.152622
-0.277335
0.430262
-0.334935
0.293693
-0.271319
0.247362
-0.382022
0.381527
-0.278011
0.349207
-0.363968
0.281225
-0.408259
0.452264
-0.194471
0.123552
-0.312067
0.374035
-0.211371
0.360654
-0.470597
0.218982
-0.415123
0.463284
-0.14599
0.210532
-0.305308
0.213737
-0.301256
0.451965
-0.364158
0.359102
-0.391157
0.332443
-0.310717
0.200085
-0.22018
0.316665
-0.317597
0.362717
-0.30574
0.276803
-0.351602
0.231145
-0.315111
0.458429
-0.232585
0.258162
-0.431326
0.286353
-0.173883
0.348941
-0.311882
0.16197
-0.390623
0.450375
-0.260942
0.210802
-0.336524
0.283564
-0.156759
0.393614
-0.366153
0.248299
-0.44715
0.381689
-0.229049
0.286987
-0.271168
0.235207
-0.329024
0.381938
-0.386732
0.427209
-0.436925
0.338762
-0.216317
0.153836
-0.135983
0.150638
-0.352028
0.505018
-0.285347
0.405096
-0.519191
0.196843
-0.261579
0.320328
-0.145114
0.213007
-0.372256
0.326198
-0.355355
0.525612
-0.387621
0.343433
-0.455434
0.298253
-0.0907331
0.142629
-0.290145
0.248633
-0.372487
0.522377
-0.337995
0.367939
-0.422636
0.122923
-0.143411
0.306888
-0.211635
0.256401
-0.440985
0.466551
-0.285551
0.301564
-0.361052
0.208019
-0.182971
0.355379
-0.434125
0.272665
-0.346314
0.320159
-0.147861
0.36236
-0.342827
0.283738
-0.42494
0.336248
-0.291954
0.363309
-0.253729
0.161343
-0.31673
0.320133
-0.214636
0.352158
-0.378869
0.252392
-0.336081
0.410996
-0.303682
0.215024
-0.310362
0.324769
-0.201235
0.382333
-0.418287
0.326871
-0.413466
0.367231
-0.367843
0.276935
-0.213238
0.239191
-0.155317
0.224586
-0.439837
0.565206
-0.457312
0.424178
-0.295652
0.0571329
-0.121392
0.134905
-0.240823
0.468652
-0.470135
0.521394
-0.48855
0.25838
-0.175399
0.15242
-0.159279
0.267805
-0.390659
0.389308
-0.318933
0.431011
-0.394662
0.253792
-0.257374
0.26906
-0.270269
0.260873
-0.361844
0.292715
-0.292789
0.425139
-0.313618
0.353092
-0.304334
0.199147
-0.278988
0.254932
-0.296781
0.357996
-0.307699
0.332386
-0.399376
0.265233
-0.169653
0.340128
-0.361391
0.325129
-0.418285
0.301827
-0.250741
0.30447
-0.267354
0.349224
-0.327752
0.373335
-0.457144
0.393554
-0.356251
0.206167
-0.155703
0.165468
-0.256396
0.389523
-0.35348
0.393329
-0.424768
0.411454
-0.283374
0.202496
-0.203926
0.124155
-0.292779
0.40101
-0.386501
0.46724
-0.385026
0.371115
-0.338295
0.184546
-0.309358
0.324534
-0.210238
0.40035
-0.451091
0.213228
-0.247003
0.468249
-0.298622
0.265025
-0.375556
0.183354
-0.264213
0.348812
-0.304297
0.313091
-0.283948
0.302857
-0.276985
0.383183
-0.330174
0.236015
-0.38965
0.345816
-0.313172
0.354072
-0.203248
0.151281
-0.382755
0.445548
-0.278134
0.402888
-0.463517
0.239215
-0.269433
0.264012
-0.142201
0.205986
-0.344614
0.536349
-0.412477
0.308702
-0.361486
0.128361
-0.131402
0.280135
-0.228515
0.238755
-0.504455
0.5505
-0.316255
0.377694
-0.259352
0.15603
-0.32379
0.289737
-0.29976
0.350732
-0.365347
0.394013
-0.440294
0.410529
-0.188976
0.216803
-0.326836
0.172517
-0.275368
0.392296
-0.214251
0.282542
-0.476373
0.344927
-0.187224
0.378867
-0.360707
0.230261
-0.340134
0.266823
-0.29101
0.321875
-0.370583
0.440985
-0.224869
0.295619
-0.417294
0.323255
-0.320017
0.313484
-0.217499
0.222363
-0.391153
0.28765
-0.20557
0.344665
-0.346786
0.480707
-0.522978
0.255613
-0.136329
0.145374
-0.180937
0.232411
-0.362879
0.450474
-0.335289
0.47825
-0.445932
0.161624
-0.236174
0.237659
-0.196052
0.307553
-0.381391
0.277033
-0.332578
0.553591
-0.414262
0.350486
-0.279077
0.190546
-0.261793
0.147474
-0.253616
0.341349
-0.248623
0.418078
-0.486419
0.341505
-0.250718
0.194029
-0.165454
0.266763
-0.366437
0.286248
-0.37314
0.465399
-0.29528
0.328472
-0.304628
0.234725
-0.33592
0.384312
-0.424001
0.275233
-0.243351
0.23562
-0.206205
0.409981
-0.360362
0.317929
-0.368669
0.362388
-0.360568
0.273523
-0.24675
0.211973
-0.265818
0.314047
-0.331153
0.391998
-0.304321
0.377471
-0.41908
0.285189
-0.328966
0.179494
-0.138594
0.386193
-0.303626
0.290667
-0.455436
0.451199
-0.354216
0.346241
-0.287267
0.0895578
-0.227541
0.309383
-0.314309
0.449967
-0.372375
0.377153
-0.33073
0.294632
-0.229062
0.0835529
-0.237666
0.318912
-0.385864
0.476234
-0.386347
0.312609
-0.259456
0.267617
-0.251116
0.254171
-0.343093
0.346258
-0.410834
0.399293
-0.266715
0.251691
-0.278134
0.378363
-0.29923
0.297527
-0.413124
0.227286
-0.317229
0.352266
-0.181073
0.282618
-0.371559
0.368929
-0.339735
0.389695
-0.234552
0.161393
-0.368004
0.300899
-0.279595
0.30468
-0.330055
0.411243
-0.330238
0.360222
-0.349074
0.281762
-0.327326
0.271423
-0.273639
0.264983
-0.2437
0.367689
-0.446239
0.486024
-0.349235
0.279158
-0.264159
0.0952544
-0.170307
0.221975
-0.292002
0.430981
-0.509644
0.484157
-0.249511
0.324764
-0.238504
0.0641127
-0.308331
0.322676
-0.285949
0.422773
-0.47053
0.346535
-0.298515
0.353252
-0.217381
0.259052
-0.338796
0.215652
-0.272441
0.315357
-0.339988
0.386797
-0.32741
0.351636
-0.276604
0.282244
-0.302455
0.174734
-0.257691
0.290982
-0.337787
0.407672
-0.441905
0.37275
-0.183943
0.331376
-0.28506
0.186971
-0.365174
0.33837
-0.286633
0.319467
-0.393551
0.27662
-0.270059
0.491766
-0.342483
0.277819
-0.329399
0.151957
-0.168241
0.306435
-0.374955
0.391851
-0.440922
0.463748
-0.315736
0.31679
-0.222624
0.100045
-0.241551
0.280087
-0.390827
0.407441
-0.385728
0.390209
-0.256935
0.319552
-0.238879
0.186062
-0.296195
0.338095
-0.365563
0.318642
-0.392578
0.271302
-0.230557
0.451226
-0.326188
0.258374
-0.312418
0.231005
-0.247796
0.344289
-0.359034
0.242217
-0.340436
0.41071
-0.189336
0.283292
-0.316496
0.192014
-0.342677
0.417371
-0.352146
0.224934
-0.302149
0.327889
-0.279177
0.429828
-0.315685
0.329357
-0.376982
0.27935
-0.325579
0.232808
-0.208464
0.255226
-0.374744
0.461708
-0.374827
0.386027
-0.289888
0.192033
-0.157187
0.139992
-0.293314
0.338975
-0.469913
0.569379
-0.367982
0.340342
-0.248008
0.124571
-0.206191
0.26797
-0.32202
0.314342
-0.475787
0.465033
-0.317613
0.377746
-0.290765
0.285008
-0.209044
0.193763
-0.30576
0.243092
-0.352742
0.435374
-0.455473
0.351714
-0.235777
0.328064
-0.19053
0.179361
-0.307629
0.245729
-0.359084
0.456859
-0.380256
0.318613
-0.287856
0.213653
-0.174913
0.380999
-0.385284
0.339951
-0.404587
0.192879
-0.289788
0.335502
-0.171469
0.323331
-0.403681
0.385775
-0.317098
0.375883
-0.298327
0.122988
-0.294081
0.311839
-0.299748
0.345591
-0.387878
0.406989
-0.257196
0.307266
-0.279469
0.187467
-0.294907
0.329285
-0.378145
0.318145
-0.322512
0.430604
-0.280013
0.315447
-0.344967
0.238466
-0.320901
0.32161
-0.331461
0.329593
-0.356818
0.343101
-0.348511
0.383075
-0.150283
0.286403
-0.332641
0.143505
-0.345484
0.357431
-0.328199
0.377424
-0.359239
0.275883
-0.176745
0.310203
-0.302204
0.305974
-0.448347
0.362014
-0.261314
0.277992
-0.33526
0.250335
-0.217553
0.406604
-0.349232
0.323698
-0.32442
0.219024
-0.319366
0.222536
-0.274509
0.404944
-0.311591
0.363922
-0.28332
0.309585
-0.332978
0.20914
-0.263994
0.377129
-0.38801
0.26959
-0.391716
0.32027
-0.204113
0.446318
-0.253366
0.202351
-0.396961
0.186026
-0.207837
0.419778
-0.422144
0.372115
-0.429443
0.443146
-0.215836
0.181357
-0.184431
0.124968
-0.338224
0.440479
-0.442457
0.424409
-0.43719
0.293328
-0.104736
0.300638
-0.169015
0.156523
-0.412703
0.343907
-0.429121
0.38673
-0.307411
0.354403
-0.285106
0.281455
-0.293785
0.311902
-0.266328
0.289555
-0.323566
0.328454
-0.423645
0.286933
-0.330728
0.413598
-0.151842
0.302562
-0.359188
0.165399
-0.308473
0.302838
-0.271064
0.304239
-0.360847
0.352233
-0.242306
0.363068
-0.325074
0.244299
-0.260333
0.314746
-0.317425
0.211434
-0.399105
0.355136
-0.316287
0.462331
-0.315946
0.359034
-0.28094
0.141233
-0.254978
0.242129
-0.352874
0.428438
-0.380994
0.429593
-0.310124
0.177355
-0.207194
0.261355
-0.230442
0.343856
-0.446538
0.304123
-0.502598
0.395205
-0.10657
0.36562
-0.245242
0.167228
-0.360775
0.394689
-0.405038
0.324641
-0.398101
0.352639
-0.252366
0.286522
-0.277338
0.281508
-0.251314
0.30936
-0.266067
0.329993
-0.473251
0.297006
-0.371872
0.380201
-0.160227
0.240288
-0.195835
0.262861
-0.377616
0.279813
-0.41466
0.338716
-0.229008
0.355711
-0.351899
0.31737
-0.350157
0.320898
-0.161801
0.32781
-0.312923
0.161298
-0.434046
0.352089
-0.409622
0.533124
-0.289892
0.299629
-0.170256
0.0782757
-0.220859
0.261986
-0.375981
0.473969
-0.481665
0.441441
-0.337514
0.171404
-0.157574
0.261841
-0.137623
0.303813
-0.496701
0.297414
-0.461467
0.498252
-0.324825
0.279485
-0.20523
0.329933
-0.189838
0.209759
-0.423473
0.271379
-0.362151
0.529045
-0.421609
0.237933
-0.245151
0.209744
-0.161895
0.313848
-0.238549
0.384867
-0.458071
0.242284
-0.455393
0.323846
-0.0822157
0.312593
-0.3225
0.384863
-0.43684
0.304496
-0.331931
0.284225
-0.259604
0.343695
-0.363278
0.278975
-0.393743
0.442136
-0.167127
0.293333
-0.242205
0.0920388
-0.342619
0.375729
-0.423419
0.301882
-0.303176
0.460652
-0.175951
0.184739
-0.319154
0.208937
-0.269283
0.409727
-0.39976
0.334634
-0.363148
0.324077
-0.364259
0.328025
-0.115147
0.249377
-0.245065
0.26289
-0.553312
0.372739
-0.398807
0.444796
-0.194822
0.28589
-0.184506
0.154317
-0.332541
0.335161
-0.418677
0.532404
-0.36247
0.156585
-0.386905
0.241709
-0.0501733
0.372913
-0.312331
0.319888
-0.438098
0.38911
-0.389991
0.236445
-0.321251
0.368782
-0.228548
0.338648
-0.275265
0.254725
-0.409545
0.315128
-0.270335
0.375941
-0.339802
0.242024
-0.381985
0.282239
-0.155272
0.365226
-0.169804
0.247723
-0.400865
0.204848
-0.443586
0.438598
-0.337533
0.365558
-0.2017
0.241913
-0.257185
0.195341
-0.295942
0.409899
-0.310879
0.404619
-0.562241
0.252895
-0.271579
0.364429
-0.109537
0.2188
-0.270158
0.283583
-0.418273
0.403631
-0.515917
0.333841
-0.207075
0.306213
-0.133698
0.224832
-0.324001
0.252058
-0.3588
0.506288
-0.407657
0.299901
-0.35222
0.123108
-0.261877
0.416566
-0.221673
0.467635
-0.370151
0.227834
-0.417538
0.275525
-0.282916
0.319958
-0.284912
0.415258
-0.311945
0.191366
-0.297036
0.279474
-0.20707
0.426491
-0.427418
0.167581
-0.378265
0.367815
-0.228801
0.383738
-0.248343
0.312324
-0.319133
0.270676
-0.406905
0.274817
-0.404037
0.435692
-0.281815
0.357288
-0.277429
0.152777
-0.224064
0.336366
-0.268761
0.38553
-0.447276
0.351897
-0.517735
0.243079
-0.0697862