
0.401
0.401
0.401
0.401
0.401
0.401
0.401
0.401
0.401
0.401
0.401
0.401
0.401
0.401
0.401
0.401
0.401
0.401
0.401
0.401
0.401
0.401
0.401
0.401
0.401
0.401
0.401
0.401
0.401
0.401
0.401
0.401
0.401
0.401
0.401
0.401
0.401
0.401
0.401
0.401
0.401
0.401
0.401
0.401
0.401
0.401
0.401
0.401
0.401
0.401
0.401
0.401
0.401
0.401
0.401
0.401
0.401
0.401
0.401
0.401
0.401
0.401
0.401
0.401
0.401
0.401
0.401
0.401
0.401
0.401
0.401
0.401
0.401
0.401
0.401
0.401
0.401
0.401
0.401
0.401
0.401
0.401
0.401
0.401
0.401
0.401
0.401
0.401
0.401
0.401
0.401
0.401
0.401
0.401
0.401
0.401
0.401
0.401
0.401
0.401
0.401
0.401
0.401
0.401
0.401
0.401
0.401
0.401
0.401
0.401
0.401
0.401
0.401
0.401
0.401
0.401
0.401
0.401
0.401
0.401
0.401
0.401
0.401
0.401
0.401
0.401
0.401
0.401
0.401
0.401
0.401
0.401
0.401
0.401
0.401
0.401
0.401
0.401
0.401
0.401
0.401
0.401
0.401
0.401
0.401
0.401
0.401
0.401
0.401
0.401
0.401
0.401
0.401
0.401
0.401
0.401
0.401
0.401
0.401
0.401
0.401
0.401
0.401
0.401
0.401
0.401
0.401
0.401
0.401
0.401
0.401
0.401
0.401
0.401
0.401
0.401
0.401
0.401
0.401
0.401
0.401
0.401
0.401
0.401
0.401
0.401
0.401
0.401
0.401
0.401
0.401
0.401
0.401
0.401
0.401
0.401
0.401
0.401
0.401
0.401
0.401
0.401
0.401
0.401
0.401
0.401
0.401
0.401
0.401
0.401
0.401
0.401
0.401
0.401
0.401
0.401
0.401
0.401
0.401
0.401
0.401
0.401
0.401
0.401
0.401
0.401
0.401
0.401
0.401
0.401
0.401
0.401
0.401
0.401
0.401
0.401
0.401
0.401
0.401
0.401
0.401
0.401
0.401
0.401
0.401
0.401
0.401
0.401
0.401
0.401
0.401
0.401
0.401
0.401
0.401
0.401
0.401
0.401
0.401
0.401
0.401
0.401
0.401
0.401
0.401
0.401
0.401
0.401
0.401
0.401
0.401
0.401
0.401
0.401
0.401
0.401
0.401
0.401
0.401
0.401
0.401
0.401
0.401
0.401
0.401
0.401
0.401
0.401
0.401
0.401
0.401
0.401
0.401
0.401
0.401
0.401
0.401
0.401
0.401
0.401
0.401
0.401
0.401
0.401
0.401
0.401
0.401
0.401
0.401
0.401
0.401
0.401
0.401
0.401
0.401
0.401
0.401
0.401
0.401
0.401
0.401
0.401
0.401
0.401
0.401
0.401
0.401
0.401
0.401
0.401
0.401
0.401
0.401
0.401
0.401
0.401
0.401
0.401
0.401
0.401
0.401
0.401
0.401
0.401
0.401
0.401
0.401
0.401
0.401
0.401
0.401
0.401
0.401
0.401
0.401
0.401
0.401
0.401
0.401
0.401
0.401
0.401
0.401
0.401
0.401
0.401
0.401
0.401
0.401
0.401
0.401
0.401
0.401
0.401
0.401
0.401
0.401
0.401
0.401
0.401
0.401
0.401
0.401
0.401
0.401
0.401
0.401
0.401
0.401
0.401
0.401
0.401
0.401
0.401
0.401
0.401
0.401
0.401
0.401
0.401
0.401
0.401
0.401
0.401
0.401
0.401
0.401
0.401
0.401
0.401
0.401
0.401
0.401
0.401
0.401
0.401
0.401
0.401
0.401
0.401
0.401
0.401
0.401
0.401
0.401
0.401
0.401
0.401
0.401
0.401
0.401
0.401
0.401
0.401
0.401
0.401
0.401
0.401
0.401
0.401
0.401
0.401
0.401
0.401
0.401
0.401
0.401
0.401
0.401
0.401
0.401
0.401
0.401
0.401
0.401
0.401
0.401
0.401
0.401
0.401
0.401
0.401
0.401
0.401
0.401
0.401
0.401
0.401
0.401
0.401
0.401
0.401
0.401
0.401
0.401
0.401
0.401
0.401
0.401
0.401
0.401
0.401
0.401
0.401
0.401
0.401
0.401
0.401
0.401
0.401
0.401
0.401
0.401
0.401
0.401
0.401
0.401
0.401
0.401
0.401
0.401
0.401
0.401
0.401
0.401
0.401
0.401
0.401
0.401
0.401
0.401
0.401
0.401
0.401
0.401
0.401
0.401
0.401
0.401
0.401
0.401
0.401
0.401
0.401
0.401
0.401
0.401
0.401
0.401
0.401
0.401
0.401
0.401
0.401
0.401
0.401
0.401
0.401
0.401
0.401
0.401
0.401
0.401
0.401
0.401
0.401
0.401
0.401
0.401
0.401
0.401
0.401
0.401
0.401
0.401
0.401
0.401
0.401
0.401
0.401
0.401
0.401
0.401
0.401
0.401
0.401
0.401
0.401
0.401
0.401
0.401
0.401
0.401
0.401
0.401
0.401
0.401
0.401
0.401
0.401
0.401
0.401
0.401
0.401
0.401
0.401
0.401
0.401
0.401
0.401
0.401
0.401
0.401
0.401
0.401
0.401
0.401
0.401
0.401
0.401
0.401
0.401
0.401
0.401
0.401
0.401001
0.401001
0.401001
0.401001
0.401001
0.401001
0.401001
0.401001
0.401001
0.401001
0.401001
0.401001
0.401001
0.401001
0.401001
0.401001
0.401001
0.401001
0.401001
0.401001
0.401001
0.401001
0.401001
0.401001
0.401001
0.401001
0.401002
0.401002
0.401002
0.401002
0.401002
0.401002
0.401002
0.401002
0.401002
0.401002
0.401002
0.401002
0.401002
0.401002
0.401002
0.401002
0.401002
0.401003
0.401003
0.401003
0.401003
0.401003
0.401003
0.401003
0.401003
0.401003
0.401003
0.401003
0.401003
0.401003
0.401003
0.401004
0.401004
0.401004
0.401004
0.401004
0.401004
0.401004
0.401004
0.401004
0.401004
0.401004
0.401005
0.401005
0.401005
0.401005
0.401005
0.401005
0.401005
0.401005
0.401005
0.401005
0.401006
0.401006
0.401006
0.401006
0.401006
0.401006
0.401006
0.401006
0.401006
0.401006
0.401007
0.401007
0.401007
0.401007
0.401007
0.401007
0.401007
0.401007
0.401008
0.401008
0.401008
0.401008
0.401008
0.401008
0.401008
0.401008
0.401009
0.401009
0.401009
0.401009
0.401009
0.401009
0.401009
0.401009
0.40101
0.40101
0.40101
0.40101
0.40101
0.40101
0.40101
0.401011
0.401011
0.401011
0.401011
0.401011
0.401011
0.401012
0.401012
0.401012
0.401012
0.401012
0.401012
0.401012
0.401013
0.401013
0.401013
0.401013
0.401013
0.401013
0.401014
0.401014
0.401014
0.401014
0.401014
0.401014
0.401015
0.401015
0.401015
0.401015
0.401015
0.401015
0.401016
0.401016
0.401016
0.401016
0.401016
0.401016
0.401017
0.401017
0.401017
0.401017
0.401017
0.401018
0.401018
0.401018
0.401018
0.401018
0.401018
0.401019
0.401019
0.401019
0.401019
0.401019
0.40102
0.40102
0.40102
0.40102
0.40102
0.401021
0.401021
0.401021
0.401021
0.401021
0.401021
0.401022
0.401022
0.401022
0.401022
0.401022
0.401023
0.401023
0.401023
0.401023
0.401023
0.401024
0.401024
0.401024
0.401024
0.401024
0.401025
0.401025
0.401025
0.401025
0.401025
0.401026
0.401026
0.401026
0.401026
0.401026
0.401027
0.401027
0.401027
0.401027
0.401027
0.401028
0.401028
0.401028
0.401028
0.401029
0.401029
0.401029
0.401029
0.40103
0.40103
0.40103
0.40103
0.40103
0.401031
0.401031
0.401031
0.401032
0.401032
0.401032
0.401032
0.401033
0.401033
0.401033
0.401033
0.401034
0.401034
0.401034
0.401035
0.401035
0.401035
0.401035
0.401036
0.401036
0.401036
0.401036
0.401037
0.401037
0.401037
0.401038
0.401038
0.401038
0.401038
0.401039
0.401039
0.401039
0.40104
0.40104
0.40104
0.40104
0.401041
0.401041
0.401041
0.401042
0.401042
0.401042
0.401042
0.401043
0.401043
0.401043
0.401044
0.401044
0.401044
0.401045
0.401045
0.401045
0.401046
0.401046
0.401046
0.401047
0.401047
0.401047
0.401048
0.401048
0.401048
0.401049
0.401049
0.401049
0.40105
0.40105
0.40105
0.401051
0.401051
0.401051
0.401052
0.401052
0.401052
0.401053
0.401053
0.401053
0.401054
0.401054
0.401054
0.401055
0.401055
0.401055
0.401056
0.401056
0.401056
0.401057
0.401057
0.401057
0.401058
0.401058
0.401058
0.401059
0.401059
0.401059
0.401059
0.40106
0.40106
0.401061
0.401061
0.401061
0.401062
0.401062
0.401062
0.401063
0.401063
0.401063
0.401064
0.401064
0.401064
0.401065
0.401065
0.401066
0.401066
0.401066
0.401067
0.401067
0.401067
0.401068
0.401068
0.401068
0.401069
0.401069
0.401069
0.40107
0.40107
0.401071
0.401071
0.401071
0.401072
0.401072
0.401072
0.401073
0.401073
0.401073
0.401074
0.401074
0.401075
0.401075
0.401075
0.401076
0.401076
0.401076
0.401077
0.401077
0.401077
0.401078
0.401078
0.401078
0.401079
0.401079
0.401079
0.40108
0.40108
0.40108
0.401081
0.401081
0.401082
0.401082
0.401082
0.401083
0.401083
0.401083
0.401084
0.401084
0.401085
0.401085
0.401085
0.401086
0.401086
0.401086
0.401087
0.401087
0.401087
0.401088
0.401088
0.401089
0.401089
0.401089
0.40109
0.40109
0.40109
0.401091
0.401091
0.401092
0.401092
0.401092
0.401093
0.401093
0.401093
0.401094
0.401094
0.401095
0.401095
0.401095
0.401096
0.401096
0.401097
0.401097
0.401097
0.401098
0.401098
0.401099
0.401099
0.4011
0.4011
0.4011
0.401101
0.401101
0.401102
0.401102
0.401103
0.401103
0.401104
0.401104
0.401105
0.401105
0.401106
0.401106
0.401107
0.401107
0.401107
0.401108
0.401108
0.401109
0.401109
0.40111
0.40111
0.40111
0.401111
0.401111
0.401112
0.401112
0.401113
0.401113
0.401114
0.401114
0.401114
0.401115
0.401115
0.401116
0.401116
0.401117
0.401117
0.401118
0.401118
0.401118
0.401119
0.401119
0.40112
0.40112
0.401121
0.401121
0.401122
0.401122
0.401123
0.401123
0.401123
0.401124
0.401124
0.401125
0.401125
0.401126
0.401126
0.401127
0.401127
0.401128
0.401128
0.401129
0.401129
0.40113
0.40113
0.401131
0.401131
0.401132
0.401132
0.401133
0.401133
0.401134
0.401134
0.401135
0.401135
0.401136
0.401136
0.401137
0.401138
0.401138
0.401139
0.401139
0.40114
0.40114
0.401141
0.401141
0.401142
0.401143
0.401143
0.401144
0.401144
0.401145
0.401145
0.401146
0.401146
0.401147
0.401148
0.401148
0.401149
0.401149
0.40115
0.40115
0.401151
0.401152
0.401152
0.401153
0.401154
0.401154
0.401155
0.401156
0.401156
0.401157
0.401158
0.401159
0.401159
0.40116
0.401161
0.401161
0.401162
0.401163
0.401163
0.401164
0.401165
0.401165
0.401166
0.401167
0.401167
0.401168
0.401169
0.40117
0.40117
0.401171
0.401172
0.401172
0.401173
0.401174
0.401175
0.401175
0.401176
0.401177
0.401177
0.401178
0.401179
0.401179
0.40118
0.401181
0.401182
0.401182
0.401183
0.401184
0.401185
0.401185
0.401186
0.401187
0.401187
0.401188
0.401189
0.40119
0.40119
0.401191
0.401192
0.401193
0.401193
0.401194
0.401195
0.401196
0.401197
0.401197
0.401198
0.401199
0.4012
0.401201
0.401201
0.401202
0.401203
0.401204
0.401204
0.401205
0.401206
0.401207
0.401208
0.401208
0.401209
0.40121
0.401211
0.401211
0.401212
0.401213
0.401214
0.401215
0.401215
0.401216
0.401217
0.401218
0.401219
0.401219
0.40122
0.401221
0.401222
0.401223
0.401224
0.401224
0.401225
0.401226
0.401227
0.401228
0.401228
0.401229
0.40123
0.401231
0.401232
0.401232
0.401233
0.401234
0.401235
0.401236
0.401237
0.401238
0.401239
0.40124
0.401241
0.401241
0.401242
0.401243
0.401244
0.401245
0.401246
0.401247
0.401248
0.401249
0.40125
0.40125
0.401251
0.401252
0.401253
0.401254
0.401255
0.401256
0.401257
0.401257
0.401258
0.401259
0.40126
0.401261
0.401262
0.401263
0.401263
0.401264
0.401265
0.401266
0.401267
0.401268
0.401268
0.401269
0.40127
0.401271
0.401272
0.401273
0.401274
0.401274
0.401275
0.401276
0.401277
0.401278
0.401279
0.40128
0.401281
0.401282
0.401283
0.401284
0.401285
0.401286
0.401286
0.401287
0.401288
0.401289
0.40129
0.401291
0.401292
0.401293
0.401294
0.401294
0.401295
0.401296
0.401297
0.401298
0.401299
0.4013
0.401301
0.401302
0.401303
0.401304
0.401305
0.401306
0.401306
0.401307
0.401308
0.401309
0.40131
0.401311
0.401312
0.401313
0.401314
0.401315
0.401316
0.401317
0.401318
0.401319
0.40132
0.401321
0.401322
0.401323
0.401324
0.401325
0.401326
0.401327
0.401327
0.401328
0.40133
0.401331
0.401332
0.401333
0.401334
0.401335
0.401336
0.401337
0.401339
0.40134
0.401341
0.401342
0.401343
0.401344
0.401345
0.401346
0.401347
0.401348
0.401349
0.40135
0.401351
0.401352
0.401353
0.401354
0.401355
0.401356
0.401357
0.401359
0.40136
0.401361
0.401362
0.401363
0.401364
0.401365
0.401366
0.401367
0.401369
0.40137
0.401371
0.401372
0.401373
0.401374
0.401375
0.401376
0.401377
0.401379
0.40138
0.401381
0.401382
0.401383
0.401384
0.401385
0.401387
0.401388
0.401389
0.40139
0.401391
0.401392
0.401393
0.401394
0.401396
0.401397
0.401398
0.401399
0.4014
0.401401
0.401403
0.401404
0.401405
0.401406
0.401407
0.401409
0.40141
0.401411
0.401412
0.401413
0.401415
0.401416
0.401417
0.401418
0.401419
0.401421
0.401422
0.401423
0.401424
0.401426
0.401427
0.401428
0.401429
0.401431
0.401432
0.401433
0.401435
0.401436
0.401437
0.401439
0.40144
0.401441
0.401443
0.401444
0.401446
0.401448
0.40145
0.401451
0.401452
0.401454
0.401455
0.401457
0.401458
0.40146
0.401462
0.401463
0.401465
0.401467
0.401468
0.40147
0.401472
0.401473
0.401475
0.401476
0.401478
0.401479
0.401481
0.401483
0.401484
0.401486
0.401487
0.401489
0.401491
0.401492
0.401494
0.401496
0.401497
0.401499
0.401501
0.401502
0.401504
0.401506
0.401507
0.401509
0.401511
0.401512
0.401514
0.401516
0.401518
0.40152
0.401521
0.401523
0.401525
0.401527
0.401528
0.40153
0.401532
0.401534
0.401535
0.401537
0.401539
0.401541
0.401543
0.401545
0.401546
0.401548
0.40155
0.401552
0.401554
0.401556
0.401558
0.401559
0.401561
0.401563
0.401565
0.401567
0.401569
0.401571
0.401573
0.401575
0.401577
0.401579
0.401581
0.401583
0.401585
0.401587
0.401589
0.401592
0.401594
0.401596
0.401598
0.4016
0.401602
0.401605
0.401607
0.401609
0.401611
0.401613
0.401615
0.401617
0.401619
0.401622
0.401624
0.401626
0.401629
0.401631
0.401633
0.401635
0.401637
0.40164
0.401642
0.401644
0.401646
0.401649
0.401651
0.401653
0.401656
0.401658
0.401661
0.401663
0.401666
0.401669
0.401671
0.401674
0.401676
0.401679
0.401683
0.401685
0.401687
0.40169
0.401692
0.401695
0.401697
0.4017
0.401702
0.401705
0.401707
0.401709
0.401712
0.401714
0.401716
0.401718
0.401721
0.401723
0.401726
0.401728
0.40173
0.401733
0.401735
0.401738
0.401741
0.401743
0.401746
0.401748
0.401751
0.401753
0.401756
0.401758
0.401761
0.401763
0.401765
0.401768
0.40177
0.401772
0.401775
0.401778
0.401781
0.401783
0.401786
0.401788
0.401791
0.401793
0.401796
0.401798
0.4018
0.401803
0.401805
0.401807
0.40181
0.401812
0.401815
0.401817
0.401819
0.401822
0.401824
0.401827
0.401829
0.401831
0.401834
0.401836
0.401838
0.401841
0.401843
0.401846
0.401848
0.401851
0.401853
0.401855
0.401858
0.40186
0.401863
0.401865
0.401867
0.40187
0.401873
0.401875
0.401877
0.40188
0.401882
0.401884
0.401887
0.401889
0.401892
0.401894
0.401897
0.401899
0.401902
0.401904
0.401906
0.401908
0.401911
0.401913
0.401916
0.401918
0.401921
0.401924
0.401927
0.401931
0.401934
0.401937
0.40194
0.401942
0.401945
0.401947
0.40195
0.401952
0.401955
0.401957
0.40196
0.401962
0.401965
0.401967
0.40197
0.401972
0.401975
0.401978
0.40198
0.401983
0.401986
0.401988
0.401991
0.401994
0.401997
0.401999
0.402002
0.402004
0.402007
0.40201
0.402013
0.402015
0.402018
0.402021
0.402023
0.402026
0.402029
0.402031
0.402034
0.402037
0.402039
0.402042
0.402045
0.402047
0.40205
0.402052
0.402055
0.402058
0.402061
0.402063
0.402066
0.402069
0.402071
0.402074
0.402077
0.402079
0.402082
0.402085
0.402088
0.40209
0.402094
0.402096
0.402099
0.402102
0.402105
0.402107
0.40211
0.402112
0.402115
0.402118
0.40212
0.402123
0.402126
0.402129
0.402132
0.402135
0.402137
0.40214
0.402143
0.402145
0.402148
0.402151
0.402153
0.402156
0.402159
0.402161
0.402164
0.402167
0.40217
0.402172
0.402175
0.402178
0.402181
0.402184
0.402186
0.402189
0.402192
0.402194
0.402197
0.4022
0.402203
0.402207
0.40221
0.402214
0.402217
0.40222
0.402223
0.402226
0.402229
0.402232
0.402235
0.402238
0.402241
0.402243
0.402246
0.40225
0.402252
0.402255
0.402258
0.402262
0.402265
0.402268
0.402272
0.402275
0.402278
0.402281
0.402284
0.402287
0.40229
0.402293
0.402296
0.402299
0.402302
0.402305
0.402308
0.402311
0.402314
0.402318
0.402321
0.402324
0.402327
0.40233
0.402333
0.402336
0.402339
0.402342
0.402346
0.402349
0.402352
0.402355
0.402358
0.402361
0.402365
0.402368
0.402371
0.402374
0.402377
0.40238
0.402384
0.402388
0.402391
0.402394
0.402397
0.402401
0.402404
0.402407
0.40241
0.402413
0.402417
0.40242
0.402424
0.402427
0.40243
0.402433
0.402437
0.40244
0.402443
0.402446
0.402449
0.402453
0.402456
0.402459
0.402462
0.402465
0.402468
0.402471
0.402475
0.402478
0.402481
0.402484
0.402487
0.40249
0.402493
0.402496
0.4025
0.402503
0.402506
0.402509
0.402512
0.402515
0.402519
0.402523
0.402526
0.402529
0.402533
0.402537
0.402541
0.402544
0.402547
0.402551
0.402554
0.402558
0.402562
0.402565
0.402568
0.402572
0.402575
0.402578
0.402582
0.402585
0.402588
0.402591
0.402594
0.402598
0.402601
0.402604
0.402607
0.40261
0.402614
0.402617
0.402621
0.402625
0.402628
0.402631
0.402635
0.402638
0.402642
0.402645
0.402649
0.402652
0.402655
0.402659
0.402662
0.402665
0.402669
0.402672
0.402675
0.402679
0.402682
0.402686
0.402689
0.402692
0.402695
0.402699
0.402702
0.402706
0.402709
0.402713
0.402715
0.402718
0.402723
0.402728
0.402733
0.402738
0.402743
0.402747
0.402752
0.402757
0.402762
0.402767
0.402771
0.402776
0.402781
0.402784
0.402789
0.402792
0.402795
0.402798
0.402802
0.402805
0.402808
0.402811
0.402814
0.402817
0.40282
0.402823
0.402826
0.402829
0.402833
0.402836
0.402839
0.402842
0.402845
0.402848
0.402851
0.402855
0.402858
0.402861
0.402864
0.402868
0.402872
0.402876
0.40288
0.402884
0.402887
0.40289
0.402893
0.402896
0.402899
0.402902
0.402905
0.402908
0.402911
0.402914
0.402917
0.40292
0.402924
0.402927
0.40293
0.402933
0.402936
0.402939
0.402942
0.402945
0.402948
0.402951
0.402955
0.402958
0.402961
0.402964
0.402968
0.402971
0.402974
0.402977
0.40298
0.402983
0.402986
0.402989
0.402992
0.402995
0.402998
0.403001
0.403005
0.403007
0.40301
0.403013
0.403016
0.40302
0.403023
0.403026
0.403029
0.403032
0.403035
0.403038
0.403041
0.403044
0.403046
0.403049
0.403052
0.403055
0.403058
0.403061
0.403064
0.403067
0.40307
0.403072
0.403075
0.403078
0.403081
0.403084
0.403087
0.40309
0.403092
0.403095
0.403098
0.4031
0.403103
0.403106
0.403109
0.403111
0.403114
0.403117
0.40312
0.403122
0.403125
0.403128
0.40313
0.403133
0.403136
0.403138
0.403141
0.403144
0.403147
0.403149
0.403152
0.403155
0.403158
0.403161
0.403164
0.403166
0.403169
0.403172
0.403176
0.403179
0.403182
0.403185
0.403189
0.403192
0.403195
0.403197
0.4032
0.403203
0.403205
0.403208
0.403211
0.403216
0.40322
0.403225
0.403229
0.403233
0.403236
0.40324
0.403245
0.403248
0.403251
0.403254
0.403257
0.403259
0.403262
0.403265
0.403267
0.40327
0.403273
0.403275
0.403278
0.40328
0.403283
0.403286
0.403289
0.403292
0.403294
0.403297
0.4033
0.403302
0.403305
0.403307
0.40331
0.403313
0.403315
0.403318
0.403321
0.403323
0.403326
0.403328
0.403331
0.403333
0.403336
0.403338
0.403341
0.403343
0.403346
0.403349
0.403351
0.403354
0.403357
0.403359
0.403362
0.403364
0.403367
0.403369
0.403372
0.403374
0.403377
0.403379
0.403382
0.403384
0.403387
0.403389
0.403392
0.403394
0.403397
0.403399
0.403402
0.403404
0.403407
0.403409
0.403411
0.403414
0.403416
0.403418
0.40342
0.403423
0.403425
0.403428
0.40343
0.403433
0.403436
0.403439
0.403442
0.403445
0.403447
0.403449
0.403452
0.403454
0.403458
0.403461
0.403465
0.403468
0.403472
0.403474
0.403478
0.403481
0.403484
0.403488
0.403491
0.403494
0.403497
0.403501
0.403504
0.403507
0.40351
0.403513
0.403516
0.40352
0.403523
0.403526
0.403529
0.403532
0.403535
0.403538
0.403541
0.403544
0.403547
0.40355
0.403553
0.403556
0.403559
0.403561
0.403564
0.403567
0.40357
0.403573
0.403576
0.40358
0.403583
0.403585
0.403588
0.403591
0.403595
0.403598
0.403601
0.403604
0.403607
0.40361
0.403613
0.403616
0.403619
0.403622
0.403625
0.403628
0.403631
0.403634
0.403637
0.40364
0.403643
0.403646
0.403649
0.403652
0.403655
0.403658
0.40366
0.403662
0.403665
0.403669
0.403671
0.403674
0.403676
0.403679
0.403682
0.403685
0.403688
0.403691
0.403694
0.403697
0.4037
0.403703
0.403706
0.403709
0.403712
0.403715
0.403718
0.403721
0.403723
0.403726
0.403729
0.403732
0.403735
0.403738
0.403741
0.403744
0.403747
0.40375
0.403752
0.403755
0.403758
0.403761
0.403763
0.403766
0.403769
0.403772
0.403775
0.403778
0.40378
0.403783
0.403786
0.403789
0.403792
0.403794
0.403797
0.4038
0.403803
0.403806
0.403808
0.403811
0.403814
0.403817
0.403819
0.403822
0.403825
0.403827
0.40383
0.403833
0.403835
0.403838
0.403841
0.403843
0.403846
0.403848
0.403851
0.403853
0.403854
0.403856
0.40386
0.403861
0.403864
0.403867
0.403869
0.403872
0.403874
0.403877
0.40388
0.403882
0.403885
0.403887
0.403889
0.403891
0.403894
0.403897
0.403898
0.403901
0.403904
0.403907
0.403908
0.403911
0.403912
0.403914
0.403915
0.403918
0.40392
0.403923
0.403925
0.403927
0.40393
0.403931
0.403933
0.403934
0.403936
0.403938
0.40394
0.403941
0.403942
0.403944
0.403947
0.403948
0.40395
0.403951
0.403953
0.403954
0.403956
0.403957
0.403959
0.403961
0.403962
0.403964
0.403965
0.403967
0.403968
0.40397
0.403971
0.403973
0.403975
0.403976
0.403978
0.403979
0.403981
0.403983
0.403984
0.403986
0.403987
0.403989
0.40399
0.403992
0.403994
0.403995
0.403997
0.403998
0.404
0.404001
0.404003
0.404004
0.404006
0.404008
0.404009
0.404011
0.404013
0.404014
0.404016
0.404017
0.404019
0.404021
0.404023
0.404025
0.404026
0.404028
0.40403
0.404031
0.404033
0.404034
0.404036
0.404037
0.404039
0.40404
0.404042
0.404044
0.404045
0.404047
0.404048
0.40405
0.404051
0.404053
0.404055
0.404056
0.404058
0.404059
0.404061
0.404063
0.404064
0.404066
0.404067
0.404069
0.404071
0.404072
0.404074
0.404075
0.404077
0.404078
0.40408
0.404081
0.404083
0.404084
0.404086
0.404088
0.404089
0.404091
0.404092
0.404094
0.404095
0.404097
0.404098
0.404099
0.404101
0.404102
0.404104
0.404105
0.404107
0.404108
0.40411
0.404112
0.404113
0.404115
0.404116
0.404118
0.404119
0.404121
0.404122
0.404124
0.404125
0.404127
0.404128
0.40413
0.404131
0.404133
0.404134
0.404135
0.404137
0.404138
0.40414
0.404141
0.404142
0.404144
0.404145
0.404146
0.404148
0.404149
0.40415
0.404152
0.404153
0.404154
0.404156
0.404157
0.404158
0.40416
0.404161
0.404162
0.404164
0.404165
0.404166
0.404168
0.404169
0.40417
0.404172
0.404174
0.404175
0.404177
0.404178
0.40418
0.404181
0.404183
0.404184
0.404186
0.404187
0.404188
0.40419
0.404191
0.404193
0.404194
0.404195
0.404197
0.404198
0.4042
0.404202
0.404203
0.404205
0.404206
0.404208
0.40421
0.404211
0.404213
0.404214
0.404216
0.404218
0.40422
0.404221
0.404223
0.404225
0.404227
0.404228
0.40423
0.404232
0.404234
0.404235
0.404237
0.404239
0.404241
0.404242
0.404244
0.404246
0.404248
0.40425
0.404252
0.404254
0.404256
0.404258
0.40426
0.404262
0.404264
0.404266
0.404269
0.404271
0.404273
0.404275
0.404277
0.404279
0.404281
0.404284
0.404286
0.404288
0.40429
0.404293
0.404295
0.404297
0.4043
0.404302
0.404305
0.404307
0.40431
0.404312
0.404315
0.404317
0.40432
0.404322
0.404325
0.404327
0.40433
0.404332
0.404335
0.404337
0.40434
0.404342
0.404345
0.404348
0.40435
0.404353
0.404356
0.404358
0.404361
0.404364
0.404366
0.404369
0.404372
0.404375
0.404379
0.404382
0.404386
0.404389
0.404392
0.404395
0.404398
0.404401
0.404404
0.404407
0.40441
0.404413
0.404416
0.40442
0.404423
0.404426
0.404429
0.404432
0.404436
0.404439
0.404442
0.404445
0.404449
0.404452
0.404456
0.404459
0.404462
0.404466
0.404469
0.404472
0.404476
0.40448
0.404483
0.404486
0.40449
0.404493
0.404496
0.4045
0.404503
0.404507
0.40451
0.404514
0.404517
0.404521
0.404524
0.404528
0.404532
0.404536
0.40454
0.404545
0.404549
0.404553
0.404556
0.40456
0.404564
0.404567
0.404571
0.404575
0.40458
0.404583
0.404587
0.404591
0.404595
0.404599
0.404603
0.404608
0.404611
0.404615
0.404619
0.404623
0.404627
0.404631
0.404636
0.40464
0.404644
0.404649
0.404653
0.404657
0.404662
0.404666
0.40467
0.404675
0.404679
0.404683
0.404688
0.404692
0.404696
0.404701
0.404705
0.40471
0.404714
0.404719
0.404724
0.404728
0.404732
0.404737
0.404741
0.404746
0.404751
0.404756
0.404762
0.404768
0.404774
0.404779
0.404785
0.40479
0.404795
0.4048
0.404805
0.40481
0.404815
0.40482
0.404825
0.40483
0.404836
0.404841
0.404846
0.404851
0.404857
0.404862
0.404867
0.404872
0.404878
0.404883
0.404889
0.404895
0.404901
0.404907
0.404913
0.40492
0.404926
0.404931
0.404937
0.404943
0.404948
0.404953
0.404958
0.404963
0.404968
0.404973
0.404979
0.404984
0.404989
0.404995
0.405
0.405005
0.405011
0.405017
0.405022
0.405027
0.405033
0.405039
0.405044
0.40505
0.405055
0.40506
0.405071
0.405081
0.405087
0.405092
0.405098
0.405103
0.405109
0.405114
0.40512
0.405126
0.405131
0.405137
0.405147
0.405157
0.405167
0.405173
0.405184
0.405194
0.405205
0.405216
0.405226
0.405237
0.405248
0.40526
0.405271
0.405281
0.405287
0.405293
0.405304
0.40531
0.405316
0.405327
0.405338
0.405349
0.40536
0.405366
0.405372
0.405379
0.405385
0.405391
0.405398
0.405405
0.405411
0.405417
0.405429
0.405435
0.405446
0.405457
0.405468
0.405479
0.405485
0.405497
0.405508
0.40552
0.405531
0.405542
0.405549
0.405555
0.405562
0.405573
0.405579
0.405591
0.405597
0.405604
0.405616
0.405627
0.405633
0.405645
0.405656
0.405667
0.405678
0.405689
0.405701
0.405712
0.405723
0.405734
0.405745
0.405757
0.405768
0.405779
0.40579
0.405801
0.405812
0.405823
0.405834
0.405845
0.405851
0.405862
0.405873
0.405884
0.405895
0.405906
0.405917
0.405928
0.405939
0.405951
0.405961
0.405973
0.405985
0.405991
0.406002
0.406013
0.406024
0.406035
0.406041
0.406053
0.406064
0.406076
0.406083
0.40609
0.406097
0.406103
0.40611
0.406116
0.406123
0.406129
0.406135
0.406146
0.406157
0.406163
0.406169
0.406175
0.406181
0.406192
0.406203
0.406208
0.406214
0.406225
0.406235
0.406246
0.406257
0.406268
0.406278
0.406288
0.406294
0.406305
0.406315
0.406326
0.406331
0.406337
0.406342
0.406347
0.406358
0.406363
0.406373
0.406383
0.406388
0.406398
0.406404
0.406414
0.406419
0.406424
0.406429
0.406439
0.406449
0.406459
0.406464
0.406473
0.406483
0.406492
0.406502
0.406511
0.406515
0.406525
0.406534
0.406544
0.406552
0.406561
0.406566
0.406572
0.406581
0.406585
0.406591
0.406599
0.406608
0.406612
0.406617
0.406622
0.406631
0.406635
0.406644
0.406652
0.406657
0.406665
0.406673
0.406677
0.406682
0.406687
0.406691
0.406696
0.406702
0.406707
0.406712
0.406716
0.406721
0.406725
0.406729
0.406736
0.40674
0.406744
0.406748
0.406753
0.406757
0.406765
0.406769
0.406772
0.406776
0.40678
0.406784
0.406791
0.406795
0.406799
0.406802
0.40681
0.406813
0.406817
0.406821
0.406825
0.406829
0.406832
0.406836
0.40684
0.406846
0.40685
0.406857
0.40686
0.406865
0.406868
0.406875
0.406878
0.406881
0.406885
0.406891
0.406894
0.406898
0.406901
0.406904
0.406908
0.406911
0.406915
0.406918
0.406921
0.406927
0.40693
0.406934
0.406937
0.40694
0.406943
0.406946
0.406949
0.406953
0.406955
0.406959
0.406962
0.406965
0.406968
0.406971
0.406974
0.406977
0.40698
0.406983
0.406986
0.406989
0.406992
0.406995
0.406997
0.407001
0.407004
0.407007
0.40701
0.407013
0.407015
0.407018
0.407021
0.407024
0.407027
0.407029
0.407032
0.407035
0.407038
0.407041
0.407044
0.407046
0.407049
0.407052
0.407055
0.407057
0.40706
0.407063
0.407066
0.407069
0.407072
0.407076
0.407079
0.407082
0.407085
0.407088
0.407091
0.407094
0.407099
0.407105
0.407107
0.407113
0.407115
0.407118
0.407121
0.407124
0.407126
0.407129
0.407132
0.407134
0.407137
0.40714
0.407143
0.407146
0.407149
0.407154
0.407159
0.407162
0.407164
0.407167
0.40717
0.407172
0.407178
0.40718
0.407183
0.407186
0.407188
0.407191
0.407196
0.407199
0.407204
0.407206
0.407209
0.407212
0.407214
0.407217
0.40722
0.407223
0.407226
0.407228
0.407231
0.407234
0.407236
0.407239
0.407244
0.407249
0.407252
0.407255
0.407258
0.40726
0.407264
0.407269
0.407272
0.407274
0.407277
0.40728
0.407283
0.407288
0.40729
0.407293
0.407298
0.407301
0.407306
0.407312
0.407314
0.407317
0.407321
0.407324
0.407326
0.407329
0.407332
0.407335
0.40734
0.407343
0.407345
0.407349
0.407351
0.407354
0.407359
0.407362
0.407365
0.407368
0.407371
0.407373
0.407377
0.40738
0.407383
0.407387
0.40739
0.407393
0.407397
0.4074
0.407403
0.407407
0.40741
0.407413
0.407415
0.407419
0.407425
0.407428
0.407431
0.407435
0.40744
0.407443
0.407446
0.407452
0.407458
0.407464
0.407467
0.40747
0.407473
0.407476
0.407482
0.407485
0.407488
0.407492
0.407495
0.407498
0.407504
0.407507
0.407511
0.407517
0.407523
0.407526
0.407533
0.407539
0.407543
0.407546
0.40755
0.407553
0.40756
0.407563
0.407567
0.407571
0.407574
0.407582
0.407589
0.407592
0.407596
0.407599
0.407606
0.40761
0.407614
0.407618
0.407621
0.407625
0.407629
0.407632
0.407636
0.40764
0.407643
0.407647
0.40765
0.407654
0.407661
0.407665
0.407668
0.407672
0.407679
0.407682
0.407685
0.407689
0.407693
0.407696
0.407699
0.407703
0.407706
0.40771
0.407716
0.407719
0.407723
0.407726
0.407729
0.407732
0.407736
0.407742
0.407748
0.407754
0.407761
0.407765
0.407768
0.407772
0.407775
0.407779
0.407782
0.407785
0.407789
0.407792
0.407798
0.407804
0.40781
0.407816
0.407822
0.407829
0.407835
0.407841
0.407847
0.407853
0.40786
0.407866
0.407873
0.407879
0.407882
0.407886
0.407892
0.407896
0.407902
0.407906
0.407913
0.407919
0.407923
0.40793
0.407937
0.407944
0.407947
0.407951
0.407955
0.407959
0.407963
0.40797
0.407977
0.407984
0.407991
0.408
0.408007
0.408015
0.408018
0.408026
0.408033
0.408037
0.408041
0.408045
0.408053
0.408061
0.408069
0.408076
0.408084
0.408092
0.4081
0.408108
0.408112
0.408117
0.408124
0.408133
0.408141
0.408149
0.408158
0.408166
0.408175
0.408183
0.408191
0.4082
0.408206
0.40821
0.408216
0.408221
0.408226
0.40823
0.408235
0.408239
0.408248
0.408256
0.408265
0.408273
0.408282
0.40829
0.408295
0.408304
0.408313
0.408322
0.408327
0.408332
0.408341
0.408346
0.408355
0.40836
0.40837
0.408379
0.40839
0.4084
0.408409
0.408419
0.408428
0.408438
0.408447
0.408457
0.408467
0.408472
0.408482
0.408491
0.408501
0.408512
0.408522
0.408531
0.408541
0.408551
0.408561
0.408571
0.408581
0.408591
0.408602
0.408612
0.408622
0.408632
0.408642
0.408653
0.408663
0.408673
0.408683
0.408693
0.408703
0.408713
0.408723
0.408733
0.408743
0.408753
0.408764
0.40877
0.40878
0.40879
0.4088
0.408806
0.408812
0.408819
0.408824
0.40883
0.408837
0.408843
0.408849
0.408854
0.408864
0.408875
0.408884
0.408894
0.408904
0.408914
0.408924
0.408934
0.408943
0.408953
0.408963
0.408972
0.408983
0.408992
0.409002
0.409011
0.409021
0.409027
0.409037
0.409042
0.409051
0.40906
0.409068
0.409076
0.409085
0.409093
0.4091
0.409108
0.409115
0.409123
0.409131
0.409138
0.409145
0.409153
0.40916
0.409167
0.409174
0.409181
0.409188
0.409194
0.409201
0.409207
0.409214
0.40922
0.409226
0.409232
0.409239
0.409245
0.409251
0.409257
0.409262
0.409268
0.409274
0.409279
0.409285
0.40929
0.409296
0.409301
0.409306
0.409311
0.409318
0.409323
0.409328
0.409333
0.409338
0.409342
0.409347
0.409352
0.409357
0.409362
0.409366
0.409371
0.409375
0.409379
0.409385
0.40939
0.409396
0.409401
0.409405
0.40941
0.409413
0.409417
0.40942
0.409424
0.409427
0.409431
0.409434
0.409438
0.409441
0.409444
0.409447
0.40945
0.409453
0.409455
0.409458
0.409461
0.409464
0.409466
0.409469
0.409471
0.409474
0.409476
0.409479
0.409481
0.409483
0.409485
0.409487
0.409489
0.409491
0.409493
0.409495
0.409497
0.409499
0.409501
0.409502
0.409504
0.409505
0.409506
0.409508
0.409509
0.40951
0.409511
0.409512
0.409514
0.409514
0.409515
0.409516
0.409517
0.409518
0.409518
0.409519
0.409519
0.40952
0.40952
0.409521
0.409521
0.409521
0.409521
0.409521
0.409521
0.409521
0.409521
0.409521
0.409521
0.409521
0.409521
0.40952
0.40952
0.40952
0.409519
0.409518
0.409518
0.409517
0.409516
0.409516
0.409515
0.409514
0.409513
0.409512
0.409511
0.40951
0.409508
0.409507
0.409506
0.409505
0.409504
0.409502
0.409501
0.4095
0.409498
0.409496
0.409495
0.409493
0.409492
0.40949
0.409488
0.409486
0.409484
0.409483
0.409481
0.409479
0.409477
0.409476
0.409474
0.409472
0.40947
0.409468
0.409466
0.409464
0.409462
0.409461
0.409459
0.409457
0.409455
0.409453
0.409451
0.409449
0.409447
0.409444
0.409442
0.40944
0.409438
0.409436
0.409433
0.409431
0.409429
0.409427
0.409424
0.409422
0.40942
0.409417
0.409415
0.409413
0.40941
0.409408
0.409406
0.409403
0.409401
0.409398
0.409396
0.409394
0.409391
0.409389
0.409386
0.409383
0.409381
0.409378
0.409376
0.409373
0.409371
0.409368
0.409366
0.409363
0.409361
0.409358
0.409355
0.409353
0.40935
0.409347
0.409345
0.409342
0.409339
0.409336
0.409333
0.40933
0.409327
0.409324
0.409321
0.409317
0.409314
0.409311
0.409308
0.409304
0.4093
0.409298
0.409295
0.409288
0.409285
0.40928
0.409278
0.409276
0.409274
0.409271
0.40927
0.409267
0.409265
0.409263
0.409261
0.409259
0.409255
0.409253
0.409251
0.409249
0.409247
0.409245
0.409242
0.40924
0.409236
0.409234
0.409232
0.40923
0.409228
0.409226
0.409224
0.409222
0.40922
0.409217
0.409215
0.409213
0.409211
0.409208
0.409206
0.409203
0.409201
0.409199
0.409197
0.409194
0.409192
0.409189
0.409187
0.409185
0.409182
0.40918
0.409178
0.409175
0.409173
0.40917
0.409168
0.409166
0.409163
0.40916
0.409158
0.409155
0.409152
0.409149
0.409147
0.409145
0.409142
0.40914
0.409137
0.409135
0.409132
0.40913
0.409127
0.409124
0.409121
0.409119
0.409116
0.409113
0.40911
0.409107
0.409104
0.409102
0.409099
0.409096
0.409093
0.40909
0.409087
0.409084
0.409081
0.409078
0.409075
0.409071
0.409068
0.409065
0.409062
0.409058
0.409055
0.409049
0.409043
0.409036
0.409033
0.409026
0.409023
0.409019
0.409012
0.409008
0.409004
0.409001
0.408994
0.40899
0.408986
0.408982
0.408978
0.40897
0.408963
0.408956
0.408949
0.408942
0.408934
0.408926
0.408922
0.408914
0.408906
0.408898
0.40889
0.408882
0.408878
0.408869
0.408861
0.408853
0.408845
0.408837
0.408828
0.40882
0.408811
0.408802
0.408793
0.408784
0.408775
0.408767
0.408758
0.40875
0.40874
0.40873
0.408721
0.408711
0.408702
0.408694
0.408685
0.408676
0.408667
0.408658
0.408648
0.408639
0.408629
0.40862
0.408611
0.408602
0.408593
0.408583
0.408575
0.408566
0.408557
0.408549
0.408541
0.408532
0.408524
0.408516
0.408508
0.408501
0.408493
0.408486
0.408478
0.408471
0.408464
0.408458
0.408451
0.408445
0.408438
0.408432
0.408426
0.40842
0.408413
0.408405
0.408398
0.408392
0.408385
0.408379
0.408372
0.408367
0.408362
0.408357
0.408352
0.408346
0.408341
0.408337
0.408332
0.408328
0.408323
0.408319
0.408315
0.408311
0.408307
0.408303
0.4083
0.408296
0.408293
0.40829
0.408287
0.408284
0.408282
0.408279
0.408277
0.408274
0.408272
0.40827
0.408269
0.408267
0.408266
0.408264
0.408263
0.408262
0.408262
0.408261
0.408261
0.408261
0.408261
0.408261
0.408261
0.408261
0.408262
0.408263
0.408264
0.408265
0.408267
0.408268
0.40827
0.408272
0.408274
0.408276
0.408279
0.408281
0.408284
0.408287
0.40829
0.408294
0.408298
0.408301
0.408305
0.40831
0.408314
0.408319
0.408324
0.408338
0.408345
0.408351
0.408358
0.408364
0.408372
0.408378
0.408385
0.408393
0.408402
0.408412
0.40842
0.408431
0.408442
0.40845
0.408464
0.408472
0.408479
0.408493
0.408506
0.408525
0.408534
0.408548
0.408558
0.408568
0.408579
0.408589
0.4086
0.40861
0.408629
0.408647
0.408666
0.408685
0.408704
0.408725
0.408746
0.408767
0.408788
0.40881
0.408832
0.408855
0.408877
0.4089
0.408922
0.408946
0.408969
0.408995
0.409009
0.409033
0.409047
0.409071
0.409096
0.40912
0.409144
0.409168
0.409194
0.409217
0.409241
0.409266
0.40929
0.409313
0.409337
0.409361
0.409384
0.409407
0.40943
0.409452
0.409474
0.409495
0.409516
0.409533
0.409549
0.409566
0.409584
0.4096
0.409617
0.409635
0.409652
0.409668
0.409685
0.409701
0.409717
0.409733
0.409749
0.409766
0.409782
0.409799
0.409815
0.40983
0.409846
0.409861
0.409877
0.409895
0.409912
0.409927
0.409944
0.409959
0.409975
0.409991
0.410007
0.410022
0.410036
0.410055
0.410074
0.410094
0.41011
0.410127
0.410144
0.410162
0.410178
0.410192
0.410207
0.410225
0.41024
0.410254
0.41027
0.410285
0.410301
0.410317
0.410331
0.410347
0.410361
0.410377
0.410394
0.410408
0.410424
0.41044
0.410454
0.41047
0.410485
0.410499
0.410513
0.410528
0.410544
0.410558
0.410573
0.410588
0.410603
0.410619
0.410636
0.410653
0.410674
0.410693
0.410715
0.410735
0.410755
0.410776
0.410796
0.410816
0.410837
0.410858
0.410879
0.4109
0.410921
0.410943
0.410964
0.410985
0.411006
0.411026
0.411049
0.41107
0.41109
0.41111
0.411129
0.411148
0.411166
0.411184
0.411201
0.411218
0.411234
0.41125
0.411266
0.411282
0.411298
0.411313
0.411328
0.411343
0.411359
0.411374
0.411389
0.411403
0.411419
0.411434
0.411449
0.411464
0.411479
0.411494
0.411512
0.411529
0.411545
0.411561
0.411577
0.411594
0.41161
0.411625
0.41164
0.411658
0.411674
0.411691
0.411707
0.411724
0.41174
0.411758
0.411776
0.411791
0.411806
0.411822
0.411837
0.411852
0.411867
0.411882
0.411896
0.411911
0.411926
0.411941
0.411956
0.411971
0.411986
0.412001
0.412015
0.41203
0.412044
0.41206
0.412076
0.412092
0.412107
0.412123
0.412138
0.412155
0.41217
0.412185
0.412202
0.412217
0.412233
0.412248
0.412265
0.41228
0.412296
0.412312
0.412327
0.412346
0.412362
0.412381
0.412397
0.412414
0.412429
0.412445
0.412462
0.412478
0.412494
0.41251
0.412524
0.412541
0.412557
0.412574
0.412589
0.412605
0.412621
0.412637
0.412653
0.412668
0.412684
0.4127
0.412716
0.412732
0.412748
0.412765
0.412782
0.4128
0.412816
0.412831
0.412848
0.412863
0.412881
0.412899
0.412915
0.41293
0.412946
0.412961
0.412976
0.412993
0.41301
0.413026
0.413041
0.413058
0.413074
0.413094
0.413113
0.413129
0.413144
0.41316
0.413177
0.413194
0.41321
0.413225
0.41324
0.413255
0.41327
0.413286
0.4133
0.413319
0.413338
0.413358
0.413376
0.413394
0.413412
0.413432
0.413449
0.413465
0.413481
0.413496
0.413512
0.413528
0.413544
0.413561
0.41358
0.413599
0.413616
0.413632
0.413651
0.413669
0.413685
0.413701
0.413718
0.413733
0.413749
0.413764
0.41378
0.413796
0.413812
0.413828
0.413845
0.41386
0.413875
0.413891
0.413908
0.413924
0.41394
0.413957
0.413974
0.413991
0.414006
0.414022
0.414038
0.414055
0.41407
0.414087
0.414104
0.41412
0.414134
0.41415
0.414167
0.414183
0.4142
0.414216
0.414232
0.414248
0.414263
0.414279
0.414296
0.414312
0.414328
0.414344
0.414361
0.414376
0.414392
0.414407
0.414423
0.414443
0.414459
0.414475
0.414491
0.414508
0.414525
0.414543
0.414559
0.414575
0.414592
0.414608
0.414623
0.414638
0.414653
0.41467
0.414686
0.414702
0.414718
0.414733
0.414749
0.414765
0.414782
0.414798
0.414814
0.41483
0.414845
0.414863
0.414879
0.414894
0.414912
0.414927
0.414943
0.414959
0.414975
0.414991
0.415007
0.415025
0.415045
0.415064
0.415081
0.4151
0.415117
0.415134
0.415151
0.415168
0.415183
0.415198
0.415214
0.41523
0.415247
0.415261
0.415276
0.415292
0.415307
0.415322
0.415337
0.415352
0.415367
0.415383
0.415399
0.415416
0.41543
0.415445
0.415461
0.415477
0.415494
0.415509
0.415526
0.415541
0.415558
0.415574
0.415589
0.415604
0.415619
0.415634
0.41565
0.415665
0.41568
0.415697
0.415714
0.415729
0.415745
0.41576
0.415779
0.415794
0.41581
0.415827
0.415843
0.415859
0.415878
0.415893
0.415908
0.415923
0.415937
0.415952
0.415968
0.415982
0.415997
0.416019
0.416034
0.416055
0.41607
0.416085
0.416099
0.416116
0.416134
0.416149
0.416163
0.416178
0.416199
0.416218
0.416236
0.41625
0.416265
0.41628
0.416295
0.416316
0.416332
0.416347
0.416362
0.416377
0.416392
0.416409
0.416428
0.416444
0.416462
0.416479
0.416495
0.416512
0.416533
0.416555
0.416573
0.416589
0.416605
0.416624
0.416643
0.41666
0.416676
0.416693
0.416713
0.416735
0.416755
0.416779
0.416796
0.416812
0.416834
0.416851
0.416869
0.416884
0.416906
0.416922
0.416936
0.416952
0.416967
0.416983
0.416998
0.417014
0.417029
0.417045
0.417061
0.417076
0.417091
0.417107
0.417123
0.417138
0.417153
0.417169
0.417184
0.417199
0.417214
0.417229
0.417244
0.417259
0.417274
0.417289
0.417304
0.417319
0.417334
0.417349
0.417364
0.417379
0.417394
0.417415
0.417436
0.417451
0.417467
0.417484
0.417498
0.417515
0.41753
0.417544
0.417559
0.417575
0.417589
0.417605
0.41762
0.417635
0.417651
0.417665
0.417681
0.417695
0.417712
0.417727
0.417743
0.417759
0.417776
0.417791
0.417806
0.417822
0.417838
0.417853
0.41787
0.417885
0.4179
0.417916
0.417931
0.417947
0.417962
0.417978
0.417994
0.41801
0.418026
0.418042
0.418058
0.418075
0.41809
0.418107
0.418129
0.418146
0.418164
0.418183
0.418205
0.418229
0.418251
0.418268
0.418287
0.418305
0.418322
0.418343
0.418362
0.418379
0.418397
0.418414
0.418434
0.418454
0.418479
0.4185
0.418521
0.418539
0.418558
0.418577
0.418594
0.418611
0.418626
0.418643
0.418659
0.418674
0.418691
0.418713
0.41873
0.418745
0.418761
0.418778
0.418798
0.418813
0.418826
0.418842
0.418856
0.418872
0.418888
0.418907
0.418922
0.418937
0.418952
0.418966
0.41898
0.418995
0.419009
0.419022
0.419036
0.419049
0.419062
0.419075
0.419088
0.419103
0.419118
0.419131
0.419146
0.419163
0.419179
0.419193
0.419206
0.41922
0.419233
0.419246
0.419258
0.419272
0.419286
0.419298
0.41931
0.419323
0.419334
0.419346
0.419359
0.419371
0.419383
0.419395
0.419407
0.419419
0.419431
0.419443
0.419456
0.419467
0.419478
0.419489
0.4195
0.419511
0.419521
0.419531
0.419541
0.419551
0.419561
0.41957
0.419579
0.419584
0.419593
0.419601
0.419609
0.419616
0.419624
0.41963
0.419636
0.419643
0.419646
0.419649
0.419652
0.419655
0.419657
0.419659
0.419662
0.419664
0.419667
0.419668
0.419671
0.419672
0.419673
0.419674
0.419674
0.419675
0.419674
0.419674
0.419673
0.419672
0.41967
0.419668
0.419665
0.419664
0.419661
0.419658
0.419656
0.419654
0.419652
0.41965
0.419647
0.419645
0.419642
0.419639
0.419636
0.419633
0.41963
0.419626
0.419622
0.419617
0.419613
0.419609
0.419605
0.419601
0.419597
0.419592
0.419588
0.419584
0.419579
0.419575
0.41957
0.419566
0.419561
0.419556
0.419551
0.419546
0.419541
0.419535
0.41953
0.419524
0.419519
0.419514
0.419509
0.419503
0.419497
0.419491
0.419486
0.41948
0.419474
0.419467
0.419461
0.419455
0.41945
0.419444
0.419438
0.419432
0.419426
0.41942
0.419414
0.419407
0.419402
0.419395
0.419389
0.419383
0.419378
0.419371
0.419365
0.419359
0.419353
0.419347
0.419341
0.419335
0.419329
0.419322
0.419316
0.41931
0.419303
0.419294
0.419287
0.41928
0.419273
0.419266
0.419258
0.41925
0.419244
0.419238
0.419232
0.419226
0.419219
0.419213
0.419208
0.419202
0.419196
0.419189
0.419183
0.419176
0.41917
0.419164
0.419158
0.419152
0.419146
0.419139
0.419133
0.419126
0.41912
0.419114
0.419108
0.419102
0.419096
0.419089
0.419083
0.419077
0.419071
0.419065
0.419058
0.419052
0.419046
0.41904
0.419034
0.419028
0.419022
0.419015
0.419009
0.419003
0.418997
0.41899
0.418983
0.418976
0.41897
0.418963
0.418956
0.41895
0.418943
0.418937
0.41893
0.418923
0.418917
0.41891
0.418904
0.418897
0.418891
0.418884
0.418878
0.418871
0.418865
0.418858
0.418851
0.418845
0.418838
0.418832
0.418825
0.418818
0.418812
0.418805
0.418798
0.418791
0.418784
0.418776
0.418769
0.418763
0.418756
0.418748
0.418741
0.418734
0.418727
0.418719
0.418712
0.418705
0.418698
0.418691
0.418684
0.418677
0.41867
0.418663
0.418656
0.418649
0.418642
0.418635
0.418628
0.418621
0.418614
0.418607
0.418599
0.41859
0.418582
0.418574
0.418567
0.418559
0.418551
0.418544
0.418537
0.41853
0.418524
0.418517
0.41851
0.418503
0.418496
0.418489
0.418483
0.418475
0.418469
0.418462
0.418455
0.418448
0.418441
0.418434
0.418427
0.41842
0.418413
0.418406
0.418399
0.418392
0.418386
0.418378
0.418371
0.418365
0.418358
0.418351
0.418344
0.418337
0.418331
0.418324
0.418318
0.418311
0.418304
0.418297
0.418291
0.418284
0.418277
0.41827
0.418263
0.418257
0.41825
0.418243
0.418235
0.418228
0.41822
0.418213
0.418206
0.418199
0.418192
0.418185
0.418179
0.418171
0.418164
0.418157
0.41815
0.418143
0.418136
0.418129
0.418121
0.418113
0.418106
0.418099
0.418091
0.418083
0.418076
0.418069
0.418061
0.418054
0.418046
0.418039
0.418033
0.418026
0.418019
0.418012
0.418006
0.417999
0.417992
0.417986
0.417979
0.417972
0.417965
0.417959
0.417952
0.417946
0.417939
0.417932
0.417926
0.417919
0.417912
0.417906
0.417899
0.417893
0.417886
0.417879
0.417873
0.417864
0.417857
0.41785
0.417842
0.417835
0.417827
0.41782
0.417813
0.417807
0.417801
0.417794
0.417788
0.417782
0.417776
0.417764
0.417756
0.41775
0.417743
0.417737
0.417731
0.417725
0.417719
0.417712
0.417706
0.417694
0.417687
0.417681
0.417675
0.417668
0.417661
0.417654
0.417647
0.41764
0.417631
0.417624
0.417614
0.417605
0.417597
0.417589
0.417583
0.417576
0.417569
0.417563
0.417556
0.417547
0.41754
0.417534
0.417527
0.41752
0.417513
0.417506
0.417499
0.417492
0.417485
0.417479
0.417472
0.417465
0.417459
0.417452
0.417445
0.417438
0.417431
0.417424
0.417418
0.417411
0.417405
0.417398
0.417391
0.417385
0.417378
0.417372
0.417365
0.417359
0.417352
0.417346
0.417339
0.417333
0.417326
0.41732
0.417313
0.417306
0.4173
0.417293
0.417286
0.41728
0.417273
0.417266
0.41726
0.417253
0.417246
0.41724
0.417232
0.417225
0.417218
0.417211
0.417204
0.417198
0.417191
0.417184
0.417177
0.417171
0.417164
0.417157
0.41715
0.417142
0.417134
0.417126
0.417117
0.417109
0.417102
0.417094
0.417086
0.417079
0.417072
0.417065
0.417058
0.417051
0.417044
0.417037
0.41703
0.417023
0.417016
0.41701
0.417002
0.416995
0.416986
0.416977
0.416969
0.416959
0.41695
0.416941
0.416933
0.416923
0.416915
0.416908
0.416902
0.416895
0.416888
0.416881
0.416874
0.416867
0.41686
0.41685
0.416843
0.416836
0.416828
0.41682
0.416813
0.416806
0.416799
0.416791
0.416784
0.416776
0.416768
0.41676
0.416753
0.416746
0.416739
0.416732
0.416725
0.416719
0.416712
0.416705
0.416698
0.416692
0.416685
0.416679
0.416673
0.416666
0.416659
0.416652
0.416646
0.416639
0.416632
0.416624
0.416618
0.416611
0.416604
0.416597
0.416591
0.416584
0.416577
0.416571
0.416564
0.416557
0.416551
0.416544
0.416538
0.416531
0.416525
0.416518
0.416511
0.416505
0.416498
0.416492
0.416485
0.416478
0.416472
0.416465
0.416458
0.416452
0.416445
0.416439
0.416432
0.416426
0.416419
0.416411
0.416404
0.416395
0.416388
0.416381
0.416373
0.416366
0.416359
0.416352
0.416346
0.416339
0.416333
0.416326
0.416319
0.416313
0.416306
0.416299
0.416293
0.416286
0.41628
0.416273
0.416267
0.41626
0.416254
0.416247
0.416241
0.416234
0.416227
0.416221
0.416214
0.416208
0.416201
0.416194
0.416188
0.416181
0.416174
0.416168
0.416161
0.416155
0.416148
0.416141
0.416135
0.416128
0.416122
0.416115
0.416107
0.4161
0.416094
0.416088
0.416081
0.416075
0.416068
0.416062
0.416055
0.416048
0.416041
0.416034
0.416027
0.41602
0.416014
0.416007
0.416
0.415994
0.415987
0.415981
0.415974
0.415968
0.415961
0.415955
0.415949
0.415942