
374.067
318.117
292.502
365.973
410.562
420.217
342.67
193.12
123.952
135.684
136.946
114.977
33.7238
192.271
292.474
271.088
153.945
12.4349
141.232
196.886
183.896
160.018
107.621
92.6224
165.941
178.182
162.81
145.321
99.6452
93.7035
131.959
99.3301
80.982
127.385
154.712
147.444
160.323
142.966
87.4594
21.3526
40.572
84.2693
124.007
106.51
63.3064
52.0827
110.137
140.761
139.475
94.9642
51.7695
69.5614
98.777
98.5307
82.6824
46.7119
24.2305
24.9295
29.1348
64.3631
94.6843
83.2585
72.297
62.5846
50.058
58.6747
42.7548
38.4108
50.8599
50.0962
56.7646
48.6719
15.5762
5.8237
19.8605
27.6779
46.7475
55.1486
45.5731
37.9722
14.5237
9.89228
15.5472
20.4185
25.571
34.6741
42.4607
46.6646
33.8037
26.3578
6.92442
13.7792
22.7252
32.4892
29.0449
23.4844
4.28637
6.90152
9.94079
21.0773
35.9232
45.1455
42.2772
40.6896
21.2889
8.28159
7.27951
14.8552
29.049
33.1099
19.418
16.3638
9.53057
10.7998
6.53134
12.0667
16.7412
21.6826
16.3319
21.6086
14.4505
12.4191
4.30228
10.618
20.5142
26.2627
26.7868
26.7517
10.343
8.51511
3.18044
7.55477
14.3839
14.7823
10.325
19.5418
11.4204
6.25236
6.90931
10.8046
12.2666
17.9921
14.8018
16.8472
11.2818
9.04792
4.68075
9.15886
11.6833
21.8256
20.6571
17.5582
5.99757
6.99901
7.41147
13.9763
12.7659
15.6699
15.18
17.1984
6.80607
6.14687
9.32425
7.34306
13.6941
23.9032
16.6313
10.4043
8.16398
10.2699
4.12766
8.78137
13.9857
19.929
13.7176
11.3838
7.62158
4.13913
8.54528
14.993
10.9401
12.3448
9.71818
11.1045
7.38274
7.86181
7.22801
15.3368
10.927
4.03405
11.2133
16.1613
7.95356
9.10707
8.66423
5.90249
7.42376
13.4357
7.88912
9.51304
10.1716
9.55567
2.53724
9.37485
7.12434
8.51144
6.87534
7.54226
9.44491
12.9397
6.77293
5.57066
4.87099
10.0124
8.55112
9.39044
7.19324
8.98942
5.29655
9.48671
3.50702
7.35084
12.6148
13.3235
5.92405
9.81392
6.5668
2.1979
8.01971
11.4175
6.98803
12.8701
11.1641
6.60788
2.71631
9.96403
7.75998
8.77827
8.14694
9.72792
5.75581
7.80529
4.09377
4.08085
9.21304
12.3861
5.7474
7.90085
7.94304
8.27372
3.07783
6.0656
5.35297
9.24954
9.22991
9.02267
3.61341
7.95607
6.76056
4.61489
4.22228
8.97326
8.98984
11.4824
6.73563
4.30847
3.62243
7.14498
4.57763
6.72039
7.4713
10.1361
7.35882
6.619
3.65841
4.5675
5.06989
8.11813
6.95228
9.42637
7.01498
5.90596
2.89896
4.96523
4.18702
9.67258
9.71262
8.66857
4.54648
4.84408
3.82684
5.15765
4.91893
8.16994
6.41804
6.99619
6.08634
7.14847
2.60049
4.6357
6.67429
9.16776
6.39738
6.52706
4.23949
3.33433
5.7106
7.92945
3.91657
5.28898
6.6547
8.185
4.39342
3.76313
4.15512
6.90897
5.06951
5.93074
4.37464
6.5455
5.80896
4.75476
2.50215
6.08967
6.66955
7.37432
3.95719
4.55755
5.15171
6.58564
2.85413
4.68532
5.12098
7.33017
6.30639
5.06157
1.77891
6.56556
6.98645
6.22395
3.16731
4.80272
5.59208
6.52864
3.37003
5.51246
4.86458
5.94348
4.4322
4.23999
3.48635
7.32462
6.72813
5.02146
2.65125
4.85473
4.91989
5.97099
4.26534
5.55181
5.16276
4.95681
2.99297
6.26764
4.93865
4.64055
3.03091
4.94934
6.27424
7.52788
4.21905
2.95109
4.05347
4.9076
4.20322
6.17359
4.18944
5.70071
5.46694
3.75939
1.49043
6.50475
6.06357
6.26808
4.66563
4.1059
2.94133
3.9684
3.75238
4.71183
4.2171
6.47243
5.21854
3.90526
2.09504
4.6459
3.56774
4.77697
4.54158
5.91311
4.98727
4.87464
1.81666
4.10595
5.92927
5.52664
3.25318
5.09881
3.91921
5.05521
4.30183
2.78013
2.55405
6.82137
5.69676
4.63762
4.02397
4.31212
3.45291
4.20184
1.81146
4.83175
6.96751
7.07812
3.95752
2.54757
2.80556
5.03272
3.35146
4.73072
5.08857
5.29516
3.91462
3.55273
2.12328
4.08657
5.09222
4.80012
3.13375
4.8455
4.1697
3.5317
2.56307
3.51091
4.6954
6.38904
3.4675
3.16814
3.83122
3.518
3.38055
4.14921
3.31651
5.01242
5.0068
3.70513
1.51997
3.96367
4.38557
4.79914
3.21726
4.1555
3.95164
3.37204
1.79399
4.65993
4.59034
4.40275
4.25324
3.83682
2.36362
2.99145
3.46384
4.93885
4.05961
4.57297
3.71827
3.10302
1.81167
4.24965
4.49667
4.63605
3.56943
3.67436
2.54867
3.28611
3.28299
3.70262
4.71633
5.01254
2.32104
3.48869
3.10671
3.76727
3.71317
4.27564
3.25321
3.81126
3.21389
2.93594
2.57119
4.12271
4.09752
3.87358
2.87261
3.66131
3.33799
3.46996
2.63561
3.34716
3.04825
5.09662
3.96449
2.75284
2.6714
2.83264
2.97317
4.54608
3.49684
3.20561
3.31581
3.44246
2.35409
3.77847
2.95496
3.02858
3.47515
4.14971
2.28252
3.74948
2.98015
2.83064
3.34007
3.39436
2.94494
3.87633
3.0947
3.73316
2.71806
3.2708
3.15734
3.14117
2.66095
4.2554
2.75507
3.32512
3.45272
3.28333
2.64961
3.69516
2.51556
3.14278
3.86821
3.64141
2.63798
3.72956
2.04678
3.22366
3.20718
3.39569
2.84593
3.93503
3.09591
2.90515
2.30792
3.39493
2.86282
3.6892
3.44946
2.98484
2.3415
3.19449
2.55
3.6776
2.72981
3.53011
2.72042
3.12833
2.82006
2.91003
2.53418
3.343
2.59645
3.5145
3.20346
2.91984
2.35763
2.97881
2.56183
3.52129
2.69106
3.29823
2.60825
3.32306
2.47151
2.41899
2.5233
3.93202
3.59333
3.16507
2.48098
2.31402
1.94454
3.87181
3.2087
3.2421
3.08482
2.85817
1.57279
3.04721
2.74864
4.21581
3.58313
2.51233
2.10108
2.53864
2.87308
3.72072
2.48799
2.73008
2.60719
3.18705
2.4942
3.2876
2.53196
2.77312
2.40894
3.13003
2.66988
3.72475
2.66939
1.76993
2.57209
3.18726
2.39047
3.59046
2.89783
2.79915
1.99183
2.46491
2.03934
4.11171
3.41057
2.79507
1.83808
2.3716
2.77207
3.869
2.1662
2.55342
2.74797
3.05708
2.52811
2.59632
1.98029
4.13102
2.66174
2.01461
2.19622
3.62239
3.07749
3.33464
1.8332
2.07958
2.74561
3.68326
2.27801
2.87213
2.3666
2.85421
2.29073
2.50088
1.79933
3.85393
2.61792
2.7192
2.41114
2.5975
1.95175
2.93298
2.00477
3.03243
3.09325
2.8955
1.45867
2.90563
2.38973
3.13972
2.09426
2.4857
2.65068
3.39891
1.85462
2.34735
1.73605
3.27775
3.27838
2.4957
1.67312
2.91595
2.16092
2.95278
2.20155
2.56718
2.25283
3.26353
2.08729
2.07991
2.22858
3.23383
2.25295
2.62042
2.03851
2.74058
2.52259
2.3077
1.73978
2.96698
2.40818
2.99749
2.20713
2.67664
1.76632
2.47371
2.09791
2.8471
2.74325
3.29497
2.09431
1.67506
2.04924
3.32804
2.71702
2.90552
2.21053
2.19384
1.88271
2.7697
1.8049
3.16378
2.7872
2.60004
1.92541
2.04234
1.92365
3.00708
2.59217
2.69069
2.21534
2.56117
1.80685
2.36475
2.21601
2.6544
2.05122
2.73351
2.00843
2.73484
2.27514
1.97887
1.70295
2.77222
2.78258
2.91719
2.08285
2.17417
1.72476
2.41041
2.06405
2.59406
2.20546
2.92155
2.10824
1.93909
1.96975
2.82964
2.20701
2.58142
2.07456
1.98266
2.31728
2.52234
1.66242
2.81227
2.2678
2.11454
1.79196
2.42065
1.98341
2.92558
2.38636
1.99151
1.85085
2.68154
2.00086
2.04417
2.05801
2.76754
2.54887
2.45967
1.48286
2.14497
1.9594
2.72964
1.96485
2.55681
2.51434
2.30211
1.32291
2.29291
2.24508
2.80507
2.54668
2.2122
1.48165
2.55622
2.16701
2.07493
1.92052
2.83398
2.14217
2.42007
1.76484
1.89535
2.09027
2.85814
2.19775
2.07127
1.99024
2.18723
1.74351
2.43024
1.92475
2.3546
2.16551
2.276
1.80706
2.61707
1.98736
2.11985
1.91265
2.33408
2.20707
2.31125
1.75612
1.98125
2.0896
2.71119
2.14644
1.97527
1.69812
2.47354
2.03282
2.15625
1.92706
2.32281
2.02634
2.34688
1.94428
1.91657
2.03096
2.19748
1.99506
2.51876
2.05886
1.85043
1.699
2.13636
1.99611
2.65736
2.0415
1.84282
1.94416
2.09678
1.904
2.29524
1.9806
2.15282
2.05066
1.63563
1.7901
2.48763
2.02986
2.40628
1.96057
1.65806
1.92402
2.4796
1.89959
2.174
2.09976
1.88988
1.72236
1.90232
1.88905
2.40828
2.12845
1.83919
1.68735
2.35397
2.09643
2.16904
1.58298
1.91074
2.04911
2.23095
1.9641
2.14936
1.7188
1.87271
1.99894
1.97856
1.97296
2.51381
1.81196
1.77915
1.72752
1.85104
1.97011
2.47565
1.58946
2.05363
2.09792
1.67997
1.79747
2.1786
1.83318
2.25656
1.91242
1.84981
1.87689
2.08145
1.77957
1.99055
1.6326
2.24235
1.98065
1.93726
1.7989
1.92067
1.7053
2.0078
1.96461
1.99294
1.87053
2.02131
1.50824
2.07086
2.04461
1.92648
1.73141
2.13772
1.64082
2.03721
1.89797
1.7454
1.84205
2.22266
1.74541
1.79844
1.84944
1.95621
1.81952
1.99569
1.59549
2.1745
1.90272
1.91116
1.46279
1.65059
2.10614
2.4432
1.7552
1.95325
1.59086
1.58786
1.95344
2.09434
1.82046
2.23639
1.66379
1.58515
1.30108
2.07251
2.05692
2.12302
1.6809
1.82321
1.6034
1.85164
1.63277
1.94007
1.94447
2.17823
1.70561
1.73377
1.58356
1.89827
1.59551
1.93391
1.72917
2.28209
1.93881
1.74107
1.44529
1.74072
1.82022
1.94814
1.87642
2.21117
1.66663
1.62119
1.37827
1.72024
2.04138
2.42787
1.95321
1.73147
1.24001
1.90776
1.81848
1.96036
2.1352
1.91158
1.58839
1.65875
1.37347
2.01863
1.98341
1.89163
1.67427
1.73741
1.57235
1.92076
1.7527
1.98068
1.88776
1.81276
1.66526
1.72537
1.71646
1.98515
1.84379
1.5961
1.73469
1.94961
1.52995
1.91045
1.62944
1.75444
2.02845
1.84186
1.55358
1.69073
1.57591
1.72907
1.61159
1.85259
1.92928
1.82414
1.67752
1.38741
1.3654
2.08523
1.8381
2.04484
1.8488
1.43278
1.47619
1.48348
1.6315
2.05533
1.78047
1.85106
1.64608
1.31439
1.56961
1.86102
1.62134
2.00838
1.77697
1.51273
1.56427
1.84028
1.49527
1.94026
1.78672
1.37558
1.81165
1.85503
1.44262
1.88207
1.56653
1.75474
1.8021
1.55632
1.45415
1.82365
1.7026
1.91104
1.67727
1.64991
1.51426
1.68767
1.58345
1.54799
1.74682
1.8717
1.81077
1.93759
1.33962
1.61119
1.61649
1.63976
1.9674
1.92371
1.43028
1.67989
1.46443
1.4448
1.81036
1.89269
1.59024
1.74286
1.69872
1.53019
1.75562
1.63489
1.25976
2.04107
1.81784
1.48095
1.73169
1.3796
1.41797
1.89301
1.75614
1.72911
1.64662
1.46615
1.47257
1.61101
1.84106
1.77995
1.55642
1.44231
1.34146
1.69258
1.6413
1.80833
1.83268
1.40176
1.68444
1.53697
1.37383
1.91316
1.7199
1.49758
1.81407
1.54135
1.47808
1.65711
1.46815
1.41362
1.73346
1.9103
1.66406
1.55957
1.5725
1.2542
1.70719
1.6435
1.57223
1.85044
1.75636
1.43287
1.39885
1.45594
1.7132
1.63887
1.76096
1.61117
1.47297
1.44334
1.47348
1.599
1.85113
1.57226
1.65225
1.26971
1.49024
1.64981
1.5651
1.7195
1.6487
1.33441
1.66954
1.35325
1.58388
1.70539
1.57162
1.46692
1.57867
1.49016
1.66954
1.42764
1.59391
1.42286
1.6019
1.57526
1.44598
1.522
1.58433
1.52572
1.73689
1.39425
1.56763
1.54027
1.60552
1.44708
1.4282
1.58319
1.67035
1.52594
1.74088
1.31876
1.33149
1.48683
1.4886
1.75252
1.83618
1.58212
1.48288
1.15599
1.44745
1.43673
1.74474
1.85216
1.50913
1.53683
1.4708
1.07274
1.50192
1.66147
1.77435
1.79694
1.51378
1.31127
1.31244
1.47329
1.62335
1.50532
1.72853
1.51441
1.31825
1.38431
1.37686
1.55934
1.60227
1.56626
1.50122
1.43998
1.68937
1.33101
1.24222
1.67475
1.57365
1.5384
1.60249
1.18901
1.42545
1.53482
1.56266
1.55165
1.53021
1.61464
1.38204
1.27895
1.54058
1.46344
1.76687
1.61287
1.34826
1.36613
1.39311
1.36246
1.48626
1.66826
1.86165
1.38296
1.37747
1.31212
1.19496
1.67616
1.74295
1.3836
1.57718
1.37071
1.3668
1.25598
1.40793
1.55332
1.69144
1.5429
1.32476
1.26716
1.48805
1.36341
1.57101
1.43304
1.55622
1.63322
1.34879
1.2587
1.42882
1.2563
1.71622
1.42069
1.39417
1.65643
1.44525
1.17425
1.38491
1.41982
1.64249
1.52823
1.45847
1.18344
1.40951
1.43664
1.3106
1.48821
1.54274
1.30654
1.5678
1.24711
1.4048
1.6903
1.42683
1.26789
1.36917
1.27181
1.52708
1.53373
1.4126
1.35192
1.52833
1.18373
1.22066
1.59868
1.49718
1.60783
1.67747
0.964435
1.40439
1.5346
1.22829
1.57411
1.4481
1.35057
1.70705
1.21026
1.2213
1.46352
1.4265
1.41474
1.44597
1.39024
1.49657
1.45112
1.28219
1.16357
1.48301
1.41117
1.51106
1.566
1.25531
1.30252
1.47538
1.10394
1.52109
1.64821
1.49464
1.38345
1.29122
1.10656
1.4204
1.58471
1.35507
1.32292
1.52123
1.10135
1.3436
1.43998
1.2994
1.69647
1.57213
1.05595
1.4073
1.20074
1.45636
1.65261
1.28172
1.40346
1.39674
1.08141
1.40696
1.47952
1.53449
1.50689
1.33194
1.1157
1.32184
1.44525
1.37974
1.45607
1.52876
1.28349
1.36392
1.25728
1.24617
1.57075
1.49116
1.26592
1.35672
1.37062
1.49837
1.34888
1.30989
1.13828
1.35997
1.63183
1.43366
1.32907
1.42585
1.12652
1.3005
1.29278
1.44247
1.67355
1.50079
1.19718
1.16667
1.20214
1.67289
1.47362
1.46413
1.34745
1.11792
1.23719
1.38558
1.28704
1.5944
1.48327
1.33725
1.0876
1.36154
1.42769
1.49836
1.3516
1.40425
1.19849
1.43107
1.26919
1.36447
1.28261
1.48741
1.32066
1.26586
1.32611
1.45245
1.31578
1.57864
1.10419
1.36207
1.39656
1.35906
1.19607
1.34347
1.28291
1.50193
1.19222
1.42642
1.23743
1.36107
1.35503
1.2335
1.19437
1.57187
1.28772
1.51674
1.1664
1.24276
1.19239
1.30619
1.21657
1.46387
1.34986
1.46804
1.09761
1.20052
1.18067
1.434
1.36047
1.47853
1.22155
1.33759
1.1668
1.31085
1.08982
1.5031
1.30852
1.41199
1.24137
1.16919
1.25213
1.4636
1.10752
1.45482
1.25367
1.33075
1.22887
1.30082
1.157
1.37563
1.15992
1.37572
1.18316
1.46509
1.26311
1.28918
1.17957
1.28504
1.3284
1.48683
1.08067
1.33615
1.2106
1.41112
1.20025
1.25574
1.18982
1.38932
1.12955
1.39124
1.17516
1.31834
1.38947
1.46455
1.01054
1.28397
1.25764
1.25112
1.28227
1.49361
1.08821
1.49842
1.14261
1.12459
1.24044
1.34749
1.22533
1.50319
1.15596
1.27676
1.13713
1.24542
1.12739
1.32193
1.28338
1.42635
1.12936
1.32118
1.12262
1.38958
1.14424
1.34592
1.18754
1.20838
1.28392
1.40449
1.06834
1.43186
1.19936
1.19346
1.22188
1.32383
1.07618
1.47606
1.21684
1.20423
1.16599
1.38284
1.08667
1.42696
1.2711
1.24972
1.25158
1.28979
1.04992
1.39664
1.17299
1.37706
1.1921
1.27818
1.05503
1.26193
1.10372
1.38871
1.32088
1.48635
1.15444
1.25248
0.924919
1.20464
1.31945
1.32464
1.24832
1.54659
0.984384
1.30686
1.09603
1.19514
1.25466
1.46487
1.17478
1.48258
1.10705
1.1963
1.10282
1.17375
1.05395
1.50586
1.29589
1.37081
1.15308
1.2307
0.965736
1.39876
1.07563
1.46661
1.33263
1.26302
1.07456
1.28603
0.959794
1.32583
1.2899
1.34938
1.11383
1.37646
1.01002
1.22673
1.25863
1.39424
1.06622
1.36491
1.01701
1.33911
1.25228
1.26282
1.20743
1.26367
1.0672
1.32432
1.07481
1.35544
1.2764
1.27687
1.14584
1.35331
1.01626
1.29035
1.15265
1.19269
1.17464
1.37102
1.09342
1.21021
1.17371
1.14252
1.18655
1.37097
1.16505
1.35925
1.16836
1.2657
1.02341
1.17586
1.10712
1.26855
1.36232
1.46627
1.06595
1.08682
0.968616
1.13943
1.36487
1.46675
1.30913
1.33216
0.913581
1.10748
1.01202
1.34755
1.37248
1.41177
1.16469
1.17511
0.973362
1.20702
1.19433
1.24719
1.2342
1.37729
1.06973
1.19893
1.08842
1.21647
1.13354
1.32147
1.07951
1.33695
1.1205
1.19836
1.08541
1.15712
1.18212
1.30663
1.1617
1.30833
1.05152
1.26887
1.05699
1.19971
1.21177
1.33279
0.965843
1.24359
1.04375
1.27565
1.1854
1.22378
1.08307
1.1962
1.10437
1.26259
1.15607
1.3986
1.14391
1.24792
0.909208
1.12341
1.08823
1.38441
1.18538
1.29193
1.10662
1.20267
0.934224
1.15876
1.1481
1.33617
1.26365
1.30224
0.956218
1.15792
0.943512
1.25619
1.08142
1.36881
1.13828
1.18053
1.13594
1.17983
1.04536
1.41942
1.06684
1.14202
1.24233
1.26087
1.05651
1.29769
0.945636
1.28598
1.11703
1.25533
1.07837
1.26281
1.09587
1.31278
1.0865
1.18901
1.16349
1.23425
1.02904
1.26639
1.04211
1.39839
1.15179
1.10731
1.01877
1.29894
0.953867
1.36952
1.19238
1.26043
1.11703
1.16664
0.893354
1.18046
1.26626
1.38041
1.04964
1.27475
0.823207
1.15566
1.1077
1.24026
1.23727
1.50698
0.95808
1.13867
0.976438
1.14161
1.19528
1.28482
1.06842
1.28102
1.00115
1.19223
0.959551
1.15277
1.1252
1.44947
1.03593
1.28258
1.07869
1.09975
1.09951
1.22536
0.931414
1.34771
1.1432
1.11452
1.1334
1.27985
0.988343
1.27339
1.01316
1.27784
1.09921
1.33975
0.992481
1.16498
1.16145
1.19388
1.00345
1.22421
1.02631
1.32276
1.14315
1.1735
1.10359
1.32632
0.952477
1.17528
0.898646
1.3531
1.29756
1.35235
0.984755
1.11356
0.870724
1.14965
1.13923
1.24343
1.18571
1.38025
0.835201
1.16033
0.938649
1.19299
1.12611
1.29173
1.00999
1.40356
0.99352
1.05782
0.897804
1.14665
1.09107
1.2729
1.16144
1.32198
0.961974
1.28802
0.825522
1.16939
1.11128
1.37276
1.07523
1.22094
0.846435
1.20561
0.951594
1.18709
1.14543
1.26093
1.00825
1.23371
0.924136
1.27466
1.0715
1.27918
0.86025
1.18021
0.940351
1.33105
1.07815
1.17438
0.999397
1.19488
0.925716
1.14852
0.999067
1.28892
1.07564
1.25558
0.951168
1.16914
0.9265
1.24147
0.904656
1.29783
1.06326
1.2893
1.05116
1.01029
0.982537
1.21499
0.941412
1.33994
1.12696
1.23013
0.988685
1.09141
0.815091
1.28381
1.03834
1.32013
1.02456
1.14085
0.916283
1.10517
0.941523
1.20549
1.19842
1.32256
0.969866
1.11647
0.826587
1.20166
1.04524
1.28091
1.00746
1.22635
0.915248
1.13871
0.967602
1.22898
1.12803
1.22066
0.951786
1.15614
1.07378
1.17996
1.02292
1.26492
0.896496
1.25976
0.945277
1.14816
1.1174
1.24614
0.977682
1.17537
0.907888
1.17082
1.16921
1.16751
1.008
1.2213
0.99548
1.13736
0.918149
1.20072
0.971792
1.24079
1.03467
1.20388
1.04293
1.14991
0.988188
1.06298
1.0124
1.27868
1.20066
1.20951
0.967061
1.06394
0.811886
1.1484
1.07337
1.3317
1.18341
1.22753
0.830389
1.05632
0.981304
1.09562
1.25277
1.24142
1.00401
1.19494
0.88066
1.02844
1.05566
1.18759
1.0547
1.2779
0.96521
1.1906
1.02478
1.06771
0.984424
1.12595
1.08587
1.17907
1.0664
1.12565
0.993791
1.12576
0.903293
1.18205
1.06756
1.27013
1.09676
1.17882
0.850162
1.16154
1.04804
1.11688
1.14907
1.1819
0.973703
1.20723
0.987734
1.10203
1.06578
1.15138
0.873354
1.29748
1.02815
1.27283
1.07728
1.03998
0.867939
1.13374
1.02394
1.2607
1.16971
1.20465
0.994997
1.05564
0.815906
1.18
1.05446
1.30982
1.02044
1.18558
0.884984
1.10911
0.958154
1.13481
1.11051
1.23735
0.98266
1.1229
0.974252
1.09501
1.06395
1.1964
0.86043
1.26455
1.01744
1.19797
1.02568
1.08572
0.93946
1.20497
0.958343
1.1111
1.12015
1.04644
0.964577
1.13352
0.90101
1.22726
1.08451
1.09498
0.930601
1.20316
0.981546
1.20948
0.993824
1.0678
1.01374
1.04312
1.0051
1.11104
1.07019
1.23916
1.02327
1.02447
0.885445
1.14274
1.03777
1.2926
1.09931
1.16676
0.850212
0.959344
0.911613
1.1447
1.2568
1.24545
1.04452
1.0743
0.808424
1.06047
1.02817
1.18782
1.08966
1.30141
0.917638
1.06319
0.907638
1.03784
0.948573
1.14722
1.11368
1.16181
1.0528
1.11474
0.843062
1.02373
1.04845
1.23563
1.01208
1.29558
0.927826
1.08721
0.905553
1.01983
1.05585
1.24358
1.02898
1.15263
0.899563
0.994355
1.0778
1.19988
1.01132
1.16131
0.829041
1.20665
0.900801
1.15273
1.10173
1.16242
0.894063
1.11148
0.89424
1.08402
1.13788
1.18849
0.951232
1.14941
0.899823
1.06501
0.966833
1.24827
0.950171
1.23823
0.923377
1.05644
0.914037
1.16448
0.985879
1.12313
1.08579
1.13957
0.972501
1.17494
0.895294
1.18725
0.971033
1.18132
0.96637
1.17919
0.91149
1.15628
0.800235
1.17907
1.03843
1.09202
1.11195
1.17476
0.894942
1.14595
0.881342
1.15855
1.04474
1.24259
0.860239
1.1638
0.841106
1.16382
1.06327
1.18949
0.913737
1.1882
0.923185
1.04659
1.04291
1.19253
0.959038
1.13442
0.873896
1.17792
0.88255
1.28225
0.975064
1.1549
0.922105
1.13038
0.968802
1.10647
1.02176
1.24129
0.885304
1.0879
0.978882
1.06722
1.01497
1.18568
0.853102
1.32045
0.870364
1.15873
0.997264
0.942792
0.913167
1.21719
1.00219
1.24405
1.11627
1.05033
0.818229
0.99997
0.895644
1.31465
1.10188
1.20269
0.941031
1.03923
0.72159
1.18933
0.987431
1.18209
1.19171
1.10578
0.92963
1.01804
0.895841
1.14039
0.938075
1.18536
0.977505
1.12829
0.962719
1.13534
0.899853
1.0982
0.913108
1.19715
0.992337
1.09902
1.0925
0.960298
0.967738
1.12479
0.82187
1.15705
0.932916
1.11975
0.993922
1.16488
0.881305
1.13855
0.962443
1.04912
0.986305
1.17968
0.956534
1.11385
1.03618
1.0143
0.9249
1.07363
0.866505
1.20454
0.959145
1.29076
0.956961
1.045
0.849164
1.03421
1.02326
1.18243
1.08158
1.16169
0.816042
1.02861
0.923258
1.10036
1.0984
1.20877
0.963405
1.23465
0.685004
1.14834
0.984884
1.0666
1.12169
1.16705
0.889262
1.02975
0.926563
1.03996
0.954225
1.20334
0.976004
1.15449
0.974648
1.11808
0.91209
1.09553
0.833926
1.2164
1.01429
1.14067
1.10503
0.994307
0.890685
0.990426
0.974445
1.17596
0.968174
1.21656
0.884653
1.10868
1.02521
1.08124
0.945298
1.08221
0.869776
1.21575
1.00201
1.08252
1.1198
0.985168
0.920702
0.968927
0.88217
1.26051
1.05482
1.31458
0.975188
0.969364
0.809084
0.978151
1.01023
1.24796
1.14346
1.20916
0.87586
0.953007
0.928612
0.97382
1.14311
1.27351
0.973476
1.28867
0.906921
0.977112
0.856709
1.13965
0.950056
1.14619
1.14152
1.03837
0.99534
1.07681
0.741958
1.09067
1.10215
1.18779
1.08237
1.11533
0.883816
1.05561
0.805218
1.22311
0.94343
1.16367
1.13799
0.889192
0.94777
1.10454
1.06597
1.20425
0.944401
1.10081
0.918557
1.1022
1.03635
1.08121
0.969977
1.15619
0.774161
1.10518
1.01224
1.10206
1.20981
1.10953
0.904342
0.987101
1.02124
1.05571
0.952522
1.30828
0.942132
1.06852
0.957179
0.927808
0.92768
1.14278
0.996098
1.1246
0.99801
1.12929
0.997715
0.874798
0.97257
1.03909
1.12114
1.31247
0.906731
1.15723
0.802669
0.997782
0.958312
1.09576
1.16294
1.17392
0.977023
1.04518
0.737655
1.11109
1.1146
1.02745
1.15439
1.22318
0.768206
1.10914
0.818457
1.08994
0.990772
1.21486
0.953915
1.06401
1.02879
1.02721
0.964003
1.05891
0.914153
1.20123
0.886826
1.09664
0.981701
1.03558
0.917485
1.12865
0.787327
1.23346
0.909879
1.19175
1.08038
1.04573
1.03941
1.00905
0.834756
1.12723
0.95948
1.28037
0.942312
1.16979
0.899699
0.974746
0.896416
1.11485
0.876999
1.3743
1.01622
1.06985
1.01527
0.921138
0.870925
1.09697
0.993727
1.25403
1.02055
1.18108
0.707062
1.07526
0.847871
1.14089
1.08271
1.14325
1.01077
1.15714
0.746439
1.02193
0.938567
1.11891
1.12543
1.03696
0.882932
1.11573
0.788101
1.26651
0.886575
1.13961
1.00065
1.0554
0.95397
1.0544
1.03034
1.11802
0.809736
1.0941
0.885687
1.07339
1.11236
1.04812
0.865058
1.22739
0.809016
1.14838
0.89632
1.10043
0.967531
1.07783
0.983868
1.01356
0.955738
0.996072
0.868047
1.17424
0.927653
1.24886
1.02755
1.02456
0.877267
1.05673
0.850385
1.2236
0.968947
1.33528
1.05299
0.875603