
-0
-0
-0
-0
-0
-0
-0
-0
-0
-0
-0
-0
-0
-0
-0
-0
-0
-0
-0
-0
-0
-0
-0
-0
-0
-0
-0
-0
-0
-0
-0
-0
-0
-0
-0
-0
-0
-0
-0
-0
-0
-0
-0
-0
-0
-0
-0
-0
-0
-0
-0
-0
-0
-0
-0
-0
-0
-0
-0
-0
-0
-0
-0
-0
-0
-0
-0
-0
-0
-0
-0
-0
-0
-0
-0
-0
-0
-0
-0
-0
-0
-0
-0
-0
-0
-0
-0
-0
-0
-0
-0
-0
-0
-0
-0
-0
-0
-0
-0
-0
-0
-0
-0
-0
-0
-0
-0
-0
-0
-0
-0
-0
-0
-0
-0
-0
-0
-0
-0
-0
-0
-0
-0
-0
-0
-0
-0
-0
-0
-0
-0
-0
-0
-0
-0
-0
-0
-0
-0
-0
-0
-0
-0
-0
-0
-0
-0
-0
-0
-0
-0
-0
-0
-0
-0
-0
-0
-0
-0
-0
0.000209837
0.000202749
0.000193858
0.000182176
0.000171683
0.000161335
0.000150378
0.000138415
0.000125715
0.000113526
0.000102265
9.12865e-05
7.93037e-05
6.74145e-05
5.54131e-05
4.36916e-05
3.23667e-05
2.05723e-05
9.57814e-06
-1.03501e-06
-1.17674e-05
-2.11429e-05
-3.08974e-05
-4.13431e-05
-5.06357e-05
-5.97931e-05
-7.062e-05
-8.25204e-05
-8.47227e-05
-8.8309e-05
-9.26414e-05
-9.55783e-05
-9.91718e-05
-9.9399e-05
-9.67826e-05
-9.12794e-05
-8.64436e-05
-8.09529e-05
-7.63173e-05
-7.24291e-05
-7.05263e-05
-7.11148e-05
-7.36061e-05
-7.55402e-05
-7.79619e-05
-8.03919e-05
-7.78258e-05
-7.62145e-05
-7.39317e-05
-6.98495e-05
-6.36971e-05
-5.49959e-05
-4.50509e-05
-3.50257e-05
-2.58152e-05
-1.7663e-05
-1.0402e-05
-3.98079e-06
2.20247e-06
9.01e-06
1.61049e-05
2.41007e-05
3.26365e-05
4.10284e-05
4.89256e-05
5.41226e-05
5.60379e-05
5.44821e-05
5.02906e-05
4.49133e-05
3.97563e-05
3.60454e-05
3.443e-05
3.51741e-05
3.79435e-05
4.25264e-05
4.68618e-05
5.04467e-05
3.80528e-05
2.73751e-05
1.76501e-05
1.12318e-05
7.14353e-06
5.94838e-06
7.33069e-06
9.96639e-06
1.36453e-05
1.61589e-05
1.5631e-05
1.10413e-05
2.29474e-06
-9.05975e-06
-2.07977e-05
-3.0131e-05
-3.48285e-05
-3.31303e-05
-2.62897e-05
-1.66631e-05
-7.93547e-06
-3.73276e-06
-5.76461e-06
-1.45993e-05
-2.98764e-05
-4.66931e-05
-5.98072e-05
-6.35627e-05
-6.06128e-05
-4.53557e-05
-2.74149e-05
-1.12299e-05
9.22791e-07
7.22264e-06
6.51511e-06
-8.40682e-07
-9.93198e-06
-1.78898e-05
-1.98911e-05
-9.76128e-06
9.89919e-06
3.97967e-05
5.95552e-05
7.05338e-05
6.89959e-05
5.55755e-05
2.87928e-05
5.7634e-07
-1.93226e-05
-2.69721e-05
-2.10225e-05
-9.66211e-07
2.92155e-05
5.98697e-05
8.04904e-05
8.2366e-05
6.14453e-05
2.04499e-05
-2.87471e-05
-7.63312e-05
-0.000106399
-0.000109476
-8.48918e-05
-2.62652e-05
3.67738e-05
9.00651e-05
0.000114221
9.61365e-05
3.43303e-05
-5.91204e-05
-0.000159882
-0.000236115
-0.00025064
-0.000180413
-1.45117e-05
0.00023995
0.000555089
0.00088642
0.000632114
0.000998979
0.000536506
0.000888775
0.000943914
0.000813277
0.000561574
0.000269184
4.14312e-06
-0.000190931
-0.000297017
-0.000323367
-0.000278403
-0.000194232
-0.000107459
-4.90897e-05
-3.19167e-05
-6.32822e-05
-0.000119906
-0.00018759
-0.000248397
-0.000287781
-0.000299472
-0.000281962
-0.000245407
-0.000204019
-0.000176243
-0.000161107
-0.000163042
-0.000185651
-0.000218254
-0.000250352
-0.000271384
-0.000274861
-0.000260263
-0.000231579
-0.000195859
-0.00016202
-0.000137734
-0.000126563
-0.000128103
-0.000138259
-0.000150597
-0.000158588
-0.00015878
-0.000149396
-0.000132077
-0.000106484
-8.05628e-05
-6.66605e-05
-5.14898e-05
-5.7297e-05
-6.62691e-05
-7.69295e-05
-8.70443e-05
-9.31942e-05
-9.13062e-05
-7.99088e-05
-6.19631e-05
-4.60631e-05
-3.24282e-05
-2.28772e-05
-1.78678e-05
-1.70312e-05
-1.90991e-05
-2.09214e-05
-1.97226e-05
-1.40826e-05
-4.17319e-06
8.46648e-06
2.18734e-05
3.37059e-05
4.25694e-05
4.68608e-05
4.80173e-05
4.73112e-05
4.61302e-05
4.61077e-05
4.84128e-05
5.28896e-05
5.77806e-05
6.2324e-05
6.54329e-05
6.6642e-05
6.80794e-05
6.3153e-05
5.77403e-05
4.83941e-05
4.21111e-05
3.79007e-05
3.46119e-05
3.12232e-05
2.79334e-05
2.39507e-05
1.81903e-05
1.01142e-05
1.66416e-06
-6.19187e-06
-1.39972e-05
-1.98925e-05
-2.44898e-05
-2.7287e-05
-2.85892e-05
-2.90474e-05
-2.90638e-05
-2.91066e-05
-2.99064e-05
-2.86311e-05
-2.93907e-05
-3.21501e-05
-3.56038e-05
-3.85264e-05
-4.05381e-05
-4.07481e-05
-3.14732e-05
-2.73959e-05
-2.73893e-05
-2.57971e-05
-2.11629e-05
-1.42069e-05
-5.77647e-06
3.16493e-06
1.21845e-05
1.87709e-05
2.44245e-05
2.76166e-05
3.07676e-05
3.30481e-05
3.25084e-05
3.40154e-05
3.47711e-05
3.59773e-05
3.63471e-05
3.37429e-05
2.92547e-05
2.41499e-05
1.9475e-05
1.72139e-05
1.61198e-05
1.56433e-05
1.40463e-05
1.22408e-05
1.00253e-05
7.1217e-06
3.80945e-06
-1.27735e-07
-4.20349e-06
-7.09082e-06
-8.88948e-06
-9.34306e-06
-1.0104e-05
-9.37489e-06
-7.17803e-06
-3.79418e-06
-1.14623e-07
2.21815e-06
2.44982e-06
8.68711e-07
-2.44482e-06
-6.98142e-06
-1.2493e-05
-1.47818e-05
-1.77848e-05
-2.10549e-05
-2.00272e-05
-1.77389e-05
-1.75877e-05
-1.8e-05
-2.05156e-05
-2.36514e-05
-2.50877e-05
-2.23495e-05
-1.91058e-05
-1.52919e-05
-1.06084e-05
-6.04434e-06
-3.03711e-06
4.12381e-06
1.38638e-06
-3.10495e-06
-5.08651e-06
-3.82558e-06
-2.48064e-06
3.1823e-06
1.57965e-05
2.08416e-05
3.04477e-05
3.07003e-05
2.25699e-05
1.03065e-05
-3.73647e-06
-1.59662e-05
-2.30042e-05
-2.36774e-05
-1.68496e-05
-3.59545e-06
8.52547e-06
1.78533e-05
2.19397e-05
1.88931e-05
8.73646e-06
-6.38816e-06
-2.19174e-05
-3.78501e-05
-3.72549e-05
-2.77833e-05
-1.1006e-05
7.79362e-06
2.37947e-05
3.09428e-05
2.57572e-05
8.13769e-06
-1.7676e-05
-4.49205e-05
-6.67607e-05
-7.66269e-05
-7.00104e-05
-4.65879e-05
-1.23967e-05
2.26811e-05
4.74173e-05
5.32902e-05
3.69399e-05
1.53141e-06
-4.27992e-05
-7.93645e-05
-0.0001015
-0.000100048
-7.05753e-05
-2.11151e-05
3.64649e-05
8.19645e-05
9.44981e-05
6.71459e-05
3.0766e-06
-8.46236e-05
-0.00017677
-0.000255612
-0.000288091
-0.00027449
-0.000199849
-6.36266e-05
0.000122312
0.000326757
0.000522892
0.00069121
0.000108942
0.000559035
0.00088775
0.00119918
0.000932068
0.00180597
0.00211173
0.002556
0.00236481
0.00273507
0.00323844
0.00366647
0.00396721
0.00413432
0.00417487
0.00414194
0.00405197
0.00395353
0.00389321
0.00386217
0.00390024
0.00397209
0.00405357
0.00415486
0.00420705
0.00423919
0.00424301
0.00423847
0.00421096
0.00418772
0.00418914
0.00422193
0.00425144
0.00430414
0.00434077
0.00435673
0.00433831
0.00431101
0.00426665
0.00423312
0.00421912
0.00421722
0.00424991
0.00431603
0.00440274
0.00449323
0.00459474
0.00468557
0.00474484
0.00481409
0.00484331
0.00488623
0.00491896
0.00497679
0.00504495
0.00513246
0.00522998
0.00531188
0.00539745
0.00545705
0.00551973
0.00556258
0.00559388
0.00562534
0.00567452
0.00572363
0.00577348
0.00583379
0.00589696
0.0059383
0.00596567
0.0059964
0.00601268
0.00603291
0.00604984
0.00606992
0.00610467
0.0061509
0.00619196
0.00624786
0.00627331
0.00629263
0.00630652
0.00631507
0.00637139
0.0063508
0.0063415
0.00633123
0.00635506
0.00640302
0.00645311
0.00650308
0.00656101
0.0066065
0.00662377
0.00664446
0.00663627
0.0066348
0.00666018
0.00666947
0.00667317
0.00670886
0.00672448
0.00675212
0.00675075
0.00674068
0.00672019
0.00665677
0.00658316
0.00644263
0.00627887
0.00610814
0.0059502
0.00576982
0.00580464
0.00559066
0.00531978
0.00504302
0.00475563
0.00447534
0.0042221
0.00403738
0.00395598
0.0039622
0.0040973
0.00437283
0.00381657
0.00411258
0.00448846
0.00493821
0.00535601
0.00576349
0.00611932
0.00644683
0.00667366
0.00683889
0.00690049
0.00685667
0.00675944
0.00710381
0.00703375
0.00688022
0.00672594
0.00661018
0.00648776
0.00641637
0.00636188
0.0062788
0.00624283
0.00619307
0.00614682
0.00608427
0.00600427
0.00594348
0.00586807
0.00581127
0.00576758
0.00575681
0.00577811
0.00578852
0.005805
0.00580923
0.00579907
0.00578243
0.00574768
0.00571556
0.00569195
0.00568896
0.00567451
0.00568972
0.0057042
0.00571846
0.00571251
0.0056828
0.00564203
0.00559162
0.00554096
0.0055233
0.00549439
0.00548972
0.00550446
0.00551082
0.00551198
0.00546707
0.0053436
0.0051732
0.00489917
0.00467821
0.00433284
0.00415467
0.00385523
0.00377732
0.0036806
0.00352213
0.00347509
0.00340551
0.00333394
0.00327096
0.00327568
0.00309046
0.0028092
0.00253577
0.00227726
0.00210679
0.00201388
0.00196263
0.00194593
0.00192901
0.0018671
0.0017339
0.00151794
0.0012431
0.000928382
0.000631836
0.000379512
0.000238118
0.000193949
0.000253691
0.000401686
0.00058546
0.000713251
0.000883736
0.00070223
0.000839894
0.00117195
0.00162928
0.00210975
0.00269297
0.00326165
0.00372439
0.00401209
0.00404807
0.00381572
0.00335061
0.0027372
0.00319502
0.00339238
0.00318758
0.00315318
0.00347997
0.00387515
0.00419283
0.00489388
0.00564738
0.00631212
0.00687192
0.00724451
0.00760531
0.00798439
0.00845686
0.00909693
0.00985192
0.0107106
0.0115577
0.0122988
0.0128969
0.0130261
0.0128458
0.0138218
0.0134862
0.0127925
0.0120089
0.0113409
0.0108637
0.0105531
0.0104231
0.010378
0.0103469
0.0102782
0.0101088
0.00970972
0.00924829
0.00869764
0.00828865
0.00802437
0.00793129
0.008118
0.0085252
0.00886182
0.00877133
0.00902773
0.00939795
0.00977268
0.00994031
0.0100271
0.0099935
0.00986792
0.00969137
0.00954237
0.00947039
0.00941613
0.00936835
0.00929612
0.00920417
0.00910057
0.0089779
0.00883908
0.00867868
0.00851163
0.00833332
0.00813954
0.00794545
0.00774689
0.00753666
0.00729169
0.00701884
0.00673391
0.00643574
0.00615304
0.00589583
0.0056656
0.00545906
0.0052847
0.0051285
0.00497898
0.00482157
0.0046676
0.00452386
0.00440541
0.00432154
0.00427271
0.00425124
0.00423202
0.0042208
0.00425871
0.0042742
0.00428981
0.00431804
0.00434444
0.00436241
0.00437093
0.00439638
0.00442619
0.00446229
0.00447568
0.00444732
0.00437357
0.00425361
0.0040858
0.00391211
0.00374059
0.00354825
0.00335021
0.00314659
0.0029335
0.00270937
0.00251774
0.00234281
0.00212641
0.00188691
0.00164528
0.00140726
0.00119758
0.0010378
0.000927648
0.000864335
0.000858871
0.000857031
0.00082333
0.000744055
0.000637806
0.000528794
0.000449894
0.000406844
0.000457631
0.000627074
0.000894251
0.00118843
0.00142632
0.00156944
0.00150304
0.00114278
0.000457434
-0.000384544
-0.00137191
-0.00191499
-0.00261771
-0.00306982
-0.00328582
-0.00307642
-0.0035221
-0.00337259
-0.00283952
-0.00213028
-0.00138355
-0.000928993
-0.000555558
-6.38281e-05
0.000431803
0.000944543
0.00141172
0.00183972
0.00216222
0.0022626
0.00218623
0.002076
0.00227904
0.00194567
0.00136905
0.000578162
-0.000268858
-0.00107672
-0.00170731
-0.00203941
-0.00195966
-0.0015062
-0.000824429
8.14956e-05
0.000854395
0.00154456
0.00217582
0.0027667
0.00322693
0.00352503
0.00368538
0.00434281
0.0048356
0.00516184
0.00524862
0.00513077
0.00483782
0.00449622
0.00426031
0.00377608
0.00337585
0.00289616
0.00255558
0.00246937
0.00276663
0.00302309
0.00332753
0.00391543
0.00472301
0.00549076
0.00618938
0.00679751
0.00715256
0.00736582
0.00743741
0.00742462
0.00745061
0.00751187
0.00763181
0.00776216
0.00792823
0.00817789
0.00852929
0.00894467
0.00941243
0.00990214
0.0103808
0.0107433
0.0110243
0.0112584
0.0114544
0.011612
0.0117463
0.0118207
0.011819
0.0117505
0.0115995
0.0113471
0.0109989
0.0106509
0.0102924
0.00991408
0.00946111
0.00907863
0.00869284
0.00842268
0.00817586
0.00801302
0.00796546
0.00790966
0.00794615
0.00799112
0.00799219
0.007965
0.00789832
0.00781748
0.00779726
0.00777205
0.00773027
0.00767339
0.00757882
0.00746791
0.00742976
0.00737368
0.00735051
0.00727257
0.00718651
0.00708007
0.00694912
0.00677824
0.00657214
0.00635763
0.00614479
0.00599402
0.00585469
0.00577263
0.00576667
0.00583278
0.00597002
0.0061444
0.0062943
0.00638566
0.0063716
0.00624903
0.00601676
0.00579116
0.00559627
0.00545708
0.00542833
0.00554937
0.00578634
0.00618523
0.00676567
0.00755149
0.00833782
0.00929254
0.00997479
0.0106479
0.0110602
0.0114129
0.011588
0.0116936
0.0116863
0.0116374
0.0115755
0.011518
0.0114401
0.0114317
0.0114561
0.0115988
0.011765
0.0119463
0.012161
0.0123568
0.0126353
0.0129835
0.013385
0.0137547
0.0140849
0.0143296
0.0145447
0.0146799
0.0147733
0.0148144
0.0148617
0.0149614
0.0151457
0.0154088
0.0156624
0.015905
0.0160622
0.0161134
0.0160131
0.01571
0.0151763
0.0145378
0.0140512
0.0135905
0.0131201
0.0129612
0.0127684
0.0129175
0.0130891
0.0134832
0.0139402
0.0145135
0.0151336
0.0157088
0.0162926
0.0167819
0.0173015
0.0176073
0.0179238
0.018025
0.0180113
0.0179956
0.0178562
0.017711
0.0175145
0.0172716
0.0170092
0.0167694
0.0165713
0.0163715
0.0161506
0.0159177
0.0156004
0.0152166
0.0148634
0.0144997
0.0141788
0.0140026
0.0139933
0.0141467
0.0143372
0.0145659
0.014823
0.0150427
0.0151963
0.0153546
0.0154387
0.0154803
0.0154685
0.0154132
0.0153084
0.015216
0.0151273
0.0150664
0.0149622
0.0147449
0.0144377
0.0140019
0.0134862
0.013051
0.0126278
0.0121798
0.0120036
0.011953
0.0119195
0.0120746
0.0123127
0.0126361
0.0129258
0.0132304
0.013434
0.0135747
0.0136629
0.013664
0.0136632
0.0137268
0.0138854
0.0141344
0.0144049
0.0146475
0.0148668
0.0150302
0.0150927
0.0150319
0.0148149
0.0144821
0.0140275
0.0135027
0.0129929
0.0124238
0.0118024
0.011142
0.0104643
0.00981424
0.0092313
0.00873875
0.00831616
0.00796062
0.00770625
0.00756973
0.00753904
0.00758141
0.00768064
0.00781841
0.00796959
0.00809259
0.00817797
0.00822116
0.00821706
0.00818004
0.00816417
0.00815798
0.00817325
0.00819002
0.00825257
0.00828877
0.00830887
0.00831652
0.00830421
0.00828804
0.00824458
0.00816223
0.00804022
0.00788376
0.00775129
0.00764196
0.00758217
0.00754122
0.00747479
0.00738827
0.00726932
0.00710101
0.00688382
0.00667658
0.0065192
0.00637649
0.0062406
0.00606041
0.00593844
0.00590375
0.00595089
0.00605406
0.00617539
0.0062628
0.00630959
0.00632097
0.00626092
0.00614269
0.00598178
0.00581984
0.00570333
0.00564815
0.00564359
0.00562462
0.00561698
0.00562819
0.00564604
0.00565827
0.00565341
0.00563165
0.00560843
0.00556356
0.00552943
0.00551782
0.00554128
0.00559771
0.00566111
0.00573165
0.00580652
0.00588087
0.00591842
0.00593194
0.00593329
0.00593739
0.00594296
0.00595298
0.00594379
0.00589405
0.0058499
0.0058115
0.00574527
0.00564208
0.00549771
0.00532799
0.00511991
0.00486009
0.00462219
0.0044052
0.00411928
0.00375542
0.00338566
0.00307778
0.00282973
0.00263289
0.00249534
0.00241769
0.00241411
0.00247684
0.00258003
0.00271361
0.00285012
0.00296244
0.0030558
0.00317043
0.00330651
0.00348324
0.00373462
0.0040517
0.00445201
0.00499752
0.00568812
0.00647605
0.00734867
0.00826202
0.00914757
0.0099904
0.0107441
0.0113656
0.0119492
0.0124624
0.0128412
0.0131475
0.0133922
0.0136427
0.0139369
0.0142446
0.0145602
0.0149521
0.0153594
0.0158151
0.0162845
0.0167516
0.017212
0.0175999
0.0179576
0.0183331
0.0187487
0.0191537
0.019605
0.0200978
0.0205415
0.0209612
0.0212506
0.0214643
0.0215842
0.0215596
0.0214152
0.0212104
0.0210242
0.0209111
0.0208954
0.0209716
0.0211186
0.0212664
0.0213319
0.0212422
0.0209918
0.0205813
0.0200426
0.0194117
0.0188581
0.0183871
0.0180732
0.0179011
0.0176279
0.0174385
0.0172098
0.0169128
0.0165622
0.0162219
0.0158972
0.0156529
0.0154605
0.0152179
0.0150162
0.0148998
0.0147972
0.0146263
0.0143209
0.0138408
0.0131549
0.0124611
0.0117812
0.0111579
0.0106835
0.010443
0.0103591
0.0103697
0.0103447
0.0100887
0.00975797
0.00952517
0.00928874
0.00935471
0.00982609
0.010553
0.0118296
0.0135441
0.0153655
0.0170065
0.0184018
0.0197472
0.0217582
0.0226257
0.022489
0.0217131
0.0206402
0.0198083
0.019581
0.0201747
0.0217383
0.0230982
0.0247606
0.0269338
0.0291278
0.0311127
0.0331596
0.0350277
0.0361858
0.0369218
0.0374342
0.0379327
0.03856
0.0395703
0.0408914
0.0423616
0.0438642
0.0452569
0.0462023
0.046816
0.0471539
0.0471463
0.0470762
0.0470263
0.0472144
0.0473249
0.0475781
0.0479547
0.0484515
0.0490121
0.0496153
0.0500543
0.0503278
0.0504071
0.0504117
0.0503441
0.0503669
0.0504457
0.0505275
0.0504799
0.0501403
0.0495558
0.0487534
0.0479433
0.047142
0.0464791
0.0458662
0.0453501
0.044865
0.044619
0.0445398
0.0444908
0.044422
0.0442288
0.0437949
0.0431851
0.0424931
0.0417146
0.0407356
0.0397228
0.0387952
0.0381125
0.0377275
0.0375997
0.0376952
0.0379335
0.0383482
0.0389299
0.0395859
0.0401471
0.040558
0.0408489
0.0409895
0.0409286
0.0406739
0.0403265
0.0400116
0.0398092
0.0397162
0.0397745
0.0399481
0.0402147
0.0403619
0.04057
0.0407897
0.0409749
0.0413067
0.0415131
0.0415017
0.0412998
0.0410662
0.0406246
0.0400633
0.0395724
0.0392573
0.0391347
0.0391407
0.0391872
0.0392911
0.0395085
0.0398827
0.0403856
0.0409359
0.041561
0.04218
0.0427255
0.0431782
0.0435031
0.0438393
0.0442175
0.0447169
0.0452873
0.045842
0.0461682
0.0464973
0.046751
0.0469315
0.0470217
0.0470367
0.0470672
0.0471589
0.047116
0.0470101
0.04678
0.0465758
0.046552
0.0466756
0.0469209
0.0471169
0.0471515
0.0469407
0.0465383
0.0459624
0.0453478
0.0448095
0.0441977
0.0435491
0.0430039
0.0426105
0.0423505
0.0422296
0.042084
0.041791
0.0412342
0.0404326
0.0393919
0.0381885
0.036934
0.0358347
0.0347686
0.0336874
0.0327081
0.0317684
0.0308975
0.0301094
0.0293404
0.0285857
0.0278026
0.0269384
0.0258992
0.0246819
0.0233064
0.0219356
0.0205819
0.0193171
0.0181076
0.0168821
0.0157982
0.0147599
0.013752
0.0129293
0.0121817
0.0113965
0.0104504
0.00943545
0.00861204
0.00796041
0.00733386
0.00668166
0.00600919
0.00528084
0.00466068
0.00409671
0.00353789
0.00305722
0.00245319
0.00186066
0.00121412
0.000715581
0.000125828
-0.000451561
-0.00116054
-0.0019005
-0.00274053
-0.0035413
-0.00423808
-0.0048678
-0.00556511
-0.00631679
-0.00708195
-0.0076645
-0.00803828
-0.00836711
-0.00863063
-0.0088131
-0.00893409
-0.00890093
-0.00889051
-0.00872153
-0.00851105
-0.00825127
-0.00815267
-0.00810535
-0.00800963
-0.00805886
-0.00823121
-0.00840931
-0.00846563
-0.00821988
-0.00766889
-0.00700131
-0.00624261
-0.00521726
-0.00394637
-0.00269268
-0.00128415
0.000202735
0.00176298
0.00344754
0.00494622
0.00641516
0.00783977
0.00924754
0.0106704
0.0119848
0.0132282
0.0144388
0.0156708
0.0168869
0.0181117
0.0192964
0.0205046
0.0215871
0.0225741
0.0235174
0.0244807
0.0253761
0.0261701
0.0267791
0.0272216
0.0276501
0.0279622
0.0280996
0.0282208
0.0283965
0.028635
0.0288108
0.0289103
0.0289675
0.0289937
0.0288747
0.0286132
0.0282405
0.0277704
0.0271915
0.0265254
0.0257473
0.0249331
0.0241993
0.0236357
0.0231636
0.0227554
0.0223949
0.0220432
0.0215651
0.020998
0.0203422
0.0197228
0.0191414
0.0186259
0.0181819
0.0178527
0.0175132
0.0171372
0.0167359
0.0160368
0.0154317
0.0150664
0.0143227
0.0134192
0.0123592
0.0113057
0.0102003
0.00918074
0.00812575
0.00716208
0.00634504
0.00574646
0.00552936
0.00531784
0.00508648
0.00474082
0.00421056
0.00372825
0.00348681
0.00359123
0.00375715
0.00374292
0.00388615
0.00436695
0.00515228
0.0061298
0.00735206
0.00866986
0.0103145
0.0117205
0.0129659
0.0136917
0.0143487
0.0152463
0.0164864
0.017648
0.0186192
0.0193937
0.0199166
0.02037
0.0208361
0.0212997
0.0217708
0.0223723
0.0230031
0.0235321
0.0239061
0.0242965
0.0246411
0.0248835
0.0250809
0.0254466
0.0257901
0.0263248
0.0270117
0.0278218
0.0286696
0.0283205
0.0292271
0.0299794
0.0305008
0.0306881
0.0306753
0.0307055
0.0304834
0.0300606
0.0296786
0.0294387
0.0294363
0.0297946
0.030538
0.0312231
0.0315802
0.0321783
0.0327471
0.0331125
0.0338067
0.0346231
0.0350673
0.0351782
0.0354952
0.0357938
0.0359795
0.0362745
0.0367471
0.0371549
0.0373636
0.037536
0.0375368
0.0374208
0.0371985
0.0366725
0.0360759
0.03536
0.0345373
0.033787
0.0331622
0.0326354
0.0322419
0.0318584
0.0314462
0.0310348
0.0305225
0.0298827
0.0290903
0.0282229
0.0273383
0.0264184
0.0255218
0.024593
0.0237994
0.0230425
0.0222347
0.0214309
0.0205059
0.019539
0.0184703
0.0172982
0.0161157
0.0151019
0.0142052
0.0134862
0.013002
0.0127188
0.0124405
0.0120347
0.0115747
0.0110184
0.0101154
0.00930679
0.00850875
0.00759517
0.00686991
0.00617328
0.0054597
0.00519445
0.0051654
0.00498148
0.00467128
0.00445126
0.00441257
0.00468013
0.0047325
0.00458122
0.00449295
0.00440389
0.00449407
0.00479061
0.00499688
0.00450094
0.00385137
0.00312418
0.0021963
0.0010178
4.50058e-05
-0.000792544
9.19477e-05
-0.00123883
-0.0023623
-0.00293921
-0.00295545
-0.00279592
-0.00260626
-0.00237414
-0.00202105
-0.00137184
-0.000671501
0.000251575
0.00114356
0.00188904
0.00242096
0.00283007
0.00325634
0.00357585
0.0037354
0.00395033
0.00400813
0.0043041
0.0044714
0.00409682
0.00426341
0.00473208
0.00505519
0.00520763
0.00522279
0.00460583
0.00346578
0.00230545
0.00127526
0.000215853
-0.000230118
-0.000469598
-8.08172e-05
0.000677209
0.00147542
0.0022723
0.0029663
0.00373282
0.00385681
0.00345087
0.00250682
0.000917404
-0.00105696
-0.00320085
-0.0052182
-0.00692132
-0.00852578
-0.00995716
-0.0114346
-0.0130595
-0.0149394
-0.017098
-0.0194104
-0.0216054
-0.0237772
-0.0257472
-0.0273532
-0.028672
-0.0297692
-0.0309174
-0.0322573
-0.0339355
-0.035986
-0.0376573
-0.0394561
-0.0410111
-0.0421541
-0.0425711
-0.0420194
-0.0404785
-0.0379247
-0.0345297
-0.0303942
-0.0258568
-0.021238
-0.0169225
-0.0116965
-0.00852494
-0.00445887
-0.000997039
0.00190451
0.00425327
0.00633728
0.00824738
0.0103362
0.0121776
0.0137193
0.0151193
0.0162646
0.017094
0.017625
0.0178952
0.0179541
0.0179581
0.017745
0.0174493
0.0171008
0.0166511
0.0162541
0.0154723
0.0144976
0.0132932
0.0118944
0.0105559
0.00910566
0.00747004
0.00594588
0.00442143
0.00290176
0.00145209
-6.63393e-06
-0.00147567
-0.00290577
-0.00437285
-0.00591317
-0.00751606
-0.00920004
-0.0105366
-0.0122133
-0.013807
-0.0153935
-0.0169671
-0.0185035
-0.0199723
-0.0213793
-0.0227315
-0.0238014
-0.0250226
-0.0261642
-0.0272663
-0.0282284
-0.0291469
-0.0300132
-0.030782
-0.031565
-0.0323763
-0.0332139
-0.034089
-0.035025
-0.0359864
-0.0370252
-0.0381241
-0.0391932
-0.0402367
-0.0412268
-0.0421428
-0.0427832
-0.0435537
-0.0442628
-0.0448923
-0.0454451
-0.0459186
-0.0462871
-0.0465711
-0.0467904
-0.0468507
-0.0467561
-0.0466054
-0.0462795
-0.0458636
-0.0453433
-0.0447488
-0.044114
-0.0433604
-0.0425368
-0.0416552
-0.0407072
-0.0397189
-0.0386771
-0.0375668
-0.036425
-0.0353093
-0.0341783
-0.0330073
-0.0318513
-0.0307501
-0.0296455
-0.0285394
-0.0274481
-0.0263516
-0.0253167
-0.0242527
-0.0231879
-0.0221533
-0.0211363
-0.0201599
-0.0192148
-0.0183418
-0.0174648
-0.0166235
-0.0158229
-0.0150557
-0.0143039
-0.0136099
-0.012926
-0.0122672
-0.0116688
-0.011084
-0.010539
-0.0100445
-0.00958064
-0.00913934
-0.0087283
-0.00835893
-0.00803355
-0.00775513
-0.00750943
-0.00730165
-0.00713032
-0.00698779
-0.0068782
-0.0068035
-0.00676115
-0.00675286
-0.00675537
-0.00681511
-0.00691178
-0.00705149
-0.00720936
-0.00740745
-0.00763774
-0.0079051
-0.0082129
-0.00857329
-0.00895293
-0.00931601
-0.00965052
-0.00999311
-0.0103451
-0.0106706
-0.0109703
-0.0112525
-0.0115254
-0.0117973
-0.0120744
-0.0123639
-0.012675
-0.0129911
-0.0133075
-0.0136278
-0.0139449
-0.0142309
-0.0145342
-0.0148458
-0.0151542
-0.0154633
-0.0157645
-0.0160582
-0.0163325
-0.0166124
-0.0168852
-0.0171366
-0.0173815
-0.0176202
-0.0178425
-0.0180608
-0.0182762
-0.0184835
-0.0186785
-0.0188636
-0.0190356
-0.0191926
-0.0193377
-0.019468
-0.0195875
-0.0197013
-0.0198134
-0.0199241
-0.0200221
-0.020113
-0.0201909
-0.0202513
-0.0202968
-0.020329
-0.02035
-0.0203735
-0.0203973
-0.0204433
-0.0204999
-0.0205893
-0.0207023
-0.0208199
-0.0208476
-0.0209628
-0.0210555
-0.0211364
-0.0212739
-0.0214155
-0.0216008
-0.0218007
-0.0220803
-0.0224294
-0.0228498
-0.0232908
-0.0238317
-0.024426
-0.0250855
-0.0257814
-0.0265074
-0.0272463
-0.027964
-0.0285204
-0.0291519
-0.0297693
-0.0303416
-0.0308653
-0.0312979
-0.0315725
-0.0318214
-0.0320346
-0.0321777
-0.0322734
-0.032311
-0.0322988
-0.0322181
-0.0320617
-0.0318317
-0.0314779
-0.0310091
-0.0304129
-0.0296906
-0.0288327
-0.027865
-0.0268079
-0.0255648
-0.0242685
-0.0228822
-0.0214913
-0.0200723
-0.0185831
-0.0171535
-0.0157082
-0.0143855
-0.0130262
-0.0116946
-0.0104501
-0.00928493
-0.00818981
-0.00722078
-0.0063509
-0.00557469
-0.00490029
-0.00435087
-0.00388641
-0.0035177
-0.00329926
-0.00312703
-0.00302902
-0.00305404
-0.00315498
-0.003373
-0.00367804
-0.0040439
-0.00449444
-0.00499933
-0.00553386
-0.00608303
-0.00667979
-0.00730601
-0.00795523
-0.00862163
-0.00929067
-0.0100305
-0.0107891
-0.011561
-0.0123482
-0.0131088
-0.0138277
-0.0145715
-0.0152762
-0.0159411
-0.0165681
-0.0171422
-0.0178837
-0.0185674
-0.0190427
-0.0194882
-0.0201043
-0.0204935
-0.021063
-0.0214825
-0.0219145
-0.0222995
-0.0226429
-0.0229419
-0.0231916
-0.0233931
-0.0235565
-0.0236835
-0.0237729
-0.0238373
-0.023875
-0.0238896
-0.0238763
-0.0238334
-0.0237565
-0.023647
-0.0235047
-0.0233311
-0.0231292
-0.0229061
-0.0226759
-0.0224291
-0.0221733
-0.0219124
-0.0216545
-0.0213892
-0.0211086
-0.0208174
-0.0205153
-0.0201894
-0.0198508
-0.0194958
-0.0191478
-0.0187837
-0.018445
-0.0180742
-0.0176995
-0.0173289
-0.0169646
-0.0166027
-0.0162436
-0.015896
-0.0155633
-0.0152254
-0.0148855
-0.0145548
-0.0142314
-0.0139123
-0.0135951
-0.0132833
-0.0129747
-0.0126713
-0.0123842
-0.0120962
-0.0118171
-0.0115454
-0.0112964
-0.0110656
-0.0108542
-0.0106626
-0.0104899
-0.0102918
-0.0101094
-0.00993925
-0.0098307
-0.00967476
-0.00955314
-0.0094196
-0.00928204
-0.00914787
-0.00901826
-0.00889756
-0.00878591
-0.00869089
-0.00860898
-0.00854062
-0.0084643
-0.00841466
-0.00836416
-0.00831361
-0.00824246
-0.00818298
-0.00811884
-0.00805544
-0.00798264
-0.00793491
-0.00788665
-0.00786205
-0.00785686
-0.00787453
-0.00789185
-0.00789923
-0.00787234
-0.00783721
-0.00777144
-0.00766162
-0.0074831
-0.00734125
-0.00711245
-0.00686969
-0.00660761
-0.0062849
-0.00594177
-0.00560186
-0.00538167
-0.00504152
-0.00470939
-0.00438773
-0.00409556
-0.00383796
-0.00360317
-0.00332985
-0.00308247
-0.00285987
-0.00266623
-0.00249329
-0.00233927
-0.0022063
-0.00210437
-0.00201587
-0.00194451
-0.00189322
-0.00185193
-0.00182176
-0.00181885
-0.00181647
-0.00183965
-0.00189634
-0.00197062
-0.0020585
-0.00215294
-0.00225058
-0.00235429
-0.00246116
-0.0025769
-0.00270333
-0.002845
-0.00300229
-0.00318174
-0.00337964
-0.00359319
-0.0038131
-0.00403572
-0.00426308
-0.00449055
-0.00472913
-0.00496637
-0.00521345
-0.00548092
-0.00576754
-0.00605345
-0.00635385
-0.00662511
-0.00691993
-0.00721663
-0.00751096
-0.00779487
-0.00806149
-0.00830946
-0.00854885
-0.0087764
-0.00898794
-0.00919537
-0.00939767
-0.00959751
-0.00979979
-0.010001
-0.0102043
-0.0104056
-0.0106019
-0.0107519
-0.0109261
-0.011087
-0.0112287
-0.0113507
-0.0114679
-0.011574
-0.0116813
-0.011769
-0.0118493
-0.0119165
-0.011976
-0.0120204
-0.0120542
-0.0121087
-0.0121423
-0.0121781
-0.0122269
-0.0123015
-0.0123921
-0.0125045
-0.0126299
-0.0127633
-0.0129466
-0.0131155
-0.0133175
-0.0135289
-0.0137642
-0.0140108
-0.0142554
-0.0144601
-0.0146915
-0.014799
-0.0150084
-0.0151776
-0.0153226
-0.0154323
-0.0155083
-0.0155219
-0.0155347
-0.0155165
-0.0154686
-0.0154075
-0.0153283
-0.015215
-0.0150672
-0.0148869
-0.0146853
-0.0144534
-0.0142002
-0.0139277
-0.0136208
-0.0132995
-0.0129552
-0.012607
-0.0122156
-0.0117555
-0.0112535
-0.0107412
-0.0101592
-0.00951226
-0.00882604
-0.00807989
-0.0073118
-0.00651839
-0.00571093
-0.00487469
-0.00400724
-0.00307612
-0.00213085
-0.00112038
-5.01723e-05
0.00105338
0.00218285
0.00333465
0.00446467
0.00560662
0.00676755
0.00796574
0.00921664
0.0105587
0.012007
0.0135813
0.0151342
0.0167701
0.0185047
0.0202631
0.0220092
0.0238094
0.0255727
0.0273714
0.0291166
0.0307926
0.0324677
0.0341437
0.0358397
0.0375825
0.0392667
0.0409645
0.0426517
0.0443428
0.0459975
0.0476143
0.049134
0.0506099
0.0520652
0.0535027
0.0548778
0.0563425
0.057863
0.0594636
0.0611056
0.0627382
0.0643906
0.066051
0.0677476
0.0694802
0.071162
0.072771
0.0743707
0.0759237
0.0774095
0.0788195
0.0801489
0.0814036
0.0825573
0.0836272
0.0845795
0.0854052
0.0861891
0.0868708
0.0874578
0.0879325
0.0883261
0.0886273
0.0888317
0.0889263
0.088914
0.088878
0.088617
0.0883833
0.0881499
0.0877513
0.0873663
0.0869513
0.0865583
0.0861303
0.085737
0.0853434
0.0849631
0.0844957
0.0841221
0.0836952
0.0833052
0.0829287
0.0825703
0.0821985
0.0818883
0.081583
0.0813408
0.0811389
0.0809909
0.0808972
0.0808538
0.0808608
0.0809362
0.0810474
0.0810854
0.0812983
0.0815172
0.0817786
0.0820583
0.0823187
0.0826349
0.082977
0.0833458
0.0837523
0.084205
0.0847177
0.0852857
0.0859012
0.0865652
0.0872426
0.0879231
0.088622
0.0893256
0.0899316
0.0904778
0.0909933
0.0914457
0.0918531
0.0922247
0.0925851
0.0929518
0.0932952
0.0936352
0.0939737
0.0942976
0.0945959
0.0948742
0.0951327
0.0953761
0.0956258
0.095919
0.0962713
0.0966836
0.0970996
0.0975599
0.0980712
0.0986432
0.0992494
0.099845
0.100498
0.101115
0.101694
0.102274
0.102877
0.103484
0.104115
0.104711
0.105292
0.105843
0.106367
0.10686
0.107329
0.107909
0.108365
0.108832
0.10932
0.109837
0.110382
0.11092
0.111447
0.111963
0.11247
0.112951
0.113401
0.113823
0.114217
0.1146
0.114985
0.115381
0.115762
0.116169
0.116577
0.116968
0.117344
0.117698
0.118031
0.118355
0.118689
0.119044
0.119423
0.119831
0.120259
0.120581
0.121022
0.121443
0.12184
0.122217
0.122582
0.122935
0.123284
0.123639
0.124003
0.124371
0.124762
0.125157
0.125519
0.125884
0.126222
0.126525
0.126795
0.127036
0.127237
0.127363
0.127449
0.127444
0.127353
0.127118
0.126792
0.126378
0.125863
0.125291
0.124726
0.124128
0.12356
0.122994
0.122133
0.121599
0.121072
0.120512
0.119962
0.119425
0.11888
0.118331
0.11779
0.117271
0.116791
0.116294
0.115805
0.115345
0.114917
0.114503
0.114112
0.113736
0.113379
0.113027
0.112683
0.11238
0.111993
0.111641
0.111311
0.110953
0.110633
0.110309
0.110012
0.109752
0.109524
0.109331
0.109135
0.108933
0.108678
0.108409
0.108096
0.107739
0.10735
0.106931
0.106527
0.106133
0.105769
0.105384
0.104942
0.104453
0.103876
0.103187
0.102353
0.101389
0.100318
0.0995106
0.0987389
0.097632
0.0965987
0.095639
0.0947759
0.0939593
0.0931137
0.0922472
0.0912626
0.090155
0.0889064
0.0877995
0.0865648
0.0851561
0.0832246
0.0816418
0.0800226
0.078281
0.0766176
0.0749773
0.0734579
0.072078
0.0708655
0.0698337
0.0688028
0.0675366
0.0663126
0.0654059
0.0640668
0.0626672
0.0615564
0.0603381
0.0591335
0.0579107
0.056365
0.0549371
0.0536068
0.0525979
0.0514322
0.0502843
0.0490872
0.0477579
0.0462615
0.0450567
0.0430295
0.0413125
0.039378
0.0373184
0.0352104
0.0325729
0.0305264
0.0286254
0.0267672
0.0250279
0.0233797
0.021319
0.0193977
0.017629
0.0164272
0.0146422
0.0134109
0.0116259
0.00974832
0.00831869
0.00668839
0.00444651
0.00268636
0.000882135
-0.000979102
-0.00278392
-0.00442757
-0.00591273
-0.00729497
-0.00836837
-0.00929339
-0.0100492
-0.0106978
-0.011338
-0.0122547
-0.0127916
-0.01333
-0.0138914
-0.0144922
-0.0151279
-0.0158417
-0.0168805
-0.017783
-0.0188355
-0.0200549
-0.0214084
-0.0228665
-0.0244303
-0.0260319
-0.0277122
-0.0293786
-0.0310779
-0.0327884
-0.0344871
-0.0366945
-0.0384506
-0.0403399
-0.0422403
-0.0441136
-0.0464658
-0.0482089
-0.0498617
-0.0513613
-0.0531075
-0.0546464
-0.0560237
-0.057259
-0.0584539
-0.05964
-0.0609303
-0.0622724
-0.0637022
-0.0648677
-0.0660981
-0.0677627
-0.0694161
-0.0710475
-0.0726548
-0.0737081
-0.0749291
-0.0767528
-0.0786646
-0.0802064
-0.0819184
-0.083684
-0.0854706
-0.0872165
-0.0888501
-0.0903682
-0.0920164
-0.0930527
-0.0939531
-0.0947121
-0.0956302
-0.0964589
-0.0972412
-0.0980288
-0.0986076
-0.0994628
-0.100112
-0.100777
-0.101621
-0.10222
-0.103018
-0.103533
-0.104326
-0.105159
-0.106066
-0.106804
-0.107638
-0.108544
-0.109765
-0.110706
-0.111661
-0.112571
-0.113423
-0.114206
-0.115057
-0.115625
-0.116124
-0.116564
-0.116976
-0.117367
-0.117831
-0.118263
-0.118524
-0.118896
-0.119228
-0.119421
-0.119613
-0.119872
-0.120124
-0.120378
-0.120572
-0.120881
-0.12113
-0.121382
-0.121699
-0.12192
-0.122116
-0.122335
-0.122514
-0.122657
-0.122786
-0.122925
-0.123081
-0.123243
-0.123444
-0.123668
-0.123888
-0.124083
-0.124237
-0.124287
-0.124323
-0.124314
-0.124322
-0.124325
-0.124301
-0.124206
-0.124235
-0.124281
-0.124385
-0.124464
-0.124665
-0.124833
-0.124606
-0.124687
-0.124665
-0.124589
-0.124313
-0.123917
-0.123397
-0.122738
-0.12199
-0.121155
-0.1202
-0.119117
-0.118295
-0.116946
-0.115931
-0.114351
-0.112658
-0.111028
-0.109796
-0.107994
-0.106227
-0.104517
-0.103484
-0.101913
-0.100406
-0.0988759
-0.0973939
-0.0958703
-0.09431
-0.092646
-0.0907635
-0.0888536
-0.0876113
-0.085599
-0.0836312
-0.0817388
-0.079893
-0.0781198
-0.0763915
-0.0746927
-0.0730126
-0.0713104
-0.0695333
-0.0677248
-0.0658721
-0.0640019
-0.0621431
-0.0603104
-0.058516
-0.0568661
-0.0552765
-0.0537938
-0.0524092
-0.0511692
-0.0499737
-0.0488828
-0.0478959
-0.0469791
-0.0461567
-0.0453886
-0.0446845
-0.0440978
-0.0434709
-0.0428221
-0.042144
-0.0414004
-0.0406101
-0.0398562
-0.0389754
-0.0380873
-0.0372275
-0.0364045
-0.0355971
-0.0348123
-0.0340246
-0.0332135
-0.0323714
-0.0314706
-0.0304943
-0.0294525
-0.0283623
-0.0272921
-0.0262328
-0.0254971
-0.0244164
-0.0232983
-0.0221252
-0.0209285
-0.0197073
-0.0187617
-0.0177641
-0.0164034
-0.0154871
-0.0142423
-0.0130883
-0.0120457
-0.0110972
-0.0102138
-0.00934027
-0.00847811
-0.00755432
-0.00652179
-0.00536082
-0.00415063
-0.00284602
-0.00148581
-0.000464651
0.000567264
0.00184268
0.00291424
0.00383625
0.00461399
0.00526493
0.00559215
0.00610429
0.00657361
0.00701169
0.00741863
0.0077809
0.00800995
0.008262
0.00836458
0.00844325
0.00844103
0.00837513
0.00826954
0.00815685
0.00804889
0.00796802
0.00787735
0.0077753
0.00764473
0.00749505
0.00727865
0.00702072
0.00680586
0.00659039
0.00634499
0.00615469
0.00602956
0.00596506
0.00594524
0.00597112
0.00595276
0.00591001
0.00584217
0.0057619
0.00569325
0.00567539
0.00577636
0.00601399
0.00631919
0.00684267
0.00732748
0.00780559
0.00854756
0.0093007
0.0100873
0.0108202
0.0115877
0.0124838
0.0134544
0.0145359
0.0153281
0.01663
0.0179855
0.0193536
0.0207777
0.0221179
0.0229475
0.0243146
0.0257307
0.027257
0.0289173
0.0307272
0.0326824
0.0346471
0.0366937
0.0387574
0.0407638
0.0428561
0.0450753
0.0474016
0.0499185
0.0524865
0.0550886
0.0578921
0.0608007
0.0636945
0.0652157
0.067965
0.0706967
0.0735046
0.0752629
0.0784129
0.0817496
0.0844389
0.087231
0.0897336
0.0929024
0.0955359
0.0975936
0.0991422
0.0995647
0.100582
0.101786
0.103532
0.105947
0.109227
0.11197
0.116269
0.120071
0.122574
0.123843
0.124583
0.12423
0.123466
0.1205
0.115572
0.108844
0.100715
0.0944575
0.0839228
0.0726481
0.0607847
0.0487721
0.0400393
0.0328456
0.0203811
0.00870882
-0.00179485
-0.00827705
-0.0166879
-0.0237014
-0.0291818
-0.0340145
-0.0384131
-0.0424051
-0.0460519
-0.0495611
-0.0530668
-0.0563498
-0.0593406
-0.0619917
-0.0644279
-0.0657656
-0.0676795
-0.0692155
-0.0704207
-0.0712355
-0.0720178
-0.072436
-0.0724812
-0.0720477
-0.0710602
-0.0696429
-0.0676466
-0.0653124
-0.0627754
-0.0612798
-0.0585986
-0.0558963
-0.0530725
-0.0501102
-0.0468719
-0.0432979
-0.0403381
-0.0369825
-0.0335387
-0.0301523
-0.0261623
-0.0227294
-0.0196226
-0.016873
-0.0140627
-0.0110485
-0.00797515
-0.00334625
0.00246695
0.00809698
0.0149505
0.022689
0.0311569
0.0401675
0.0489116
0.0577304
0.0658573
0.0732846
0.079799
0.0854816
0.0899863
0.0941801
0.0975874
0.101404
0.104516
0.106296
0.108269
0.109214
0.110177
0.110489
0.110625
0.110644
0.110541
0.110437
0.110351
0.109953
0.109405
0.108668
0.107615
0.106278
0.105005
0.103429
0.101714
0.0999366
0.0982373
0.0968205
0.0954615
0.0939409
0.0929527
0.0920826
0.0909643
0.0898585
0.0887176
0.0878011
0.0868103
0.085793
0.0847778
0.0838517
0.0830351
0.0823358
0.0817
0.0809611
0.0802635
0.0796874
0.0790914
0.0784791
0.0778822
0.0774115
0.077034
0.0772492
0.0772976
0.0774766
0.0778189
0.0786235
0.0795739
0.0806254
0.0817044
0.0828473
0.0840807
0.0853219
0.0865694
0.0874377
0.0883801
0.089315
0.0901679
0.0908917
0.0914499
0.0918327
0.0919256
0.0918416
0.0916116
0.0911522
0.0905866
0.0901137
0.089409
0.0888456
0.0879533
0.087159
0.0861769
0.0850106
0.0837735
0.0823383
0.0807717
0.079199
0.0776355
0.0761775
0.0747503
0.0733699
0.0715771
0.0701399
0.0685731
0.0668744
0.0650176
0.0631186
0.0610288
0.0588916
0.0566986
0.0545287
0.0523433
0.0501773
0.0480001
0.0457726
0.0436275
0.0412849
0.0388476
0.0363946
0.0339453
0.0315247
0.0291342
0.0268016
0.0245462
0.0223299
0.0202228
0.0180647
0.0159363
0.01379
0.0116402
0.00956281
0.00711203
0.00543071
0.00383631
0.00246775
0.000918336
-0.000348885
-0.00140821
-0.00238469
-0.00339563
-0.00451291
-0.00575425
-0.00719439
-0.0088506
-0.0102885
-0.0119757
-0.0137868
-0.0157421
-0.0177945
-0.0199582
-0.0222249
-0.0246555
-0.0272628
-0.0300416
-0.0330199
-0.0361849
-0.0393923
-0.0427033
-0.0460876
-0.0494347
-0.052771
-0.057126
-0.0604496
-0.0651398
-0.0688202
-0.072899
-0.0771327
-0.0817727
-0.086446
-0.0912242
-0.0960655
-0.100991
-0.106005
-0.110859
-0.115724
-0.120784
-0.125821
-0.131007
-0.135906
-0.14117
-0.14631
-0.151354
-0.156133
-0.160865
-0.16553
-0.170023
-0.174393
-0.178786
-0.18303
-0.187373
-0.191744
-0.196069
-0.200226
-0.204323
-0.208428
-0.212378
-0.216029
-0.219716
-0.223341
-0.226882
-0.230289
-0.233614
-0.237044
-0.24047
-0.243833
-0.246683
-0.2498
-0.252849
-0.255614
-0.258135
-0.260403
-0.262515
-0.264583
-0.266563
-0.268548
-0.270485
-0.272427
-0.27445
-0.27636
-0.278194
-0.2798
-0.28129
-0.282788
-0.284119
-0.285272
-0.286287
-0.287191
-0.287975
-0.288717
-0.289471
-0.290212
-0.290953
-0.291736
-0.292475
-0.293151
-0.293827
-0.294482
-0.295087
-0.295617
-0.296064
-0.296436
-0.296753
-0.297019
-0.297263
-0.297496
-0.297683
-0.297832
-0.297958
-0.298047
-0.2981
-0.298086
-0.298004
-0.297882
-0.297669
-0.297383
-0.29707
-0.296725
-0.29637
-0.295945
-0.295445
-0.294904
-0.2943
-0.293654
-0.29297
-0.292261
-0.291539
-0.290804
-0.290027
-0.289227
-0.288333
-0.287373
-0.286329
-0.285201
-0.284056
-0.282869
-0.281677
-0.28048
-0.27933
-0.278215
-0.277145
-0.276231
-0.275398
-0.27465
-0.274017
-0.273465
-0.272648
-0.272165
-0.271551
-0.270878
-0.269865
-0.268489
-0.266539
-0.264003
-0.260811
-0.257052
-0.252746
-0.247747
-0.242681
-0.236651
-0.230703
-0.224631
-0.21823
-0.211687
-0.205888
-0.19947
-0.193368
-0.187391
-0.181465
-0.175771
-0.169912
-0.16401
-0.158173
-0.152358
-0.146467
-0.141222
-0.135584
-0.130014
-0.124569
-0.119548
-0.114889
-0.110423
-0.10614
-0.102577
-0.0991056
-0.095756
-0.0928494
-0.090219
-0.0879181
-0.0857609
-0.0837516
-0.081757
-0.0799038
-0.0782212
-0.0765086
-0.0748972
-0.0733237
-0.0717364
-0.0701437
-0.0686589
-0.0670964
-0.0654673
-0.0636786
-0.0619614
-0.060174
-0.0581878
-0.0561833
-0.0541406
-0.0521454
-0.0502162
-0.0482136
-0.0464321
-0.0446615
-0.0429166
-0.0411815
-0.0394678
-0.0378685
-0.036206
-0.034555
-0.0329544
-0.0314109
-0.0298809
-0.028374
-0.0269862
-0.0255448
-0.0241327
-0.0227778
-0.0215039
-0.0202908
-0.0192031
-0.0181488
-0.017194
-0.0163244
-0.0155373
-0.0148347
-0.0141789
-0.0135742
-0.0130099
-0.0125248
-0.0120661
-0.0116265
-0.0112249
-0.0108888
-0.0106291
-0.0104198
-0.010191
-0.0100044
-0.0098076
-0.00965143
-0.00950577
-0.0093061
-0.00906993
-0.00978623
-0.00964531
-0.00960474
-0.00971818
-0.0100129
-0.0104599
-0.0111089
-0.0119821
-0.0128889
-0.0138886
-0.0148304
-0.0152471
-0.0156922
-0.0160915
-0.0166927
-0.0172839
-0.0177424
-0.0182544
-0.0187745
-0.0194514
-0.0201946
-0.0212063
-0.0218223
-0.0229614
-0.0240839
-0.025254
-0.0264441
-0.0277173
-0.0290823
-0.0303827
-0.031236
-0.0327281
-0.034188
-0.0357295
-0.0370801
-0.0386294
-0.040067
-0.0416556
-0.0431355
-0.0446288
-0.0462216
-0.0478938
-0.0496639
-0.0515174
-0.0531521
-0.054927
-0.05681
-0.0585726
-0.0602221
-0.0616271
-0.062888
-0.0640674
-0.0652542
-0.0664676
-0.0676229
-0.0689517
-0.0701198
-0.0717005
-0.0733433
-0.0752739
-0.0773777
-0.0795495
-0.0819296
-0.0843966
-0.0868658
-0.0893373
-0.0918734
-0.093791
-0.0960944
-0.098361
-0.100664
-0.102635
-0.105053
-0.107553
-0.110104
-0.112932
-0.115574
-0.118509
-0.121283
-0.124579
-0.128177
-0.131959
-0.135907
-0.139664
-0.144239
-0.149204
-0.154841
-0.160674
-0.166389
-0.172028
-0.177605
-0.183168
-0.188344
-0.193547
-0.198519
-0.203295
-0.207977
-0.212916
-0.218421
-0.224179
-0.230164
-0.235044
-0.240113
-0.245115
-0.251798
-0.25644
-0.262401
-0.267327
-0.270141
-0.273591
-0.275234
-0.276287
-0.276065
-0.275784
-0.274426
-0.272875
-0.271485
-0.271488
-0.268718
-0.26616
-0.263875
-0.26186
-0.260233
-0.258447
-0.256217
-0.254697
-0.252535
-0.24982
-0.246528
-0.242484
-0.237147
-0.232348
-0.227456
-0.222423
-0.216654
-0.210468
-0.203994
-0.197149
-0.189567
-0.181582
-0.172467
-0.162801
-0.152987
-0.14241
-0.13178
-0.121533
-0.11197
-0.10268
-0.0936359
-0.0846087
-0.0753813
-0.0661756
-0.0561528
-0.0454377
-0.0351063
-0.0251214
-0.0156469
-0.00612876
0.00333025
0.0127744
0.0214133
0.0303484
0.0389943
0.046939
0.0554697
0.0641342
0.0733087
0.0829893
0.0935429
0.103875
0.115504
0.127888
0.140851
0.153823
0.167364
0.181076
0.194695
0.207656
0.221064
0.234553
0.247926
0.261328
0.274785
0.288643
0.303132
0.318084
0.333616
0.348416
0.363995
0.379259
0.395465
0.410889
0.426376
0.44133
0.454763
0.468906
0.482035
0.495253
0.507427
0.520833
0.534518
0.548106
0.561552
0.574283
0.58805
0.600088
0.611555
0.621585
0.632619
0.642687
0.654552
0.665062
0.674803
0.6857
0.696987
0.708312
0.719654
0.731024
0.740774
0.751446
0.761298
0.7711
0.780326
0.788391
0.796435
0.80448
0.812377
0.819732
0.826356
0.83278
0.839114
0.845475
0.851741
0.857829
0.864242
0.870818
0.876974
0.883322
0.88953
0.895401
0.900994
0.906358
0.911594
0.916673
0.921491
0.926325
0.930415
0.93455
0.938572
0.942154
0.945406
0.948229
0.950773
0.953031
0.955134
0.957127
0.959042
0.960648
0.961214
0.962098
0.96241
0.961907
0.960664
0.958746
0.956162
0.953239
0.949639
0.948016
0.944936
0.94177
0.938481
0.933556
0.929555
0.923154
0.916014
0.910006
0.902923
0.89621
0.88904
0.881818
0.875343
0.868454
0.860795
0.852551
0.843117
0.832189
0.822759
0.811166
0.798198
0.784155
0.769247
0.753835
0.737805
0.721501
0.704429
0.686914
0.668572
0.649716
0.6307
0.611394
0.592513
0.573789
0.555633
0.538023
0.516619
0.500605
0.477924
0.460035
0.440218
0.419029
0.396511
0.37295
0.348773
0.325617
0.301532
0.278232
0.256043
0.233548
0.211137
0.189033
0.167563
0.145857
0.124453
0.103434
0.0833795
0.0646247
0.0471727
0.0303444
0.0144617
-0.000435803
-0.0140459
-0.0275479
-0.0404767
-0.0532575
-0.0661161
-0.079002
-0.0917383
-0.104082
-0.116014
-0.127217
-0.138132
-0.148494
-0.158248
-0.168143
-0.178144
-0.188439
-0.198967
-0.20902
-0.218468
-0.227152
-0.233703
-0.240102
-0.245041
-0.248474
-0.250155
-0.249569
-0.246592
-0.241412
-0.234132
-0.225403
-0.216279
-0.205698
-0.193797
-0.180599
-0.167611
-0.154364
-0.141558
-0.127472
-0.114099
-0.101
-0.0891955
-0.0762699
-0.0634501
-0.0509788
-0.0387874
-0.0269915
-0.0152707
-0.00484016
0.00490624
0.0134798
0.0206853
0.0267541
0.0322326
0.0367118
0.0402284
0.0427931
0.0444639
0.0456918
0.0462966
0.0463033
0.0458305
0.0449066
0.043471
0.0416701
0.0394362
0.0369062
0.0340745
0.0307697
0.0276522
0.0243258
0.0210399
0.0177776
0.0145056
0.0114658
0.0086216
0.00597216
0.00370516
0.00177803
0.000173149
-0.00112389
-0.00216701
-0.00294082
-0.00340617
-0.00354556
-0.00334153
-0.00276844
-0.00200532
-0.000857572
-0.000408692
0.00118917
0.00284125
0.00447633
0.00604488
0.00754628
0.00880402
0.0101329
0.0114329
0.0127542
0.0140732
0.0154512
0.0168391
0.018274
0.019716
0.0211212
0.0224337
0.0236837
0.0248469
0.0259693
0.0270143
0.0281232
0.0291581
0.0301897
0.0312153
0.032243
0.033214
0.0341974
0.0350924
0.0359616
0.0368025
0.0376006
0.038296
0.0390314
0.0397342
0.0403673
0.0409363
0.0414525
0.041934
0.0423832
0.0427876
0.0431891
0.0436118
0.0440551
0.0445529
0.0450594
0.0457209
0.046508
0.0473793
0.0482582
0.0493576
0.0505885
0.0518641
0.0531486
0.0544699
0.0558022
0.0570818
0.0583089
0.0594455
0.0604891
0.0614715
0.0624859
0.0632906
0.0640499
0.0647432
0.0653917
0.065965
0.0664074
0.066692
0.0668084
0.0667178
0.0664206
0.0659312
0.0652774
0.0651943
0.0643578
0.0634704
0.0625958
0.0617124
0.0608904
0.0601025
0.0592986
0.058539
0.0576877
0.0567963
0.0558557
0.0549356
0.0539878
0.0530272
0.0521112
0.0511995
0.0503109
0.049481
0.048653
0.0478256
0.0469814
0.0461239
0.045252
0.0443343
0.0434687
0.0426119
0.0417758
0.0409497
0.0401492
0.0393586
0.0385584
0.0377527
0.0368745
0.0359743
0.0349692
0.0339298
0.0329396
0.0318334
0.0308304
0.029765
0.0287008
0.0275988
0.0264819
0.0252966
0.0240802
0.0228445
0.0215013
0.0201138
0.0186733
0.0173139
0.0159723
0.0148006
0.0135471
0.0123425
0.0112598
0.01033
0.00956955
0.00890129
0.00833986
0.00790044
0.00755645
0.00729625
0.00708864
0.00690739
0.0067364
0.00656776
0.0063783
0.00608794
0.00588887
0.00571549
0.00561932
0.00559463
0.00568511
0.00590846
0.00626238
0.00673206
0.00655064
0.00715544
0.00776032
0.00830863
0.00881739
0.0092618
0.00966796
0.0100161
0.0103163
0.0106431
0.0110014
0.0113764
0.0117855
0.0122195
0.0126516
0.0130549
0.0134265
0.0137574
0.0140481
0.014307
0.0145635
0.0148365
0.0151297
0.0154447
0.0157727
0.0161246
0.0164581
0.0167954
0.0171032
0.0174073
0.0177169
0.0178914
0.0181693
0.0185015
0.0188095
0.0190918
0.0193677
0.0195831
0.0196686
0.0196094
0.0193897
0.0190045
0.0184773
0.0178476
0.0180778
0.0173773
0.0167023
0.0160923
0.0155603
0.0150962
0.0148265
0.0144559
0.014089
0.0136735
0.0132261
0.0127293
0.0121954
0.0116616
0.0110475
0.0104196
0.00981031
0.00922048
0.00865374
0.00807748
0.00748629
0.00690007
0.00631954
0.0056878
0.00502587
0.00435914
0.00367508
0.0030256
0.00234424
0.00166639
0.000982793
0.00029829
-0.000384949
-0.00107055
-0.00178109
-0.00251429
-0.00326575
-0.00402558
-0.00477603
-0.0054849
-0.00621571
-0.00690837
-0.0075712
-0.00825876
-0.00894311
-0.00964256
-0.0103496
-0.0111063
-0.0119082
-0.0126892
-0.0134917
-0.0143408
-0.0151862
-0.015994
-0.0168203
-0.0175989
-0.0182624
-0.0190028
-0.0197484
-0.02046
-0.021162
-0.0218421
-0.0225137
-0.0231822
-0.0238254
-0.0244401
-0.0250376
-0.0256356
-0.0262477
-0.0268789
-0.0275341
-0.0282083
-0.0289146
-0.0296093
-0.0303167
-0.030981
-0.0316062
-0.0321509
-0.0326851
-0.0332065
-0.0337283
-0.034298
-0.0348321
-0.0353896
-0.0359176
-0.0364995
-0.0368242
-0.037041
-0.0369398
-0.036592
-0.0360018
-0.0351985
-0.0341858
-0.0338705
-0.0326158
-0.031379
-0.0302433
-0.0290915
-0.0280436
-0.0270462
-0.0260748
-0.0250857
-0.0241577
-0.0229797
-0.0216986
-0.0202855
-0.0189679
-0.0174526
-0.0160172
-0.014578
-0.0134822
-0.012191
-0.0111896
-0.010005
-0.00888497
-0.00778814
-0.00671469
-0.00580454
-0.00483005
-0.00387092
-0.00296015
-0.00225867
-0.00147425
-0.000806851
-8.64837e-05
0.000611105
0.00128116
0.00193054
0.00244455
0.00296102
0.00351039
0.00400876
0.00447635
0.00491608
0.00532083
0.00568743
0.0060172
0.00637362
0.00672132
0.00706602
0.00740355
0.00769895
0.00795405
0.0081893
0.00841817
0.00862181
0.00880176
0.00895201
0.00910455
0.00932878
0.00950069
0.0096647
0.00983181
0.0100172
0.010204
0.0104067
0.0106758
0.0109722
0.011263
0.0116675
0.0121388
0.0125209
0.0130359
0.0135678
0.014153
0.0146623
0.0151924
0.015733
0.016267
0.016782
0.017283
0.0177819
0.0182766
0.0188136
0.0193578
0.0199536
0.0205495
0.0212546
0.021961
0.0227191
0.0234776
0.0241613
0.0248389
0.0254252
0.025933
0.0264176
0.0267939
0.0271444
0.0274719
0.0277838
0.0281565
0.0285059
0.0288713
0.0292532
0.0296311
0.0298468
0.030091
0.0302543
0.030367
0.0304019
0.030371
0.0303351
0.0303414
0.0304199
0.0305702
0.030855
0.0312171
0.0315853
0.0320871
0.032428
0.0327667
0.0330225
0.0331049
0.0332152
0.0331539
0.0331023
0.0329764
0.0327697
0.0325604
0.032036
0.0312675
0.0302276
0.0289121
0.0273178
0.0255813
0.0243765
0.0222773
0.0200913
0.0178859
0.0155215
0.0131109
0.0106155
0.00802111
0.00532102
0.00254732
-0.000319682
-0.00325609
-0.00622122
-0.00936601
-0.0123104
-0.0152459
-0.0186824
-0.0222363
-0.0257111
-0.0289539
-0.0321863
-0.0354469
-0.0385282
-0.0412429
-0.0437097
-0.0458
-0.0477499
-0.0502823
-0.053667
-0.0580223
-0.063803
-0.0706616
-0.078577
-0.0874556
-0.0978216
-0.109224
-0.121352
-0.133606
-0.145849
-0.158122
-0.170568
-0.18357
-0.196407
-0.210148
-0.224711
-0.239085
-0.254073
-0.271611
-0.290112
-0.307992
-0.324536
-0.342008
-0.361953
-0.382954
-0.404075
-0.426034
-0.447968
-0.469136
-0.490336
-0.512208
-0.533759
-0.554253
-0.573623
-0.591213
-0.607525
-0.623269
-0.638022
-0.651685
-0.6655
-0.679177
-0.693044
-0.706855
-0.720214
-0.733805
-0.747803
-0.76017
-0.772221
-0.784181
-0.795694
-0.806391
-0.816261
-0.825393
-0.83377
-0.841793
-0.848704
-0.855627
-0.862157
-0.868694
-0.875013
-0.881292
-0.887972
-0.893861
-0.899701
-0.905378
-0.911496
-0.917701
-0.923801
-0.929858
-0.935928
-0.941471
-0.947363
-0.953272
-0.959074
-0.964561
-0.969586
-0.974432
-0.978433
-0.981768
-0.984676
-0.987474
-0.990786
-0.994008
-0.99669
-0.998789
-1
-0.999589
-0.998864
-0.998225
-0.995771
-0.9933
-0.988112
-0.981767
-0.974186
-0.965887
-0.956185
-0.948493
-0.937058
-0.925158
-0.916693
-0.904
-0.894277
-0.883401
-0.868721
-0.857225
-0.845485
-0.834203
-0.823156
-0.812321
-0.801824
-0.789492
-0.779831
-0.770948
-0.762734
-0.751864
-0.744563
-0.734372
-0.724951
-0.715891
-0.707121
-0.698833
-0.691083
-0.683651
-0.676002
-0.668009
-0.659836
-0.651122
-0.641424
-0.630617
-0.619275
-0.606282
-0.594386
-0.580886
-0.566418
-0.551534
-0.536412
-0.521301
-0.506407
-0.491669
-0.477651
-0.464626
-0.451222
-0.437678
-0.424654
-0.411538
-0.397831
-0.383927
-0.370571
-0.357419
-0.344483
-0.331601
-0.318677
-0.305243
-0.29271
-0.280442
-0.267965
-0.255696
-0.243402
-0.230887
-0.218486
-0.20641
-0.194747
-0.18303
-0.171493
-0.16029
-0.149849
-0.139902
-0.130649
-0.121789
-0.113501
-0.105474
-0.0978577
-0.0906317
-0.0838445
-0.0774425
-0.0714674
-0.0659713
-0.0610683
-0.0565133
-0.0522913
-0.0484787
-0.0449538
-0.041602
-0.0382677
-0.0350785
-0.0319169
-0.0287919
-0.0267487
-0.0239519
-0.021538
-0.0193451
-0.0177092
-0.0162026
-0.0151394
-0.0144541
-0.0140319
-0.0137174
-0.013799
-0.0140324
-0.0143767
-0.0147891
-0.0152566
-0.0158001
-0.0164229
-0.0171218
-0.0178745
-0.0187643
-0.0197532
-0.0209093
-0.0221662
-0.0235151
-0.0249294
-0.0263761
-0.0276865
-0.0291889
-0.0307133
-0.0322974
-0.033954
-0.0356389
-0.0375311
-0.0383768
-0.0400255
-0.0416096
-0.0430986
-0.044501
-0.0458247
-0.0471043
-0.0483422
-0.0495791
-0.050828
-0.0520609
-0.0532788
-0.0544868
-0.0556622
-0.0568439
-0.0580127
-0.059152
-0.0602486
-0.0612347
-0.0621978
-0.063154
-0.0640641
-0.0648776
-0.0655996
-0.0662436
-0.0667677
-0.0672434
-0.0676228
-0.0679568
-0.0682432
-0.0684494
-0.0687098
-0.0689686
-0.0692434
-0.0695287
-0.0698111
-0.0700861
-0.0703224
-0.0705172
-0.0706426
-0.0702897
-0.0702114
-0.0699811
-0.0696591
-0.0692013
-0.0685626
-0.0677407
-0.066724
-0.0654095
-0.0640039
-0.0624643
-0.0606154
-0.0586126
-0.0565762
-0.0544
-0.0520416
-0.0495169
-0.0468309
-0.043929
-0.0408011
-0.0374215
-0.0337377
-0.0299136
-0.0260464
-0.0220949
-0.0179889
-0.0137903
-0.00957611
-0.00535005
-0.000913667
0.00377707
0.00876461
0.014049
0.0195672
0.0251004
0.0305331
0.0359185
0.0412501
0.046493
0.0513285
0.0558601
0.0601548
0.0641423
0.0673972
0.0700778
0.0726058
0.0741207
0.0752025
0.0757122
0.0756977
0.074912
0.0734513
0.071352
0.0687013
0.0656249
0.0621833
0.0584672
0.0546545
0.050441
0.0464493
0.0424521
0.0384029
0.0343083
0.0300836
0.0258016
0.0215979
0.0174878
0.0134547
0.00966645
0.00610064
0.00286402
-6.27253e-05
-0.00278137
-0.00523599
-0.00749102
-0.00950189
-0.011263
-0.0129278
-0.0144835
-0.0158277
-0.0169812
-0.0179969
-0.018848
-0.0195302
-0.0200488
-0.0203726
-0.0205673
-0.0206126
-0.0204576
-0.0201909
-0.0196955
-0.0190345
-0.0182083
-0.0172824
-0.0162729
0
0
0
0
0
0
0
0
0
0
0
0
0
0
0
0
0
0
0
0
0
0
0
0
0
0
0
0
0
0
0
0
0
0
0
0
0
0
0
0
0
0
0
0
0
0
0
0
0
0
0
0
0
0
0
0
0
0
0
0
0
0
0
0
0
0
0
0
0
0
0
0
0
0
0
0
0
0
0
0
0
0
0
0
0
0
0
0
0
0
0
0
0
0
0
0
0
0
0
0
0
0
0
0
0
0
0
0
0
0
0
0
0
0
0
0
0
0
0
0
0
0
0
0
0
0
0
0
0
0
0
0
0
0
0
0
0
0
0
0
0
0
0
0
0
0
0
0
0
0
0
0
0
0
0
0
0
0
0
0
0
0
0
0
0
0
0
0
0
0
0
0
0
0
0
0
0
0
0
0
0
0
0
0
0
0
0
0
0
0
0
0
0
0
0
0
0
0
0
0
0
0
0
0
0
0
0
0
0
0
0
0
0
0
0
0
0
0
0
0
0
0
0
0
0
0
0
0
0
0
0
0
0
0
0
0
0
0
0
0
0
0
0
0
0
0
0
0
0
0
0
0
0
0
0
0
0
0
0
0
0
0
0
0
0
0
0
0
0
0
0
0
0
0
0
0
0
0
0
0
0
0
0
0
0
0
0
0
0
0
0
0
0
0
0
0
0
0
0
0
0
0
0
0
0
0
0
0
0
0
0
0
0
0
0
0
0
0
0
0