
0
0
0
0
0
0
0
0
0
0
0
0
0
0
0
0
0
0
0
0
0
0
0
0
0
0
0
0
0
0
0
0
0
0
0
0
0
0
0
0
0
0
0
0
0
0
0
0
0
0
0
0
0
0
0
0
0
0
0
0
0
0
0
0
0
0
0
0
0
0
0
0
0
0
0
0
0
0
0
0
0
0
0
0
0
0
0
0
0
0
0
0
0
0
0
0
0
0
0
0
0
0
0
0
0
0
0
0
0
0
0
0
0
0
0
0
0
0
0
0
0
0
0
0
0
0
0
0
0
0
0
0
0
0
0
0
0
0
0
0
0
0
0
0
0
0
0
0
0
0
0
0
0
0
0
0
0
0
0
0
8.89342e-10
2.72525e-09
4.44702e-09
6.03352e-09
7.56564e-09
8.98654e-09
1.03426e-08
1.156e-08
1.27132e-08
1.37791e-08
1.4727e-08
1.5568e-08
1.63212e-08
1.69629e-08
1.74813e-08
1.79127e-08
1.82525e-08
1.84951e-08
1.8635e-08
1.86742e-08
1.86044e-08
1.84413e-08
1.81752e-08
1.78158e-08
1.73481e-08
1.67996e-08
1.61693e-08
1.5437e-08
1.47033e-08
1.3933e-08
1.31403e-08
1.23189e-08
1.14876e-08
1.06085e-08
9.7509e-09
8.89681e-09
8.11141e-09
7.39269e-09
6.60107e-09
5.97749e-09
5.35388e-09
4.7444e-09
4.04109e-09
3.36203e-09
2.68513e-09
1.97716e-09
1.28065e-09
6.03143e-10
-1.03933e-10
-7.49762e-10
-1.34047e-09
-1.86275e-09
-2.31349e-09
-2.66416e-09
-2.93303e-09
-3.12965e-09
-3.25352e-09
-3.31873e-09
-3.32669e-09
-3.27723e-09
-3.16772e-09
-2.98544e-09
-2.73676e-09
-2.40713e-09
-2.00514e-09
-1.55936e-09
-1.05865e-09
-5.7087e-10
-1.00048e-10
3.07805e-10
6.80372e-10
1.0291e-09
1.34377e-09
1.6766e-09
2.00601e-09
2.37376e-09
2.771e-09
3.21886e-09
3.6022e-09
3.90894e-09
4.11317e-09
4.2418e-09
4.32388e-09
4.38341e-09
4.44156e-09
4.52041e-09
4.62872e-09
4.76214e-09
4.90421e-09
5.01852e-09
5.07921e-09
5.04894e-09
4.91045e-09
4.68596e-09
4.38735e-09
4.09467e-09
3.82856e-09
3.63005e-09
3.52247e-09
3.47064e-09
3.42683e-09
3.33672e-09
3.13356e-09
2.78247e-09
2.28602e-09
1.72644e-09
1.16085e-09
6.56974e-10
3.0178e-10
1.24216e-10
7.50489e-11
1.1131e-10
1.70293e-10
1.95241e-10
1.4671e-10
2.13662e-11
-1.45956e-10
-2.73891e-10
-2.73283e-10
-5.90692e-11
3.84363e-10
9.7887e-10
1.60721e-09
2.15488e-09
2.53802e-09
2.67219e-09
2.59024e-09
2.37611e-09
2.15411e-09
2.04579e-09
2.19816e-09
2.63604e-09
3.39181e-09
4.22799e-09
4.95625e-09
5.3738e-09
5.32054e-09
4.66777e-09
3.83133e-09
2.88056e-09
2.04906e-09
1.56438e-09
1.61123e-09
2.20103e-09
3.11592e-09
4.06763e-09
4.65764e-09
4.55025e-09
3.58867e-09
1.8734e-09
-3.50092e-10
-2.30028e-09
-3.17437e-09
-2.17376e-09
1.45798e-09
7.80638e-09
1.47924e-08
2.19231e-08
2.88201e-08
3.5282e-08
4.47588e-08
5.32882e-08
5.93407e-08
6.2936e-08
6.41705e-08
6.33123e-08
6.10619e-08
5.8241e-08
5.56275e-08
5.35685e-08
5.22335e-08
5.15082e-08
5.11394e-08
5.06747e-08
4.98628e-08
4.84669e-08
4.65434e-08
4.42188e-08
4.15967e-08
3.89916e-08
3.65715e-08
3.45502e-08
3.29081e-08
3.13253e-08
2.98278e-08
2.82609e-08
2.65021e-08
2.43964e-08
2.21275e-08
1.96904e-08
1.7341e-08
1.51701e-08
1.32876e-08
1.16603e-08
1.03196e-08
9.13999e-09
8.0257e-09
6.84905e-09
5.58798e-09
4.25106e-09
2.87027e-09
1.48656e-09
2.51246e-10
-8.21208e-10
-1.63641e-09
-2.28986e-09
-2.81628e-09
-3.301e-09
-3.84096e-09
-4.47379e-09
-5.22187e-09
-6.03768e-09
-6.86922e-09
-7.63567e-09
-8.25887e-09
-8.73462e-09
-9.07671e-09
-9.32544e-09
-9.51849e-09
-9.67851e-09
-9.83433e-09
-1.00127e-08
-1.0191e-08
-1.03392e-08
-1.04229e-08
-1.04039e-08
-1.02701e-08
-1.00142e-08
-9.66898e-09
-9.27734e-09
-8.86979e-09
-8.46324e-09
-8.05261e-09
-7.59783e-09
-7.16857e-09
-6.70949e-09
-6.23538e-09
-5.70278e-09
-5.11966e-09
-4.44631e-09
-3.59009e-09
-2.89676e-09
-2.12936e-09
-1.62246e-09
-1.17346e-09
-7.74083e-10
-3.9651e-10
-8.83525e-11
1.78946e-10
4.08339e-10
5.92642e-10
7.22964e-10
7.7569e-10
7.55395e-10
6.48802e-10
4.95544e-10
2.94748e-10
6.38621e-11
-1.87665e-10
-4.44248e-10
-7.07593e-10
-9.67659e-10
-1.24467e-09
-1.52112e-09
-1.77168e-09
-2.05327e-09
-2.35786e-09
-2.69098e-09
-3.0695e-09
-3.45338e-09
-3.78962e-09
-4.0691e-09
-4.33651e-09
-4.57561e-09
-4.7895e-09
-4.95816e-09
-5.05291e-09
-5.06443e-09
-4.99478e-09
-4.85685e-09
-4.66827e-09
-4.42736e-09
-4.16523e-09
-3.8686e-09
-3.58038e-09
-3.25619e-09
-2.95469e-09
-2.63177e-09
-2.29892e-09
-1.98635e-09
-1.70385e-09
-1.46591e-09
-1.26895e-09
-1.07371e-09
-9.07079e-10
-7.55736e-10
-6.13033e-10
-4.96765e-10
-3.94541e-10
-3.16702e-10
-2.6704e-10
-2.50312e-10
-2.7008e-10
-3.24731e-10
-4.00965e-10
-4.84424e-10
-5.69773e-10
-6.55782e-10
-7.2698e-10
-7.78963e-10
-7.97192e-10
-7.87511e-10
-7.66624e-10
-7.51692e-10
-7.58693e-10
-8.00836e-10
-8.90019e-10
-1.01545e-09
-1.1593e-09
-1.32732e-09
-1.51444e-09
-1.68293e-09
-1.84026e-09
-2.00208e-09
-2.17583e-09
-2.3743e-09
-2.59684e-09
-2.80622e-09
-2.98744e-09
-3.1365e-09
-3.25729e-09
-3.33314e-09
-3.37279e-09
-3.368e-09
-3.34384e-09
-3.35147e-09
-3.38927e-09
-3.43032e-09
-3.45833e-09
-3.45491e-09
-3.36525e-09
-3.19984e-09
-2.96193e-09
-2.68597e-09
-2.45686e-09
-2.30687e-09
-2.27806e-09
-2.36487e-09
-2.57693e-09
-2.86622e-09
-3.10755e-09
-3.21389e-09
-3.18964e-09
-3.06185e-09
-2.84986e-09
-2.65702e-09
-2.53882e-09
-2.52841e-09
-2.65647e-09
-2.93439e-09
-3.28736e-09
-3.57813e-09
-3.75296e-09
-3.76793e-09
-3.62948e-09
-3.38226e-09
-3.11794e-09
-2.96614e-09
-3.00954e-09
-3.28308e-09
-3.78771e-09
-4.44984e-09
-5.11663e-09
-5.63147e-09
-5.8882e-09
-5.84152e-09
-5.51998e-09
-5.06954e-09
-4.65184e-09
-4.48102e-09
-4.66961e-09
-5.21834e-09
-6.05873e-09
-6.99633e-09
-7.77672e-09
-8.18577e-09
-8.11665e-09
-7.59689e-09
-6.79954e-09
-6.0759e-09
-5.76383e-09
-6.12189e-09
-7.30946e-09
-9.29788e-09
-1.1739e-08
-1.41491e-08
-1.63086e-08
-1.74836e-08
-1.72204e-08
-1.5151e-08
-1.13735e-08
-5.92914e-09
-2.40827e-09
5.76919e-10
7.94467e-09
1.8083e-08
2.83024e-08
4.12492e-08
5.85997e-08
8.02078e-08
1.01672e-07
1.24911e-07
1.5115e-07
1.81954e-07
2.15342e-07
2.53045e-07
2.93174e-07
3.32895e-07
3.77171e-07
4.13558e-07
4.50765e-07
4.87448e-07
5.23338e-07
5.58127e-07
5.94867e-07
6.35917e-07
6.73701e-07
7.12462e-07
7.49381e-07
7.86636e-07
8.28055e-07
8.6823e-07
9.06035e-07
9.4574e-07
9.83558e-07
1.02447e-06
1.06413e-06
1.10429e-06
1.14389e-06
1.18324e-06
1.2209e-06
1.25859e-06
1.29654e-06
1.33453e-06
1.37331e-06
1.4121e-06
1.45019e-06
1.48893e-06
1.53036e-06
1.57277e-06
1.61482e-06
1.65619e-06
1.69836e-06
1.74585e-06
1.79337e-06
1.84229e-06
1.89239e-06
1.94845e-06
2.00796e-06
2.06997e-06
2.12849e-06
2.18651e-06
2.24469e-06
2.29994e-06
2.35161e-06
2.4014e-06
2.45358e-06
2.50591e-06
2.56052e-06
2.61613e-06
2.67095e-06
2.72652e-06
2.78336e-06
2.83923e-06
2.8965e-06
2.95051e-06
3.00787e-06
3.06455e-06
3.12086e-06
3.17788e-06
3.23751e-06
3.29766e-06
3.35352e-06
3.41183e-06
3.46864e-06
3.52846e-06
3.58668e-06
3.64334e-06
3.69791e-06
3.75314e-06
3.80809e-06
3.86431e-06
3.92019e-06
3.97759e-06
4.03648e-06
4.09658e-06
4.15568e-06
4.21578e-06
4.27422e-06
4.3316e-06
4.39038e-06
4.44934e-06
4.50657e-06
4.56771e-06
4.6292e-06
4.69022e-06
4.75141e-06
4.81474e-06
4.87469e-06
4.93493e-06
5.00231e-06
5.06216e-06
5.12825e-06
5.18798e-06
5.24419e-06
5.29664e-06
5.34642e-06
5.39752e-06
5.44669e-06
5.49308e-06
5.53758e-06
5.57838e-06
5.61656e-06
5.65763e-06
5.69448e-06
5.73062e-06
5.76658e-06
5.80621e-06
5.84267e-06
5.88005e-06
5.91857e-06
5.95996e-06
6.00626e-06
6.0561e-06
6.10909e-06
6.16489e-06
6.22375e-06
6.28266e-06
6.34692e-06
6.41118e-06
6.47328e-06
6.53949e-06
6.60577e-06
6.66808e-06
6.72951e-06
6.79282e-06
6.85258e-06
6.9115e-06
6.96922e-06
7.02752e-06
7.08347e-06
7.13827e-06
7.19438e-06
7.24892e-06
7.30529e-06
7.35869e-06
7.41044e-06
7.46221e-06
7.51422e-06
7.56484e-06
7.61828e-06
7.66984e-06
7.72099e-06
7.77335e-06
7.82441e-06
7.89446e-06
7.95335e-06
8.02159e-06
8.0843e-06
8.14185e-06
8.20011e-06
8.2567e-06
8.30721e-06
8.35793e-06
8.40881e-06
8.45852e-06
8.5109e-06
8.56708e-06
8.61785e-06
8.66652e-06
8.71512e-06
8.76388e-06
8.81783e-06
8.86859e-06
8.91791e-06
8.97012e-06
9.02012e-06
9.06852e-06
9.11367e-06
9.15753e-06
9.19844e-06
9.23566e-06
9.27438e-06
9.3081e-06
9.3414e-06
9.37606e-06
9.40921e-06
9.43992e-06
9.47043e-06
9.5036e-06
9.53368e-06
9.56294e-06
9.58936e-06
9.61501e-06
9.63717e-06
9.65659e-06
9.67504e-06
9.69339e-06
9.71194e-06
9.72946e-06
9.74714e-06
9.76317e-06
9.7787e-06
9.79249e-06
9.80355e-06
9.81117e-06
9.81607e-06
9.81911e-06
9.82119e-06
9.82331e-06
9.8266e-06
9.83144e-06
9.83772e-06
9.84516e-06
9.85233e-06
9.86001e-06
9.86929e-06
9.8837e-06
9.90109e-06
9.92352e-06
9.95142e-06
9.98463e-06
1.00201e-05
1.00573e-05
1.00941e-05
1.01276e-05
1.01552e-05
1.01832e-05
1.0215e-05
1.02462e-05
1.02766e-05
1.03082e-05
1.0342e-05
1.03798e-05
1.04231e-05
1.04767e-05
1.0534e-05
1.05981e-05
1.06656e-05
1.07385e-05
1.08123e-05
1.08905e-05
1.09717e-05
1.10609e-05
1.11607e-05
1.12711e-05
1.1385e-05
1.15058e-05
1.16265e-05
1.17513e-05
1.18805e-05
1.20149e-05
1.21408e-05
1.22538e-05
1.23624e-05
1.24652e-05
1.25643e-05
1.26624e-05
1.27541e-05
1.28522e-05
1.2969e-05
1.30719e-05
1.31817e-05
1.3282e-05
1.33867e-05
1.34856e-05
1.35677e-05
1.36426e-05
1.37144e-05
1.37919e-05
1.38698e-05
1.39497e-05
1.40311e-05
1.41161e-05
1.42017e-05
1.42909e-05
1.43802e-05
1.44836e-05
1.4577e-05
1.46639e-05
1.47515e-05
1.48382e-05
1.49229e-05
1.50065e-05
1.51008e-05
1.51884e-05
1.52717e-05
1.53553e-05
1.54367e-05
1.55122e-05
1.55912e-05
1.56703e-05
1.57503e-05
1.58248e-05
1.58958e-05
1.59643e-05
1.60351e-05
1.61006e-05
1.61613e-05
1.62195e-05
1.62784e-05
1.63321e-05
1.63833e-05
1.64322e-05
1.64857e-05
1.65345e-05
1.65802e-05
1.66247e-05
1.66667e-05
1.67081e-05
1.67497e-05
1.67883e-05
1.68266e-05
1.68651e-05
1.69141e-05
1.69545e-05
1.6996e-05
1.70378e-05
1.70827e-05
1.71243e-05
1.71696e-05
1.7212e-05
1.7252e-05
1.72927e-05
1.73328e-05
1.73734e-05
1.74147e-05
1.74591e-05
1.75018e-05
1.75424e-05
1.75833e-05
1.76233e-05
1.76613e-05
1.76953e-05
1.7728e-05
1.77582e-05
1.77849e-05
1.78117e-05
1.78358e-05
1.78572e-05
1.78774e-05
1.7898e-05
1.79144e-05
1.79281e-05
1.79398e-05
1.795e-05
1.79593e-05
1.79674e-05
1.7975e-05
1.79825e-05
1.79905e-05
1.7998e-05
1.80042e-05
1.80093e-05
1.80137e-05
1.80177e-05
1.8022e-05
1.80272e-05
1.8034e-05
1.80443e-05
1.80566e-05
1.80707e-05
1.80842e-05
1.80966e-05
1.81042e-05
1.81046e-05
1.80952e-05
1.80769e-05
1.80487e-05
1.8019e-05
1.79857e-05
1.79462e-05
1.79038e-05
1.78702e-05
1.78415e-05
1.78189e-05
1.78029e-05
1.77918e-05
1.77851e-05
1.77821e-05
1.77838e-05
1.77905e-05
1.78018e-05
1.78172e-05
1.78377e-05
1.78587e-05
1.78802e-05
1.79004e-05
1.7921e-05
1.79412e-05
1.79578e-05
1.79672e-05
1.79688e-05
1.79623e-05
1.79482e-05
1.79277e-05
1.79047e-05
1.78858e-05
1.78736e-05
1.78699e-05
1.78745e-05
1.78865e-05
1.79046e-05
1.79276e-05
1.79557e-05
1.79899e-05
1.80268e-05
1.8065e-05
1.81104e-05
1.81578e-05
1.82057e-05
1.82563e-05
1.83034e-05
1.8348e-05
1.83898e-05
1.84308e-05
1.84652e-05
1.84953e-05
1.85212e-05
1.85476e-05
1.85726e-05
1.86005e-05
1.86356e-05
1.86715e-05
1.87117e-05
1.87597e-05
1.88145e-05
1.88787e-05
1.89449e-05
1.90134e-05
1.90904e-05
1.91653e-05
1.92346e-05
1.93073e-05
1.93788e-05
1.94517e-05
1.95266e-05
1.96028e-05
1.96842e-05
1.97629e-05
1.98468e-05
1.99418e-05
2.00359e-05
2.01332e-05
2.0236e-05
2.03407e-05
2.04487e-05
2.05552e-05
2.06672e-05
2.07789e-05
2.08899e-05
2.09971e-05
2.11038e-05
2.1209e-05
2.13227e-05
2.14199e-05
2.1519e-05
2.16119e-05
2.17038e-05
2.17882e-05
2.18688e-05
2.19486e-05
2.20251e-05
2.21048e-05
2.21812e-05
2.22585e-05
2.23346e-05
2.24093e-05
2.24876e-05
2.2581e-05
2.26692e-05
2.27587e-05
2.28392e-05
2.29247e-05
2.30083e-05
2.3095e-05
2.31677e-05
2.32367e-05
2.33062e-05
2.33727e-05
2.34395e-05
2.35054e-05
2.35715e-05
2.36395e-05
2.37034e-05
2.37668e-05
2.38284e-05
2.38862e-05
2.3947e-05
2.40023e-05
2.40593e-05
2.41119e-05
2.41654e-05
2.42175e-05
2.42696e-05
2.43234e-05
2.43806e-05
2.44394e-05
2.4498e-05
2.4557e-05
2.4612e-05
2.46631e-05
2.47142e-05
2.47643e-05
2.48134e-05
2.48631e-05
2.4916e-05
2.49719e-05
2.5032e-05
2.50973e-05
2.51696e-05
2.52478e-05
2.53351e-05
2.54262e-05
2.55254e-05
2.56254e-05
2.57278e-05
2.583e-05
2.59337e-05
2.6035e-05
2.61399e-05
2.62484e-05
2.63612e-05
2.6466e-05
2.65768e-05
2.66808e-05
2.67903e-05
2.68986e-05
2.70084e-05
2.71211e-05
2.72388e-05
2.7355e-05
2.74755e-05
2.7598e-05
2.77245e-05
2.78548e-05
2.79932e-05
2.81276e-05
2.82646e-05
2.83963e-05
2.85323e-05
2.86613e-05
2.87986e-05
2.89303e-05
2.90684e-05
2.9213e-05
2.93618e-05
2.95145e-05
2.96611e-05
2.98264e-05
2.99711e-05
3.01138e-05
3.02412e-05
3.03636e-05
3.04845e-05
3.06029e-05
3.07195e-05
3.08355e-05
3.09551e-05
3.10735e-05
3.11947e-05
3.13234e-05
3.14539e-05
3.15925e-05
3.17335e-05
3.18823e-05
3.20393e-05
3.22022e-05
3.23675e-05
3.25319e-05
3.26983e-05
3.28607e-05
3.30268e-05
3.31975e-05
3.33688e-05
3.35298e-05
3.37237e-05
3.3893e-05
3.40896e-05
3.42716e-05
3.44593e-05
3.46296e-05
3.47971e-05
3.49669e-05
3.5109e-05
3.52429e-05
3.53719e-05
3.54948e-05
3.56179e-05
3.57559e-05
3.5887e-05
3.60166e-05
3.61514e-05
3.62836e-05
3.64264e-05
3.66041e-05
3.67633e-05
3.69057e-05
3.70604e-05
3.72125e-05
3.73529e-05
3.74953e-05
3.76359e-05
3.77813e-05
3.79155e-05
3.80465e-05
3.81825e-05
3.83168e-05
3.84383e-05
3.85672e-05
3.86836e-05
3.88011e-05
3.89152e-05
3.90251e-05
3.91332e-05
3.92479e-05
3.93617e-05
3.94746e-05
3.95985e-05
3.97144e-05
3.98435e-05
3.99594e-05
4.00817e-05
4.0207e-05
4.03313e-05
4.04543e-05
4.05789e-05
4.0714e-05
4.08443e-05
4.09837e-05
4.11273e-05
4.1265e-05
4.14029e-05
4.15462e-05
4.16863e-05
4.1835e-05
4.19631e-05
4.20982e-05
4.22234e-05
4.23394e-05
4.24574e-05
4.25622e-05
4.26599e-05
4.27565e-05
4.28482e-05
4.29284e-05
4.30045e-05
4.30742e-05
4.31447e-05
4.32149e-05
4.32815e-05
4.33492e-05
4.34181e-05
4.34863e-05
4.35569e-05
4.36296e-05
4.37053e-05
4.37833e-05
4.38588e-05
4.39342e-05
4.40089e-05
4.40824e-05
4.41571e-05
4.42325e-05
4.43053e-05
4.43807e-05
4.44572e-05
4.45334e-05
4.46053e-05
4.46819e-05
4.47579e-05
4.4834e-05
4.49062e-05
4.49782e-05
4.50494e-05
4.51204e-05
4.5186e-05
4.52543e-05
4.53256e-05
4.53934e-05
4.54617e-05
4.55248e-05
4.55865e-05
4.56528e-05
4.57276e-05
4.58007e-05
4.58631e-05
4.59257e-05
4.59845e-05
4.60457e-05
4.61092e-05
4.61639e-05
4.62251e-05
4.62817e-05
4.63368e-05
4.63948e-05
4.64638e-05
4.65235e-05
4.65769e-05
4.66371e-05
4.66894e-05
4.67416e-05
4.67937e-05
4.68455e-05
4.69004e-05
4.69518e-05
4.70058e-05
4.70554e-05
4.7106e-05
4.71553e-05
4.72065e-05
4.72559e-05
4.73068e-05
4.73545e-05
4.74042e-05
4.74536e-05
4.75032e-05
4.75532e-05
4.76053e-05
4.76558e-05
4.77104e-05
4.77648e-05
4.78185e-05
4.78724e-05
4.7924e-05
4.79755e-05
4.80347e-05
4.80941e-05
4.81469e-05
4.81992e-05
4.82524e-05
4.83044e-05
4.83571e-05
4.84075e-05
4.84558e-05
4.85177e-05
4.85606e-05
4.86024e-05
4.8641e-05
4.86769e-05
4.87085e-05
4.87383e-05
4.8765e-05
4.87903e-05
4.88138e-05
4.88364e-05
4.8859e-05
4.8882e-05
4.89046e-05
4.89284e-05
4.89534e-05
4.89804e-05
4.90086e-05
4.9037e-05
4.90658e-05
4.90971e-05
4.91311e-05
4.91755e-05
4.9217e-05
4.92612e-05
4.93121e-05
4.93677e-05
4.94328e-05
4.951e-05
4.95886e-05
4.96765e-05
4.97714e-05
4.98727e-05
4.99803e-05
5.01244e-05
5.02369e-05
5.03534e-05
5.04703e-05
5.06e-05
5.07355e-05
5.08678e-05
5.10067e-05
5.11575e-05
5.12946e-05
5.14438e-05
5.15922e-05
5.17409e-05
5.18973e-05
5.20619e-05
5.22276e-05
5.24103e-05
5.26286e-05
5.28079e-05
5.29867e-05
5.31827e-05
5.33998e-05
5.36529e-05
5.38842e-05
5.41066e-05
5.43485e-05
5.4556e-05
5.476e-05
5.4949e-05
5.51604e-05
5.53665e-05
5.5552e-05
5.57319e-05
5.59241e-05
5.61234e-05
5.63278e-05
5.65159e-05
5.67087e-05
5.69106e-05
5.70907e-05
5.72759e-05
5.7453e-05
5.76328e-05
5.77965e-05
5.7969e-05
5.81339e-05
5.83109e-05
5.84833e-05
5.86536e-05
5.88052e-05
5.89569e-05
5.91078e-05
5.92626e-05
5.94052e-05
5.95443e-05
5.96887e-05
5.98277e-05
5.99698e-05
6.01042e-05
6.02387e-05
6.03649e-05
6.04951e-05
6.06131e-05
6.07216e-05
6.08277e-05
6.09261e-05
6.10255e-05
6.11284e-05
6.12222e-05
6.13136e-05
6.14098e-05
6.1497e-05
6.15826e-05
6.16739e-05
6.17623e-05
6.1852e-05
6.19473e-05
6.20502e-05
6.21691e-05
6.23034e-05
6.2456e-05
6.26166e-05
6.2791e-05
6.29869e-05
6.32052e-05
6.34316e-05
6.36316e-05
6.38212e-05
6.40028e-05
6.41837e-05
6.43739e-05
6.45752e-05
6.47808e-05
6.49979e-05
6.52575e-05
6.55129e-05
6.57884e-05
6.60881e-05
6.64084e-05
6.67322e-05
6.7079e-05
6.74259e-05
6.77795e-05
6.81459e-05
6.85143e-05
6.8872e-05
6.92573e-05
6.9651e-05
7.00849e-05
7.05038e-05
7.09404e-05
7.13871e-05
7.18124e-05
7.22556e-05
7.2795e-05
7.32596e-05
7.39091e-05
7.43495e-05
7.49335e-05
7.53816e-05
7.58492e-05
7.63059e-05
7.67806e-05
7.72922e-05
7.77493e-05
7.82589e-05
7.88243e-05
7.93577e-05
7.9908e-05
8.04544e-05
8.09628e-05
8.14824e-05
8.20098e-05
8.24653e-05
8.29057e-05
8.33343e-05
8.37773e-05
8.42182e-05
8.46519e-05
8.50503e-05
8.5466e-05
8.58816e-05
8.63155e-05
8.67251e-05
8.71194e-05
8.75799e-05
8.79759e-05
8.84092e-05
8.88006e-05
8.91849e-05
8.9564e-05
8.99252e-05
9.02677e-05
9.06115e-05
9.09533e-05
9.12967e-05
9.16575e-05
9.2014e-05
9.23747e-05
9.27517e-05
9.31794e-05
9.35431e-05
9.39296e-05
9.43192e-05
9.4693e-05
9.50657e-05
9.54422e-05
9.58216e-05
9.6178e-05
9.65424e-05
9.68906e-05
9.72685e-05
9.76341e-05
9.80103e-05
9.83839e-05
9.87689e-05
9.91349e-05
9.95641e-05
9.99309e-05
0.000100303
0.000100684
0.000101072
0.000101438
0.000101812
0.000102181
0.000102546
0.000102907
0.000103267
0.000103641
0.000104007
0.000104379
0.000104772
0.000105148
0.000105511
0.000105906
0.000106297
0.000106687
0.000107121
0.000107556
0.000108085
0.00010853
0.000108973
0.000109392
0.000109822
0.000110256
0.000110773
0.000111217
0.00011167
0.000112116
0.000112562
0.000113
0.00011344
0.000113869
0.000114337
0.000114779
0.000115241
0.000115712
0.000116146
0.000116598
0.000117036
0.000117492
0.000117973
0.000118407
0.00011883
0.000119245
0.000119691
0.000120126
0.000120543
0.000120947
0.000121366
0.000121842
0.000122303
0.000122764
0.000123194
0.000123643
0.000124046
0.000124487
0.000124922
0.000125432
0.000125796
0.000126123
0.000126479
0.000126792
0.000127086
0.000127374
0.000127695
0.000127979
0.000128247
0.000128507
0.000128744
0.000128983
0.000129214
0.000129431
0.000129628
0.000129823
0.000130011
0.000130177
0.000130342
0.000130486
0.000130621
0.000130753
0.000130891
0.000131027
0.000131134
0.000131247
0.000131348
0.000131429
0.000131503
0.000131574
0.000131644
0.000131702
0.000131756
0.000131801
0.00013184
0.000131873
0.000131903
0.00013193
0.000131951
0.000131971
0.000131979
0.000131983
0.000131982
0.000131975
0.000131959
0.000131938
0.00013191
0.000131876
0.000131836
0.000131791
0.000131738
0.000131678
0.000131607
0.000131535
0.000131462
0.000131388
0.000131305
0.000131221
0.000131139
0.000131058
0.000130981
0.000130907
0.000130829
0.000130753
0.000130676
0.0001306
0.000130525
0.000130447
0.000130373
0.000130298
0.000130221
0.000130144
0.000130076
0.000130014
0.000129962
0.000129921
0.000129888
0.000129868
0.000129863
0.000129872
0.000129896
0.000129934
0.000129989
0.00013006
0.000130138
0.000130238
0.000130341
0.000130459
0.000130583
0.000130715
0.000130866
0.000131018
0.000131179
0.000131365
0.000131562
0.000131776
0.000131981
0.000132241
0.00013249
0.000132839
0.000133202
0.00013353
0.000133802
0.000134083
0.00013434
0.000134611
0.000134867
0.000135133
0.000135408
0.000135692
0.000135965
0.000136228
0.000136503
0.000136769
0.000137014
0.00013727
0.000137518
0.000137776
0.000138027
0.000138263
0.000138525
0.000138743
0.000138968
0.000139223
0.000139441
0.000139646
0.000139843
0.000140041
0.000140231
0.000140439
0.000140617
0.000140794
0.000140985
0.000141154
0.000141312
0.000141477
0.000141642
0.000141793
0.000141931
0.000142074
0.000142212
0.000142349
0.000142468
0.000142577
0.000142676
0.000142759
0.000142836
0.000142919
0.000142983
0.000143039
0.00014309
0.000143139
0.000143187
0.000143234
0.000143274
0.000143312
0.000143347
0.000143381
0.000143417
0.000143451
0.000143486
0.000143538
0.000143583
0.00014364
0.000143701
0.000143776
0.000143863
0.000143959
0.000144073
0.000144201
0.000144325
0.000144461
0.000144619
0.000144783
0.000144952
0.000145129
0.000145336
0.000145527
0.000145713
0.00014591
0.00014611
0.000146308
0.000146504
0.000146709
0.000146925
0.000147148
0.000147382
0.000147607
0.000147846
0.000148091
0.000148328
0.000148575
0.000148818
0.000149085
0.000149339
0.000149592
0.00014985
0.000150109
0.000150381
0.000150671
0.000150961
0.000151297
0.000151665
0.000151993
0.000152333
0.00015265
0.000152964
0.000153261
0.000153573
0.000153862
0.00015414
0.000154422
0.000154724
0.000155037
0.000155349
0.000155669
0.000156022
0.000156347
0.00015667
0.000157006
0.000157416
0.000157743
0.000158075
0.000158576
0.000158935
0.000159288
0.000159649
0.00016
0.000160361
0.000160696
0.000161037
0.000161373
0.00016171
0.000162037
0.000162352
0.000162647
0.000162946
0.00016324
0.000163577
0.000163867
0.000164157
0.000164434
0.000164706
0.000164971
0.000165231
0.000165472
0.000165701
0.000165999
0.000166226
0.000166434
0.000166643
0.000166842
0.000167041
0.000167241
0.000167416
0.000167582
0.000167741
0.00016789
0.000168023
0.000168182
0.000168346
0.000168462
0.000168579
0.000168691
0.000168803
0.000168909
0.000169006
0.000169095
0.000169185
0.000169261
0.000169328
0.000169409
0.000169467
0.000169514
0.000169562
0.000169609
0.000169653
0.000169696
0.000169739
0.000169781
0.000169825
0.000169867
0.000169907
0.00016995
0.000169992
0.000170035
0.00017008
0.000170124
0.000170164
0.000170195
0.000170219
0.000170233
0.000170238
0.000170235
0.000170232
0.000170226
0.000170209
0.000170185
0.000170157
0.00017013
0.000170106
0.000170078
0.000170055
0.000170038
0.000170029
0.000170027
0.000170034
0.000170052
0.000170073
0.0001701
0.000170131
0.000170167
0.000170208
0.000170246
0.000170286
0.000170324
0.000170371
0.000170411
0.000170448
0.000170494
0.000170543
0.000170592
0.00017064
0.000170685
0.000170724
0.00017075
0.000170767
0.000170774
0.000170773
0.00017077
0.000170767
0.00017077
0.000170782
0.000170799
0.000170826
0.000170864
0.000170901
0.000170937
0.000170967
0.000170984
0.000170984
0.000170963
0.000170922
0.000170863
0.000170789
0.000170692
0.000170587
0.00017047
0.000170342
0.000170192
0.000169983
0.000169794
0.000169576
0.00016934
0.000169079
0.000168768
0.000168491
0.000168178
0.000167851
0.000167561
0.000167269
0.000166691
0.000166114
0.000165522
0.000164922
0.000164342
0.000163742
0.000163159
0.000162552
0.000162002
0.000161531
0.000161102
0.000160736
0.000160446
0.000160323
0.000160156
0.000160101
0.000160076
0.00016008
0.000160116
0.000160169
0.000160237
0.000160323
0.000160426
0.000160547
0.000160682
0.00016083
0.000160992
0.000161156
0.000161337
0.00016152
0.000161687
0.000161857
0.000162025
0.000162194
0.000162361
0.000162522
0.000162675
0.00016282
0.000162954
0.000163127
0.000163262
0.000163365
0.000163477
0.000163549
0.000163602
0.00016364
0.000163659
0.000163666
0.000163659
0.000163638
0.000163605
0.000163559
0.000163499
0.000163425
0.00016333
0.000163218
0.000163094
0.000162957
0.00016281
0.000162645
0.000162464
0.000162261
0.000162049
0.000161818
0.000161575
0.00016133
0.000161055
0.000160793
0.00016052
0.000160189
0.000159901
0.000159601
0.000159303
0.000158986
0.000158664
0.000158327
0.000157984
0.000157618
0.000157251
0.000156862
0.000156473
0.000156072
0.000155653
0.000155254
0.000154847
0.000154421
0.000153979
0.000153456
0.000153009
0.000152558
0.000152105
0.000151651
0.000151189
0.000150745
0.0001503
0.000149837
0.000149397
0.00014896
0.000148513
0.00014808
0.000147676
0.000147258
0.000146847
0.000146421
0.000146026
0.000145647
0.000145279
0.000144862
0.000144537
0.000144196
0.000143875
0.000143552
0.00014325
0.000142974
0.000142692
0.000142425
0.000142158
0.000141912
0.000141677
0.000141447
0.000141229
0.000141011
0.00014081
0.000140628
0.000140445
0.00014028
0.000140114
0.000139958
0.000139816
0.000139674
0.000139539
0.000139408
0.000139281
0.000139159
0.00013904
0.000138921
0.000138813
0.000138718
0.000138631
0.000138542
0.000138453
0.000138356
0.000138269
0.000138173
0.000138083
0.000138002
0.00013792
0.000137841
0.000137773
0.000137706
0.000137636
0.000137573
0.000137506
0.000137442
0.000137359
0.000137247
0.00013712
0.000136997
0.000136873
0.000136772
0.000136665
0.000136524
0.000136373
0.000136257
0.000136159
0.000136054
0.000135948
0.00013584
0.00013573
0.000135616
0.000135499
0.000135383
0.000135268
0.000135148
0.000135018
0.000134896
0.000134763
0.000134588
0.000134452
0.000134308
0.000134165
0.000134024
0.000133871
0.000133719
0.000133568
0.000133413
0.000133254
0.000133071
0.000132909
0.000132744
0.000132559
0.000132392
0.000132226
0.000132052
0.000131872
0.000131696
0.000131515
0.000131332
0.000131153
0.000130963
0.000130769
0.000130578
0.000130385
0.000130183
0.000129968
0.000129778
0.000129579
0.000129385
0.000129183
0.000128988
0.000128796
0.000128597
0.000128395
0.000128191
0.000127982
0.000127787
0.000127594
0.000127395
0.00012719
0.000126974
0.000126761
0.000126553
0.000126353
0.000126147
0.000125948
0.00012575
0.000125546
0.000125349
0.000125144
0.000124931
0.000124723
0.00012449
0.000124257
0.000124002
0.000123742
0.000123489
0.000123187
0.000122776
0.000122475
0.000122143
0.000121858
0.00012156
0.000121266
0.000120973
0.000120485
0.000120016
0.000119551
0.000119079
0.000118563
0.000118294
0.00011782
0.000117332
0.000116874
0.000116433
0.000116002
0.000115562
0.000115119
0.000114711
0.000114304
0.000113874
0.000113507
0.000113152
0.000112807
0.00011248
0.000112169
0.000111906
0.000111637
0.0001114
0.000111157
0.000110952
0.000110778
0.000110614
0.000110463
0.000110329
0.000110213
0.000110109
0.000110018
0.00010994
0.000109867
0.000109804
0.000109748
0.000109698
0.000109652
0.000109606
0.000109563
0.000109523
0.000109482
0.000109437
0.000109387
0.000109332
0.000109275
0.00010921
0.000109137
0.000109056
0.00010897
0.000108869
0.000108763
0.000108642
0.00010852
0.000108388
0.000108248
0.000108097
0.000107936
0.000107746
0.000107559
0.000107364
0.000107154
0.000106927
0.000106702
0.000106466
0.000106308
0.000106149
0.000105805
0.000105489
0.000105302
0.000104979
0.000104782
0.000104486
0.000104184
0.00010386
0.000103536
0.000103216
0.000102882
0.000102552
0.000102225
0.000101876
0.000101526
0.000101174
0.000100832
0.000100474
0.000100111
9.9765e-05
9.9428e-05
9.90818e-05
9.87378e-05
9.84002e-05
9.80651e-05
9.76939e-05
9.73491e-05
9.70152e-05
9.66975e-05
9.63715e-05
9.60429e-05
9.57419e-05
9.54476e-05
9.51392e-05
9.48468e-05
9.45454e-05
9.42486e-05
9.3925e-05
9.3633e-05
9.33439e-05
9.30646e-05
9.27873e-05
9.25211e-05
9.22468e-05
9.19906e-05
9.17416e-05
9.15001e-05
9.12341e-05
9.09959e-05
9.0764e-05
9.05416e-05
9.03147e-05
9.00935e-05
8.98818e-05
8.9674e-05
8.94758e-05
8.928e-05
8.90868e-05
8.88972e-05
8.87012e-05
8.85325e-05
8.83637e-05
8.8187e-05
8.80214e-05
8.78585e-05
8.77045e-05
8.75364e-05
8.74457e-05
8.73566e-05
8.72414e-05
8.70463e-05
8.69624e-05
8.68033e-05
8.66598e-05
8.65166e-05
8.63765e-05
8.62426e-05
8.61097e-05
8.59771e-05
8.58489e-05
8.57204e-05
8.55866e-05
8.55153e-05
8.53893e-05
8.52561e-05
8.51215e-05
8.50514e-05
8.49205e-05
8.47851e-05
8.46503e-05
8.45806e-05
8.44494e-05
8.43832e-05
8.43175e-05
8.42512e-05
8.41251e-05
8.40002e-05
8.38698e-05
8.38018e-05
8.36732e-05
8.35466e-05
8.34817e-05
8.34147e-05
8.33518e-05
8.32678e-05
8.31901e-05
8.31326e-05
8.30775e-05
8.30259e-05
8.29737e-05
8.28823e-05
8.28354e-05
8.27901e-05
8.275e-05
8.27114e-05
8.26742e-05
8.26382e-05
8.2604e-05
8.25742e-05
8.25459e-05
8.25198e-05
8.24958e-05
8.24721e-05
8.24513e-05
8.24313e-05
8.24116e-05
8.23926e-05
8.23732e-05
8.23546e-05
8.23377e-05
8.23201e-05
8.23027e-05
8.22851e-05
8.22671e-05
8.22491e-05
8.22283e-05
8.22084e-05
8.21886e-05
8.21665e-05
8.21446e-05
8.21205e-05
8.20948e-05
8.20679e-05
8.20413e-05
8.20127e-05
8.1983e-05
8.19486e-05
8.19108e-05
8.18714e-05
8.18294e-05
8.17872e-05
8.17411e-05
8.16897e-05
8.16426e-05
8.15931e-05
8.1541e-05
8.14782e-05
8.14053e-05
8.13308e-05
8.12558e-05
8.11814e-05
8.11052e-05
8.10252e-05
8.09426e-05
8.08676e-05
8.079e-05
8.07101e-05
8.06273e-05
8.0541e-05
8.04503e-05
8.03604e-05
8.02621e-05
8.0167e-05
8.00674e-05
7.99678e-05
7.98669e-05
7.97622e-05
7.96575e-05
7.95405e-05
7.94227e-05
7.93116e-05
7.91913e-05
7.90726e-05
7.89552e-05
7.88337e-05
7.87155e-05
7.85961e-05
7.84743e-05
7.8348e-05
7.82321e-05
7.8115e-05
7.79941e-05
7.78671e-05
7.77524e-05
7.7638e-05
7.75241e-05
7.74009e-05
7.72786e-05
7.71467e-05
7.698e-05
7.68521e-05
7.67202e-05
7.65947e-05
7.64701e-05
7.6346e-05
7.62074e-05
7.60729e-05
7.59399e-05
7.58015e-05
7.56529e-05
7.55043e-05
7.53563e-05
7.52003e-05
7.50386e-05
7.48856e-05
7.4722e-05
7.45522e-05
7.43969e-05
7.42343e-05
7.40774e-05
7.39102e-05
7.3757e-05
7.36016e-05
7.34501e-05
7.33046e-05
7.31593e-05
7.30286e-05
7.28928e-05
7.27631e-05
7.2626e-05
7.25002e-05
7.23864e-05
7.22707e-05
7.21565e-05
7.20436e-05
7.19452e-05
7.18496e-05
7.17665e-05
7.16868e-05
7.16162e-05
7.15503e-05
7.14934e-05
7.14429e-05
7.14027e-05
7.13673e-05
7.13435e-05
7.13284e-05
7.1323e-05
7.13276e-05
7.13423e-05
7.13695e-05
7.14056e-05
7.14529e-05
7.15098e-05
7.15785e-05
7.16568e-05
7.17461e-05
7.18464e-05
7.19972e-05
7.21523e-05
7.23251e-05
7.25235e-05
7.27456e-05
7.29581e-05
7.32014e-05
7.34241e-05
7.36745e-05
7.39414e-05
7.42182e-05
7.45144e-05
7.48207e-05
7.51462e-05
7.55097e-05
7.5876e-05
7.62612e-05
7.66495e-05
7.70906e-05
7.7548e-05
7.80249e-05
7.85221e-05
7.90048e-05
7.95359e-05
8.01315e-05
8.06658e-05
8.12271e-05
8.17528e-05
8.2327e-05
8.29518e-05
8.35797e-05
8.42671e-05
8.49182e-05
8.55613e-05
8.62583e-05
8.69695e-05
8.76602e-05
8.83829e-05
8.91302e-05
8.9923e-05
9.06612e-05
9.14428e-05
9.22344e-05
9.30206e-05
9.38419e-05
9.46812e-05
9.55524e-05
9.63867e-05
9.72475e-05
9.80841e-05
9.89883e-05
9.98611e-05
0.000100781
0.000101696
0.000102642
0.000103538
0.000104437
0.00010531
0.000106171
0.000107033
0.000107931
0.000108843
0.000109675
0.000110541
0.000111419
0.000112247
0.000113098
0.000113925
0.000114863
0.000115682
0.000116546
0.000117458
0.000118299
0.00011913
0.00012001
0.000120847
0.000121719
0.000122517
0.000123325
0.00012414
0.000124904
0.000125716
0.000126484
0.000127297
0.000128123
0.000128894
0.000129727
0.000130531
0.000131354
0.000132158
0.000132965
0.000133768
0.000134594
0.000135421
0.000136278
0.000137105
0.000137973
0.00013877
0.000139595
0.000140491
0.000141503
0.000142523
0.00014354
0.000144684
0.0001457
0.000146687
0.000147672
0.000148578
0.000149491
0.000150408
0.000151328
0.000152264
0.000153204
0.000154136
0.000155072
0.000156049
0.000156988
0.000157912
0.000158898
0.000159874
0.000160849
0.000161848
0.000162771
0.000163837
0.000164815
0.000165792
0.000166761
0.000167755
0.000168824
0.000169754
0.000170721
0.000171847
0.000172873
0.000173842
0.000174821
0.000175803
0.000176804
0.000177801
0.000178802
0.000179814
0.000180825
0.000181828
0.000182848
0.000183865
0.000184913
0.000185956
0.000187055
0.000188132
0.000189406
0.000190701
0.000191969
0.000193101
0.000194226
0.000195287
0.000196337
0.000197453
0.000198546
0.000199653
0.000200745
0.000202079
0.00020311
0.000204262
0.000205395
0.000206504
0.000207627
0.000208787
0.000209942
0.000211035
0.000212129
0.000213234
0.000214325
0.000215473
0.000216602
0.000217741
0.000218977
0.000220209
0.000221418
0.000222543
0.000223749
0.000224905
0.000226084
0.00022727
0.000228459
0.000229576
0.000230768
0.000232018
0.000233192
0.00023436
0.00023554
0.000236734
0.000237901
0.000239125
0.000240382
0.000241599
0.000242761
0.000243893
0.000245028
0.000246243
0.000247507
0.000248671
0.000249975
0.000251459
0.000252872
0.000254337
0.000255649
0.000257018
0.000258293
0.000259531
0.000260672
0.000261827
0.000262901
0.000263985
0.000265071
0.000266222
0.00026739
0.000268724
0.000269804
0.000270897
0.000272004
0.000273113
0.000274177
0.000275309
0.000276431
0.000277555
0.000278684
0.000279868
0.000281108
0.000282219
0.000283348
0.000284686
0.000285949
0.000287049
0.000288162
0.000289236
0.000290293
0.000291294
0.000292281
0.000293224
0.000294168
0.000295109
0.000296017
0.000297014
0.000297965
0.000298937
0.00029988
0.000300809
0.00030177
0.000302843
0.000303778
0.000304688
0.000305622
0.000306572
0.00030755
0.00030847
0.000309386
0.000310265
0.000311115
0.000312815
0.00031445
0.000315286
0.000316101
0.000316996
0.000317808
0.000318606
0.000319466
0.000320247
0.000321117
0.000321873
0.000322648
0.000324048
0.000325382
0.000326728
0.000327442
0.000328826
0.000330107
0.000331427
0.000332687
0.000333827
0.000335005
0.000336255
0.000337493
0.00033861
0.000339701
0.000340308
0.000340875
0.000341923
0.000342508
0.000343067
0.000344021
0.00034498
0.000345922
0.000346881
0.000347408
0.00034789
0.000348395
0.000348864
0.000349354
0.000349836
0.000350295
0.000350742
0.000351169
0.000351894
0.000352269
0.000352929
0.000353562
0.000354188
0.000354756
0.00035504
0.000355547
0.000356026
0.000356479
0.000356897
0.000357271
0.00035746
0.000357658
0.000357817
0.000358084
0.000358218
0.000358461
0.000358567
0.000358666
0.00035881
0.000358928
0.000358976
0.000359034
0.000359062
0.000359061
0.000359031
0.000358976
0.000358895
0.000358791
0.000358671
0.000358536
0.000358378
0.000358208
0.000358041
0.000357859
0.00035767
0.000357471
0.000357266
0.000357047
0.000356816
0.000356578
0.000356434
0.000356158
0.000355873
0.000355589
0.000355262
0.000354921
0.000354549
0.000354162
0.000353733
0.000353271
0.000352815
0.000352289
0.000351734
0.000351429
0.000350842
0.000350227
0.000349552
0.000348847
0.000348455
0.000347697
0.0003469
0.000345987
0.000345508
0.000344968
0.000344411
0.000343873
0.000343294
0.000342793
0.000342189
0.000341593
0.000341055
0.000340018
0.000338958
0.000338377
0.000337781
0.000337125
0.000336518
0.000335313
0.000334117
0.00033348
0.000332766
0.00033152
0.00033025
0.000328895
0.000327498
0.000326055
0.000324654
0.000323222
0.000322373
0.00032086
0.000319351
0.000317824
0.000317013
0.000316152
0.000315319
0.000314504
0.000312901
0.000312061
0.000310451
0.000308778
0.000307922
0.00030629
0.000305366
0.0003037
0.000302803
0.000301917
0.000301012
0.000299254
0.000297434
0.000295697
0.000294734
0.000292985
0.00029116
0.00028932
0.000287511
0.000285732
0.000284742
0.000282846
0.00028089
0.000278978
0.000277168
0.000275259
0.000274265
0.000272902
0.000270991
0.00026999
0.000268827
0.000266911
0.000264976
0.000263953
0.00026282
0.000261696
0.000259806
0.000258797
0.000256752
0.000254707
0.00025365
0.000251703
0.00024971
0.000248671
0.000247448
0.000246284
0.000245179
0.000243978
0.000242329
0.000241195
0.000240023
0.000238813
0.000237682
0.000236627
0.000235556
0.000233511
0.000232467
0.000231387
0.000230293
0.000229138
0.00022786
0.000225862
0.000224777
0.000223735
0.00022264
0.000221515
0.000220475
0.000218489
0.000217445
0.000216315
0.00021527
0.000213127
0.000211989
0.000210909
0.000209819
0.000208718
0.00020749
0.00020643
0.000205368
0.000204317
0.000202319
0.000201326
0.000199334
0.000198374
0.000196995
0.000196009
0.000194153
0.00019322
0.000192298
0.00019139
0.000189643
0.000188753
0.000187877
0.000186994
0.000186121
0.000185171
0.000184298
0.000183482
0.00018268
0.000181881
0.000180396
0.000179624
0.000178853
0.00017813
0.000177401
0.000176703
0.000176012
0.000175318
0.000174668
0.000174057
0.000173426
0.000172837
0.000172248
0.000171679
0.000171128
0.000170604
0.000170061
0.000169556
0.000169053
0.000168576
0.000168099
0.000167643
0.000167189
0.000166766
0.000166304
0.000165854
0.000165429
0.000165034
0.000164648
0.000164267
0.000163889
0.000163519
0.000163154
0.000162796
0.000162441
0.000162093
0.000161747
0.000161397
0.000161065
0.000160743
0.000160422
0.000160123
0.000159829
0.000159532
0.000159254
0.000158987
0.000158724
0.000158463
0.000158156
0.000157859
0.00015757
0.000157281
0.000157044
0.000156822
0.000156595
0.00015638
0.000156207
0.000155885
0.000155578
0.000155426
0.000155149
0.000155018
0.000154891
0.000154778
0.000154682
0.000154591
0.000154503
0.000154425
0.000154356
0.000154294
0.00015423
0.000154184
0.000154154
0.000154136
0.00015412
0.000154121
0.000154132
0.000154153
0.000154182
0.000154218
0.000154262
0.000154353
0.000154403
0.000154458
0.000154518
0.000154581
0.000154646
0.000154771
0.000154842
0.000154982
0.000155054
0.000155126
0.000155197
0.000155268
0.000155338
0.000155413
0.000155486
0.000155556
0.000155624
0.000155692
0.000155759
0.000155822
0.000155882
0.000155996
0.00015611
0.000156166
0.000156221
0.000156273
0.000156325
0.00015639
0.000156489
0.000156543
0.000156596
0.000156647
0.000156695
0.000156744
0.000156838
0.000156887
0.000156939
0.000157039
0.000157096
0.000157218
0.000157344
0.000157417
0.000157493
0.000157604
0.000157697
0.000157795
0.00015791
0.000158025
0.000158144
0.000158391
0.000158524
0.000158669
0.000158857
0.000159027
0.000159207
0.000159593
0.000159805
0.000160025
0.000160258
0.000160504
0.000160765
0.000161088
0.000161409
0.000161781
0.000162203
0.000162618
0.000163029
0.000163468
0.000163894
0.000164402
0.000164962
0.00016545
0.000165933
0.000166431
0.000167169
0.000168262
0.00016883
0.000169422
0.000170242
0.000171469
0.000172125
0.000172799
0.000174204
0.000175789
0.000177211
0.000177983
0.000178768
0.000179621
0.000180456
0.000182077
0.000182929
0.000183814
0.00018469
0.000185573
0.000186488
0.000188295
0.00018931
0.000190301
0.000192251
0.000194282
0.000195327
0.000197359
0.000199423
0.000200449
0.00020147
0.000202425
0.000203304
0.000204887
0.000205653
0.000206325
0.000206948
0.000207413
0.000208228
0.000208822
0.000209044
0.000209166
0.000209196
0.000209114
0.000209004
0.000208792
0.000208566
0.000208291
0.000207977
0.000207615
0.000207221
0.000206806
0.000206355
0.000205867
0.000205333
0.000204821
0.000204267
0.000203149
0.000202572
0.000201963
0.000201334
0.000200148
0.000199528
0.000198892
0.000198242
0.000197603
0.000196964
0.000196357
0.000195751
0.000195153
0.000194571
0.000193564
0.000193065
0.000192587
0.000192131
0.000191701
0.000191291
0.000190916
0.00019025
0.000189615
0.000189033
0.000188479
0.000188187
0.000187963
0.00018776
0.000187597
0.000187446
0.000187336
0.000187253
0.000187197
0.000187193
0.000187276
0.00018746
0.000187764
0.00018819
0.000188794
0.000189518
0.000190383
0.000191368
0.000192478
0.000193686
0.000195189
0.000196576
0.000198056
0.000199564
0.000200428
0.000201394
0.000203036
0.000203961
0.000205701
0.000206627
0.00020839
0.000210218
0.00021117
0.000212903
0.00021476
0.000216471
0.000217411
0.000218336
0.00021927
0.000220396
0.000221309
0.000222961
0.000224605
0.000226178
0.000227761
0.000229601
0.000231156
0.000232722
0.000233511
0.00023498
0.000236435
0.000237197
0.000237972
0.000238725
0.000240189
0.00024164
0.000242996
0.000244333
0.000245672
0.000247021
0.000248325
0.000249584
0.000250336
0.000251017
0.000252279
0.000253562
0.000254847
0.00025615
0.000257372
0.000258644
0.000259914
0.000261159
0.000262362
0.000263684
0.000264494
0.000265187
0.000266057
0.000266818
0.000267535
0.000268249
0.000268966
0.000269707
0.000271095
0.000272472
0.000273835
0.000275239
0.000276648
0.000278022
0.000278808
0.00028028
0.000281768
0.000283212
0.000283976
0.00028475
0.000286176
0.000286963
0.000288414
0.000289192
0.000290612
0.000291977
0.000293568
0.00029498
0.000296316
0.000297629
0.000298855
0.000300166
0.0003014
0.000302637
0.000303817
0.000304423
0.000305549
0.00030665
0.000307697
0.000308851
0.000309863
0.000310846
0.0003118
0.000312707
0.000313587
0.000314418
0.00031523
0.000316002
0.00031682
0.000317539
0.000318196
0.000318824
0.000319434
0.000320017
0.000320524
0.000321011
0.000321437
0.00032183
0.000322202
0.000322538
0.000322833
0.000323107
0.000323338
0.000323537
0.000323709
0.00032379
0.000323888
0.000323959
0.000324007
0.000324022
0.000324025
0.000324017
0.000324
0.000323974
0.000323935
0.000323887
0.000323826
0.000323759
0.00032361
0.000323434
0.000323241
0.000323016
0.000322758
0.000322466
0.000322139
0.00032178
0.000321394
0.000320948
0.000320484
0.000319964
0.000319368
0.000318758
0.000318093
0.00031736
0.000316542
0.000316073
0.000315164
0.000314639
0.000313682
0.000312666
0.000311683
0.000310612
0.000309509
0.000308342
0.00030717
0.000305971
0.000304709
0.000303293
0.000301908
0.000300496
0.000299021
0.00029737
0.000295772
0.000294159
0.000292429
0.00029059
0.000288772
0.000286982
0.000285122
0.000283157
0.000281188
0.000279178
0.000277164
0.000275138
0.000273029
0.000270868
0.00026859
0.000266377
0.00026421
0.000261775
0.000259443
0.000257172
0.000254919
0.000252556
0.000249928
0.000247509
0.000245055
0.000242555
0.00023923
0.000236421
0.000233914
0.000231337
0.000228633
0.000225918
0.000223157
0.000220115
0.000217222
0.000214503
0.000211675
0.000208716
0.000205883
0.000203086
0.000199325
0.000195436
0.00019106
0.000187665
0.000184459
0.000181036
0.000178056
0.000175173
0.000172179
0.000169265
0.000166482
0.000163509
0.000160258
0.00015721
0.000154205
0.000151238
0.000148207
0.000145247
0.000142289
0.000139473
0.000136591
0.000133408
0.000130543
0.000127528
0.000124371
0.000121469
0.000118313
0.000115305
0.000112322
0.000109299
0.000106351
0.000103396
0.000100465
9.70154e-05
9.40422e-05
9.08684e-05
8.78494e-05
8.41258e-05
8.07915e-05
7.75494e-05
7.4576e-05
7.17244e-05
6.86751e-05
6.58162e-05
6.29095e-05
5.9998e-05
5.702e-05
5.35234e-05
5.06178e-05
4.73585e-05
4.44373e-05
4.15621e-05
3.85601e-05
3.57915e-05
3.2894e-05
3.00689e-05
2.72812e-05
2.44384e-05
2.12733e-05
1.85954e-05
1.569e-05
1.283e-05
9.98235e-06
7.33508e-06
4.65992e-06
1.86364e-06
-9.45358e-07
-3.70569e-06
-6.38875e-06
-9.05405e-06
-1.19033e-05
-1.46984e-05
-1.72736e-05
-2.00515e-05
-2.28039e-05
-2.54385e-05
-2.80146e-05
-3.06905e-05
-3.36269e-05
-3.62311e-05
-3.90269e-05
-4.17618e-05
-4.42925e-05
-4.65444e-05
-4.90356e-05
-5.11206e-05
-5.30474e-05
-5.51544e-05
-5.71036e-05
-5.90777e-05
-6.08493e-05
-6.25715e-05
-6.4365e-05
-6.60008e-05
-6.75906e-05
-6.93871e-05
-7.09312e-05
-7.24929e-05
-7.38759e-05
-7.52627e-05
-7.68095e-05
-7.81679e-05
-7.93549e-05
-8.06783e-05
-8.17572e-05
-8.27943e-05
-8.38387e-05
-8.48279e-05
-8.58064e-05
-8.67407e-05
-8.7663e-05
-8.85443e-05
-8.94175e-05
-9.02821e-05
-9.11344e-05
-9.19041e-05
-9.27075e-05
-9.34448e-05
-9.41824e-05
-9.49017e-05
-9.56573e-05
-9.63347e-05
-9.69997e-05
-9.76662e-05
-9.84412e-05
-9.91405e-05
-9.97672e-05
-0.000100365
-0.000101025
-0.000101632
-0.000102165
-0.000102734
-0.000103241
-0.000103769
-0.000104232
-0.000104694
-0.000105179
-0.000105603
-0.000105995
-0.000106369
-0.000106745
-0.000107113
-0.000107444
-0.000107784
-0.000108086
-0.000108376
-0.000108651
-0.000108923
-0.000109175
-0.000109418
-0.000109663
-0.000109867
-0.000110071
-0.000110264
-0.000110445
-0.000110614
-0.000110784
-0.00011094
-0.000111091
-0.000111239
-0.000111379
-0.000111521
-0.000111657
-0.000111794
-0.000111926
-0.000112046
-0.000112175
-0.000112296
-0.000112432
-0.000112565
-0.000112692
-0.000112822
-0.000112961
-0.000113085
-0.000113222
-0.000113352
-0.000113484
-0.000113639
-0.000113786
-0.000113983
-0.000114116
-0.000114239
-0.000114691
-0.000114864
-0.000115153
-0.000115333
-0.000115466
-0.000115603
-0.000115782
-0.000115928
-0.000116132
-0.00011629
-0.000116462
-0.000116632
-0.000116815
-0.000117172
-0.000117371
-0.000117577
-0.000117785
-0.000118011
-0.000118263
-0.000118514
-0.000118769
-0.000119279
-0.000119567
-0.000119867
-0.000120166
-0.000120479
-0.000120796
-0.000121143
-0.000121512
-0.00012188
-0.000122261
-0.000122663
-0.000123072
-0.000123512
-0.000124122
-0.00012462
-0.000125089
-0.000125616
-0.000126122
-0.000126646
-0.000127239
-0.000127818
-0.000128394
-0.000128979
-0.00012957
-0.000130179
-0.000130772
-0.000131402
-0.00013207
-0.000132764
-0.000133432
-0.000134122
-0.000134833
-0.0001356
-0.000136392
-0.000137213
-0.000138232
-0.000139092
-0.000139898
-0.000140697
-0.000141509
-0.000142387
-0.000143268
-0.000144186
-0.000145106
-0.00014608
-0.000147059
-0.00014815
-0.000149161
-0.000150248
-0.00015133
-0.000152466
-0.00015359
-0.000154997
-0.000156273
-0.000157551
-0.000158852
-0.000160253
-0.00016175
-0.0001633
-0.000164859
-0.000166464
-0.000168015
-0.000169659
-0.000171349
-0.000173136
-0.000175104
-0.000176995
-0.000178775
-0.000180628
-0.000182715
-0.000184694
-0.000188545
-0.000192542
-0.000196542
-0.000198621
-0.000202848
-0.000205011
-0.00020741
-0.000211693
-0.000214462
-0.000216775
-0.000219203
-0.000223472
-0.000225844
-0.000228231
-0.000230567
-0.000232897
-0.000237298
-0.000241208
-0.000245211
-0.000249083
-0.000252811
-0.000256585
-0.000260679
-0.000263029
-0.000266744
-0.000270358
-0.000274063
-0.000277497
-0.000281038
-0.000283078
-0.000286456
-0.000289922
-0.000293021
-0.000295984
-0.000298765
-0.000301736
-0.000304417
-0.000307403
-0.000310127
-0.000312598
-0.000315009
-0.000317162
-0.000319129
-0.000321008
-0.000322705
-0.00032441
-0.000326051
-0.000327473
-0.00032873
-0.000329824
-0.000330756
-0.000331585
-0.000332257
-0.000332788
-0.000333206
-0.000333503
-0.000333656
-0.000333676
-0.000333561
-0.00033333
-0.000332995
-0.000332497
-0.000331893
-0.000331214
-0.000330458
-0.000329534
-0.000328547
-0.000327403
-0.000326136
-0.000324782
-0.000323283
-0.000321583
-0.000319882
-0.000318071
-0.000316122
-0.000313759
-0.000311407
-0.000309049
-0.000306593
-0.000303932
-0.000301233
-0.00029836
-0.000295413
-0.000292402
-0.00028907
-0.000285276
-0.000280622
-0.000276287
-0.000271569
-0.00026687
-0.000262025
-0.000256855
-0.000252373
-0.000247881
-0.000243043
-0.000237881
-0.000232573
-0.000227042
-0.000221425
-0.00021599
-0.000210357
-0.000204261
-0.000198173
-0.00019213
-0.000186174
-0.000179583
-0.000172781
-0.000166581
-0.000160305
-0.000153704
-0.00014721
-0.000140356
-0.000133292
-0.000126398
-0.000118459
-0.000110833
-0.00010277
-9.52746e-05
-8.76755e-05
-7.95271e-05
-7.15188e-05
-6.30379e-05
-5.43308e-05
-4.59819e-05
-3.82995e-05
-3.04169e-05
-2.21487e-05
-1.38474e-05
-5.92341e-06
2.10001e-06
1.00492e-05
1.86986e-05
2.69486e-05
3.54556e-05
4.47946e-05
5.43021e-05
6.31392e-05
7.21471e-05
8.12712e-05
9.06798e-05
9.96014e-05
0.000108631
0.000117976
0.000126987
0.000136157
0.000145592
0.000154734
0.00016433
0.000174281
0.00018393
0.000193212
0.000203267
0.000212781
0.000222411
0.000232492
0.00024293
0.000268868
0.000282138
0.000292021
0.000302174
0.000312289
0.000323796
0.000333762
0.000343616
0.000354265
0.000366409
0.00037852
0.000388275
0.00040177
0.000414136
0.000422891
0.000438079
0.000446489
0.000454333
0.000467533
0.000480037
0.000497565
0.000505785
0.000518066
0.000526251
0.000534459
0.000543121
0.000551166
0.000559556
0.000567103
0.000580456
0.000593183
0.000605793
0.000617992
0.000630283
0.000642286
0.000654383
0.000666051
0.000677632
0.000688629
0.000699359
0.00071
0.000719959
0.000729781
0.000739003
0.000748222
0.000756968
0.000766284
0.000771027
0.000779028
0.000783108
0.000790472
0.000797423
0.000803909
0.000809979
0.000815568
0.000821413
0.000826182
0.00083069
0.000835007
0.00083891
0.000842236
0.000845301
0.000848206
0.000850588
0.000852759
0.000854562
0.00085603
0.000857236
0.000858143
0.000858805
0.000859196
0.000859406
0.000859477
0.000859404
0.000859201
0.000858869
0.000858395
0.000857793
0.000857111
0.000856278
0.000855353
0.000854309
0.000853168
0.000851911
0.000850485
0.000849021
0.000847436
0.000845813
0.00084414
0.00084237
0.000840487
0.000838522
0.000836099
0.000833745
0.000831621
0.000829097
0.000826861
0.000824411
0.000822007
0.000819628
0.000817437
0.000815303
0.000812639
0.000810095
0.000807514
0.00080549
0.000803467
0.000801708
0.000799893
0.000798401
0.000797186
0.000796049
0.000794836
0.000793955
0.000793192
0.000792515
0.000791961
0.000791516
0.000791183
0.000790993
0.000790891
0.000790891
0.000790988
0.000791168
0.000791378
0.000791666
0.000792017
0.000792366
0.000792771
0.000793183
0.000793593
0.000794012
0.000794439
0.000794903
0.000795302
0.000795711
0.000796122
0.000796495
0.00079688
0.000797261
0.000797604
0.000797987
0.000798299
0.000798608
0.000798852
0.00079906
0.000799226
0.000799353
0.000799446
0.000799507
0.000799543
0.000799556
0.000799549
0.000799528
0.000799494
0.000799452
0.000799406
0.000799361
0.000799323
0.000799288
0.00079927
0.000799262
0.000799267
0.00079929
0.000799334
0.000799394
0.000799471
0.000799558
0.000799658
0.000799766
0.00079989
0.000800024
0.000800168
0.000800333
0.000800496
0.000800671
0.000800862
0.000801074
0.000801297
0.00080152
0.00080175
0.000802017
0.000802264
0.000802528
0.000802813
0.000803092
0.000803403
0.000803764
0.000804122
0.000804463
0.000804812
0.000805177
0.000805572
0.000805952
0.000806309
0.000806681
0.000807112
0.000807527
0.000807952
0.000808359
0.000808807
0.000809234
0.000809715
0.000810189
0.000810603
0.00081102
0.000811444
0.000811869
0.000812281
0.000812736
0.000813163
0.000813598
0.000814044
0.000814512
0.000815013
0.000815498
0.000815994
0.000816515
0.000817039
0.000817572
0.000818095
0.00081864
0.000819229
0.000819836
0.00082046
0.000821078
0.000821687
0.00082228
0.000822962
0.000823594
0.000824209
0.00082488
0.0008255
0.000826137
0.00082674
0.000827377
0.000827991
0.000828599
0.000829192
0.000829778
0.000830471
0.000831067
0.000831715
0.000832312
0.000832875
0.000833411
0.000833959
0.000834523
0.000835029
0.000835541
0.000836045
0.000836492
0.00083699
0.000837474
0.000837959
0.0008384
0.000838861
0.000839298
0.000839741
0.000840163
0.000840561
0.000840969
0.00084137
0.000841751
0.000842138
0.000842511
0.000842917
0.000843301
0.00084369
0.00084404
0.000844362
0.000844694
0.000845001
0.000845351
0.000845674
0.00084596
0.000846228
0.000846489
0.000846737
0.000846967
0.000847211
0.000847448
0.000847655
0.000847839
0.00084803
0.000848202
0.0008484
0.000848571
0.000848704
0.00084882
0.000848932
0.000849037
0.00084914
0.000849224
0.0008493
0.000849373
0.000849441
0.000849508
0.000849572
0.000849633
0.000849706
0.000849782
0.000849858
0.000849926
0.000849988
0.000850048
0.000850115
0.000850173
0.000850224
0.000850279
0.000850334
0.000850395
0.000850455
0.00085052
0.000850596
0.000850686
0.000850781
0.000850872
0.000850959
0.00085107
0.000851179
0.000851277
0.000851379
0.000851492
0.000851595
0.000851702
0.000851817
0.000851935
0.000852056
0.000852183
0.000852318
0.000852456
0.000852583
0.000852718
0.000852852
0.000853005
0.00085315
0.000853303
0.000853462
0.000853636
0.000853797
0.000853953
0.000854117
0.000854282
0.000854462
0.000854623
0.000854806
0.000855
0.000855174
0.000855341
0.000855516
0.000855714
0.000855897
0.000856085
0.000856258
0.000856432
0.000856598
0.00085676
0.000856917
0.000857082
0.00085723
0.000857366
0.000857513
0.000857652
0.000857782
0.000857909
0.000858023
0.00085815
0.000858294
0.000858402
0.000858508
0.000858606
0.000858711
0.000858802
0.000858895
0.000858975
0.000859045
0.000859118
0.00085918
0.000859231
0.000859279
0.00085932
0.00085936
0.000859391
0.000859416
0.000859434
0.000859446
0.000859452
0.000859451
0.000859444
0.00085943
0.000859411
0.000859384
0.000859351
0.000859306
0.000859259
0.000859206
0.00085914
0.000859074
0.000859002
0.000858923
0.000858836
0.000858741
0.000858639
0.000858522
0.000858378
0.000858236
0.000858098
0.000857933
0.000857778
0.000857614
0.000857444
0.000857266
0.000857103
0.000856929
0.00085675
0.000856551
0.000856344
0.000856153
0.000855953
0.000855743
0.00085553
0.000855308
0.000855091
0.000854864
0.000854623
0.00085437
0.000854114
0.000853831
0.000853582
0.00085332
0.000853037
0.000852736
0.000852432
0.000852134
0.000851809
0.000851511
0.000851183
0.000850855
0.000850537
0.00085022
0.000849904
0.000849581
0.000849242
0.000848918
0.000848576
0.000848214
0.000847857
0.000847547
0.000847228
0.000846935
0.000846584
0.0008463
0.000846021
0.000845737
0.000845477
0.000845236
0.000844948
0.000844718
0.000844509
0.00084432
0.000844135
0.000843966
0.000843796
0.000843655
0.000843515
0.000843335
0.000843225
0.000843079
0.000842984
0.0008429
0.000842829
0.000842755
0.000842688
0.000842642
0.000842604
0.000842575
0.000842543
0.000842521
0.000842509
0.000842506
0.000842508
0.000842516
0.00084253
0.000842558
0.000842583
0.000842613
0.000842647
0.000842684
0.000842726
0.000842776
0.000842838
0.000842894
0.000842959
0.000843025
0.000843092
0.000843165
0.000843259
0.000843361
0.000843447
0.000843529
0.000843609
0.000843707
0.000843804
0.000843896
0.000843984
0.000844078
0.000844193
0.000844317
0.000844436
0.000844579
0.000844681
0.000844784
0.000844926
0.000845038
0.000845156
0.000845266
0.000845421
0.000845542
0.000845659
0.000845784
0.000845911
0.000846053
0.000846194
0.000846341
0.00084649
0.00084665
0.000846815
0.000846972
0.00084714
0.000847324
0.000847504
0.000847681
0.000847877
0.00084807
0.000848269
0.000848471
0.000848687
0.000848904
0.000849129
0.000849352
0.000849584
0.000849816
0.000850055
0.000850296
0.000850543
0.000850788
0.00085104
0.000851292
0.00085154
0.000851904
0.000852282
0.000852539
0.000852821
0.000853121
0.000853382
0.00085367
0.000853939
0.000854193
0.000854457
0.000854739
0.000854998
0.000855278
0.000855562
0.000855847
0.000856137
0.00085641
0.000856707
0.000856991
0.000857313
0.000857613
0.000857905
0.000858227
0.000858545
0.000858835
0.000859121
0.000859412
0.0008597
0.000859957
0.000860226
0.000860461
0.000860686
0.000860895
0.000861086
0.000861253
0.000861407
0.000861537
0.000861648
0.000861732
0.000861796
0.000861833
0.000861843
0.000861825
0.000861783
0.000861705
0.000861567
0.000861429
0.000861255
0.000861034
0.000860726
0.000860341
0.000859955
0.000859621
0.000859207
0.000858782
0.000858358
0.000857812
0.000857294
0.00085681
0.000856272
0.000855713
0.000854993
0.000854221
0.000853139
0.000852084
0.000850965
0.000849883
0.000848549
0.000847151
0.000845754
0.000844238
0.000842717
0.000840967
0.000839155
0.000837291
0.000835112
0.000832029
0.000829585
0.000827179
0.000824423
0.000821336
0.000817608
0.000814536
0.000811556
0.000808058
0.000804503
0.000800431
0.000795953
0.000790635
0.000785925
0.000781167
0.000776256
0.000771225
0.000765993
0.000760466
0.000754882
0.00074946
0.000743758
0.00073808
0.000732232
0.000726143
0.000719814
0.000712824
0.000705039
0.000698311
0.000690472
0.000680716
0.000671673
0.00066383
0.000655681
0.000647492
0.000639291
0.000630692
0.000622559
0.000613266
0.000603766
0.000595165
0.000586247
0.000577016
0.000568023
0.000558777
0.000548485
0.000538608
0.000528421
0.000518161
0.000507619
0.00049649
0.000485229
0.000473625
0.000461341
0.000449803
0.000437763
0.000425329
0.000413321
0.000400817
0.000388097
0.000375386
0.000361805
0.000347964
0.000333787
0.000320238
0.000306518
0.000297758
0.000283155
0.000267436
0.000252324
0.000237511
0.000221669
0.000206867
0.000191676
0.000174073
0.000164851
0.000155459
0.000143274
0.000134778
0.00012576
0.000117382
0.000108491
9.86385e-05
8.29984e-05
7.4428e-05
5.99262e-05
4.64585e-05
3.90129e-05
2.51863e-05
1.14489e-05
-2.06464e-06
-1.55816e-05
-2.86769e-05
-4.1417e-05
-4.81124e-05
-6.06603e-05
-7.32313e-05
-8.55583e-05
-9.19484e-05
-0.000104313
-0.000111681
-0.000118105
-0.000124168
-0.000130367
-0.000136513
-0.00014252
-0.000148635
-0.000154584
-0.000160726
-0.000166957
-0.000172993
-0.000179112
-0.000184891
-0.000191743
-0.00019976
-0.000205861
-0.000211394
-0.000216773
-0.000221997
-0.00022723
-0.000232096
-0.000236616
-0.000241402
-0.000245843
-0.000250038
-0.000254234
-0.000258323
-0.000262228
-0.000266072
-0.000269684
-0.000273388
-0.000277147
-0.000280576
-0.000284017
-0.000287151
-0.000290083
-0.000292972
-0.00029568
-0.00029836
-0.00030099
-0.000303505
-0.000305841
-0.000308072
-0.000310304
-0.000312565
-0.000314452
-0.00031618
-0.000317829
-0.000319396
-0.000320833
-0.000322203
-0.000323441
-0.000324599
-0.000325708
-0.000326731
-0.000327647
-0.000328542
-0.000329325
-0.000330052
-0.000330722
-0.000331377
-0.000331934
-0.000332475
-0.000332966
-0.000333443
-0.000333874
-0.000334258
-0.00033463
-0.000334979
-0.000335292
-0.000335565
-0.000335863
-0.000336187
-0.000336439
-0.00033664
-0.000336831
-0.000337007
-0.000337204
-0.000337376
-0.000337508
-0.000337632
-0.00033775
-0.000337877
-0.000338007
-0.000338138
-0.000338268
-0.000338404
-0.000338545
-0.000338707
-0.000338872
-0.00033905
-0.000339215
-0.000339397
-0.000339595
-0.000339806
-0.000340027
-0.000340267
-0.000340521
-0.000340799
-0.00034106
-0.000341335
-0.000341622
-0.000341946
-0.00034228
-0.000342627
-0.000342972
-0.000343342
-0.000343727
-0.000344133
-0.000344532
-0.000344957
-0.000345382
-0.000345806
-0.000346248
-0.000346694
-0.000347163
-0.000347666
-0.000348145
-0.000348637
-0.000349154
-0.000349691
-0.000350357
-0.000350946
-0.000351494
-0.000352055
-0.000352676
-0.000353285
-0.000353902
-0.000354503
-0.000355122
-0.000355752
-0.00035636
-0.000356971
-0.00035759
-0.000358217
-0.000358853
-0.000359475
-0.0003601
-0.00036072
-0.000361357
-0.00036198
-0.000362642
-0.000363269
-0.000363927
-0.000364568
-0.000365209
-0.000365833
-0.000366475
-0.000367111
-0.000367754
-0.000368405
-0.00036902
-0.000369738
-0.00037035
-0.000370921
-0.000371483
-0.000372128
-0.000372683
-0.000373204
-0.000373705
-0.000374191
-0.000374652
-0.000375075
-0.000375475
-0.000375824
-0.000376157
-0.000376473
-0.000376729
-0.000376952
-0.000377128
-0.000377276
-0.000377388
-0.000377457
-0.000377486
-0.000377473
-0.000377414
-0.000377307
-0.000377129
-0.000376877
-0.000376568
-0.00037623
-0.00037585
-0.000375382
-0.000374872
-0.000374344
-0.000373821
-0.000373269
-0.000372659
-0.00037202
-0.00037136
-0.000370669
-0.000370004
-0.000369318
-0.000368615
-0.000367879
-0.000367195
-0.000366508
-0.000365859
-0.000365202
-0.000364583
-0.000364001
-0.000363462
-0.000362965
-0.000362489
-0.000362074
-0.000361683
-0.00036135
-0.000361053
-0.000360774
-0.000360546
-0.000360361
-0.000360212
-0.000360101
-0.000360027
-0.000359983
-0.000359971
-0.000359983
-0.000360019
-0.000360079
-0.000360162
-0.000360259
-0.000360366
-0.000360501
-0.000360643
-0.000360799
-0.000360969
-0.000361133
-0.000361318
-0.00036151
-0.000361712
-0.00036193
-0.000362147
-0.000362352
-0.000362546
-0.000362734
-0.000362916
-0.000363093
-0.000363259
-0.000363422
-0.000363504
-0.000363504
-0.000363504
-0.000363504
-0.000363504
-0.000363504
-0.000363504
-0.000363504
-0.000363504
-0.000363504
-0.000363504
-0.000363504
-0.000363504
-0.000363504
-0.000363504
-0.000363504
-0.000363504
-0.000363504
-0.000363504
-0.000363504
-0.000363504
-0.000363504
-0.000363504
-0.000363504
-0.000363504
-0.000363504
-0.000363504
-0.000363504
-0.000363504
-0.000363504
-0.000363504
-0.000363504
-0.000363504
-0.000363504
-0.000363504
-0.000363504
-0.000363504
-0.000363504
-0.000363504
-0.000363504
-0.000363504
-0.000363504
-0.000363504
-0.000363504
-0.000363504
-0.000363504
-0.000363504
-0.000363504
-0.000363504
-0.000363504
-0.000363504
-0.000363504
-0.000363504
-0.000363504
-0.000363504
-0.000363504
-0.000363504
-0.000363504
-0.000363504
-0.000363504
-0.000363504
-0.000363504
-0.000363504
-0.000363504
-0.000363504
-0.000363504
-0.000363504
-0.000363504
-0.000363504
-0.000363504
-0.000363504
-0.000363504
-0.000363504
-0.000363504
-0.000363504
-0.000363504
-0.000363504
-0.000363504
-0.000363504
-0.000363504
-0.000363504
-0.000363504
-0.000363504
-0.000363504
-0.000363504
-0.000363504
-0.000363504
-0.000363504
-0.000363504
-0.000363504
-0.000363504
-0.000363504
-0.000363504
-0.000363504
-0.000363504
-0.000363504
-0.000363504
-0.000363504
-0.000363504
-0.000363504
-0.000363504
-0.000363504
-0.000363504
-0.000363504
-0.000363504
-0.000363504
-0.000363504
-0.000363504
-0.000363504
-0.000363504
-0.000363504
-0.000363504
-0.000363504
-0.000363504
-0.000363504
-0.000363504
-0.000363504
-0.000363504
-0.000363504
-0.000363504
-0.000363504
-0.000363504
-0.000363504
-0.000363504
-0.000363504
-0.000363504
-0.000363504
-0.000363504
-0.000363504
-0.000363504
-0.000363504
-0.000363504
-0.000363504
-0.000363504
-0.000363504
-0.000363504
-0.000363504
-0.000363504
-0.000363504
-0.000363504
-0.000363504
-0.000363504
-0.000363504
-0.000363504
-0.000363504
-0.000363504
-0.000363504
-0.000363504
-0.000363504
-0.000363504
-0.000363504
-0.000363504
-0.000363504
-0.000363504
-0.000363504
-0.000363504
-0.000363504
-0.000363504
-0.000363504
-0.000363504
-0.000363504
-0.000363504
-0.000363504
-0.000363504
-0.000363504
-0.000363504
-0.000363504
-0.000363504
-0.000363504
-0.000363504
-0.000363504
-0.000363504
-0.000363504
-0.000363504
-0.000363504
-0.000363504
-0.000363504
-0.000363504
-0.000363504
-0.000363504
-0.000363504
-0.000363504
-0.000363504
-0.000363504
-0.000363504
-0.000363504
-0.000363504
-0.000363504
-0.000363504
-0.000363504
-0.000363504
-0.000363504
-0.000363504
-0.000363504
-0.000363504
-0.000363504
-0.000363504
-0.000363504
-0.000363504
-0.000363504
-0.000363504
-0.000363504
-0.000363504
-0.000363504
-0.000363504
-0.000363504
-0.000363504
-0.000363504
-0.000363504
-0.000363504
-0.000363504
-0.000363504
-0.000363504
-0.000363504
-0.000363504
-0.000363504
-0.000363504
-0.000363504
-0.000363504
-0.000363504
-0.000363504
-0.000363504
-0.000363504
-0.000363504
-0.000363504
-0.000363504
-0.000363504
-0.000363504
-0.000363504
-0.000363504
-0.000363504
-0.000363504
-0.000363504
-0.000363504
-0.000363504
-0.000363504
-0.000363504
-0.000363504
-0.000363504
-0.000363504
-0.000363504
-0.000363504
-0.000363504
-0.000363504
-0.000363504
-0.000363504
-0.000363504
-0.000363504
-0.000363504
-0.000363504
-0.000363504
-0.000363504
-0.000363504
-0.000363504
-0.000363504
-0.000363504
-0.000363504
-0.000363504
-0.000363504
-0.000363504
-0.000363504
-0.000363504
-0.000363504
-0.000363504
-0.000363504
-0.000363504
-0.000363504
-0.000363504
-0.000363504
-0.000363504
-0.000363504
-0.000363504
-0.000363504
-0.000363504
-0.000363504
-0.000363504
-0.000363504
-0.000363504
-0.000363504
-0.000363504
-0.000363504
-0.000363504
-0.000363504
-0.000363504
-0.000363504
-0.000363504
-0.000363504
-0.000363504
-0.000363504
-0.000363504
-0.000363504
-0.000363504
-0.000363504
-0.000363504
-0.000363504
-0.000363504
-0.000363504
-0.000363504
-0.000363504
-0.000363504
-0.000363504
-0.000363504
-0.000363504
-0.000363504
-0.000363504
-0.000363504
-0.000363504
-0.000363504
-0.000363504
-0.000363504
-0.000363504
-0.000363504
-0.000363504
-0.000363504
-0.000363504
-0.000363504
-0.000363504
-0.000363504
-0.000363504
-0.000363504