
8.6565e-20
-1.77375e-07
-3.33794e-07
3.36238e-07
2.37544e-06
5.39288e-06
7.84218e-06
7.50356e-06
2.57969e-06
-7.03841e-06
-1.89726e-05
-2.85793e-05
-3.03768e-05
-2.03345e-05
1.80283e-06
3.11952e-05
5.84299e-05
7.21237e-05
6.30186e-05
2.82367e-05
-2.59859e-05
-8.45085e-05
-0.000126985
-0.000134353
-9.61941e-05
-1.63714e-05
8.55003e-05
0.000178066
0.000227248
0.000207888
0.000114239
-3.46108e-05
-0.000197197
-0.000320391
-0.000355912
-0.000277763
-9.46129e-05
0.000147894
0.000377206
0.000514608
0.000501022
0.000319741
7.91478e-06
-0.000348637
-0.000637719
-0.000754862
-0.000639214
-0.000299371
0.000180784
0.000660659
0.000982673
0.00102238
0.000733519
0.000172384
-0.000508915
-0.00110164
-0.00140268
-0.00128182
-0.000732426
0.000113041
0.00101152
0.00167707
0.00186976
0.00147859
0.00057084
-0.000611842
-0.00171462
-0.00237354
-0.00233277
-0.00153801
-0.000173403
0.00137545
0.00262734
0.00315209
0.00271423
0.00136679
-0.000539659
-0.00244335
-0.00373348
-0.00394256
-0.00290933
-0.0008572
0.00164441
0.00383345
0.00498348
0.00463972
0.00278756
-0.000106251
-0.00320349
-0.00553237
-0.00628767
-0.00510165
-0.00219677
0.00163833
0.00525576
0.0074864
0.00751132
0.00515025
0.000968792
-0.00384413
-0.00780684
-0.00959422
-0.00847142
-0.00457266
0.00107525
0.00681166
0.0108217
0.0117012
0.00893363
0.00312086
-0.00412334
-0.010609
-0.0142208
-0.0135945
-0.0086058
-0.000503682
0.00838085
0.0152903
0.0178806
0.0149945
0.0071191
-0.00364069
-0.0141009
-0.0209195
-0.0216391
-0.0155335
-0.00397664
0.00981925
0.0216644
0.0276296
0.0253063
0.0146948
-0.00158384
-0.0188787
-0.0317851
-0.0357704
-0.0286781
-0.0116339
0.0109794
0.0325565
0.0460942
0.0463265
0.0315537
0.00458457
-0.027582
-0.0553737
-0.0692238
-0.062466
-0.0337532
0.0117336
0.0627418
0.104113
0.120231
0.098968
0.035134
-0.0674803
-0.196076
-0.330962
-0.449418
-0.530427
0.440797
-0.530427
-0.449418
-0.330962
-0.196076
-0.0674803
0.035134
0.098968
0.120231
0.104113
0.0627418
0.0117336
-0.0337532
-0.062466
-0.0692238
-0.0553737
-0.027582
0.00458457
0.0315537
0.0463265
0.0460942
0.0325565
0.0109794
-0.0116339
-0.0286781
-0.0357704
-0.0317851
-0.0188787
-0.00158384
0.0146948
0.0253063
0.0276296
0.0216644
0.00981925
-0.00397664
-0.0155335
-0.0216391
-0.0209195
-0.0141009
-0.00364069
0.0071191
0.0149945
0.0178806
0.0152903
0.00838085
-0.000503682
-0.0086058
-0.0135945
-0.0142208
-0.010609
-0.00412334
0.00312086
0.00893363
0.0117012
0.0108217
0.00681166
0.00107525
-0.00457266
-0.00847142
-0.00959422
-0.00780684
-0.00384413
0.000968792
0.00515025
0.00751132
0.0074864
0.00525576
0.00163833
-0.00219677
-0.00510165
-0.00628767
-0.00553237
-0.00320349
-0.000106251
0.00278756
0.00463972
0.00498348
0.00383345
0.00164441
-0.0008572
-0.00290933
-0.00394256
-0.00373348
-0.00244335
-0.000539659
0.00136679
0.00271423
0.00315209
0.00262734
0.00137545
-0.000173403
-0.00153801
-0.00233277
-0.00237354
-0.00171462
-0.000611842
0.00057084
0.00147859
0.00186976
0.00167707
0.00101152
0.000113041
-0.000732426
-0.00128182
-0.00140268
-0.00110164
-0.000508915
0.000172384
0.000733519
0.00102238
0.000982673
0.000660659
0.000180784
-0.000299371
-0.000639214
-0.000754862
-0.000637719
-0.000348637
7.91478e-06
0.000319741
0.000501022
0.000514608
0.000377206
0.000147894
-9.46129e-05
-0.000277763
-0.000355912
-0.000320391
-0.000197197
-3.46108e-05
0.000114239
0.000207888
0.000227248
0.000178066
8.55003e-05
-1.63714e-05
-9.61941e-05
-0.000134353
-0.000126985
-8.45085e-05
-2.59859e-05
2.82367e-05
6.30186e-05
7.21237e-05
5.84299e-05
3.11952e-05
1.80283e-06
-2.03345e-05
-3.03768e-05
-2.85793e-05
-1.89726e-05
-7.03841e-06
2.57969e-06
7.50356e-06
7.84218e-06
5.39288e-06
2.37544e-06
3.36238e-07
-3.33794e-07
-1.77375e-07