
541.506
713.267
885.644
855.949
740.071
640.902
490.347
270.578
95.4132
67.7722
74.6795
144.518
224.999
293.586
343.723
362.182
349.504
309.689
242.305
161.34
101.254
90.0656
107.988
128.052
129.373
102.968
79.7949
95.0597
101.011
70.5879
27.2819
53.9732
92.3573
111.304
108.836
106.26
147.133
205.869
229.752
210.542
188.825
184.35
157.828
91.2445
20.0332
76.8717
140.552
195.827
230.467
232.12
205.975
172.313
150.802
139.351
119.284
83.0384
51.2176
75.4955
121.321
148.623
143.958
118.047
98.7268
87.7566
83.2904
110.476
140.575
141.733
117.417
89.379
68.86
52.4631
45.1079
41.4636
40.9955
54.442
67.3287
72.6105
69.5807
57.6292
46.5202
46.5416
47.0644
38.8931
34.4328
47.4683
58.9724
61.7532
62.6562
59.6916
46.94
30.488
22.6967
28.0854
39.2273
42.7984
34.2352
32.824
46.5954
56.5048
60.6732
62.101
61.9337
60.4738
54.106
42.2518
38.4142
47.4829
50.6934
40.883
23.826
10.2383
7.70206
7.33264
7.63869
12.2443
18.2861
18.6595
16.3199
21.6264
26.4226
28.3061
32.1252
33.8066
30.4758
28.8186
33.5878
36.05
28.784
16.8943
18.3403
22.2384
15.1633
1.1421
9.75356
12.931
14.2993
15.0963
12.2785
12.2868
15.5187
16.4939
14.2364
12.2702
13.0935
12.0091
8.62491
7.86346
15.1295
23.789
27.5028
24.5601
17.8669
12.4746
9.73225
7.1369
4.7454
4.51072
10.4467
17.9393
21.8635
17.9388
6.47028
13.8538
24.3842
24.605
17.7595
9.8561
3.45335
5.39381
10.8228
15.9828
19.9352
20.0875
14.6586
7.34889
8.47405
12.9617
15.0575
13.0572
8.21909
5.80121
6.63876
6.36112
5.86304
6.67486
6.93836
10.1209
14.6189
14.9112
12.1644
11.5471
10.3481
4.33727
4.97133
11.8764
12.4172
7.13118
2.76352
4.62066
5.24895
7.8141
10.2976
8.19819
2.37542
4.01178
2.7769
4.58742
10.4564
11.2765
8.16843
5.14671
4.81816
6.29464
6.61883
4.47477
4.07671
5.86824
3.19899
4.42263
10.3376
12.4952
12.577
11.5551
7.03837
3.25995
11.3989
16.1575
13.6405
5.51152
3.99147
8.87951
11.4436
13.5926
14.1017
10.9003
4.83337
4.0579
6.1898
5.04197
2.45311
2.25621
5.25775
9.57062
12.923
11.6643
5.56784
1.7163
6.66719
8.32825
7.01634
4.07403
2.64685
4.10263
6.89126
8.50592
6.83911
1.88825
4.64513
9.01634
9.20733
7.27548
7.09396
7.82658
8.24796
7.79716
6.5715
4.14242
2.97741
6.48666
8.07691
7.67733
6.19796
4.0299
3.06364
3.98101
5.10379
4.92308
5.41491
7.18448
7.89081
7.15096
5.12265
3.87064
5.31871
7.57291
9.31864
9.07455
7.4603
5.79462
4.40797
5.08121
5.42921
3.69088
1.32807
0.323205
1.10452
3.74636
7.29964
9.13412
8.73046
6.92321
3.97931
2.19903
3.32717
5.46776
6.94058
5.62311
2.39297
3.08396
6.23427
7.4279
6.196
3.93151
2.20545
2.37791
2.44984
1.9676
1.55909
0.647319
3.96661
6.01697
5.92305
4.84367
3.6655
3.62473
4.34174
4.29523
2.96143
1.78404
4.67432
5.81138
5.03697
4.83974
4.41193
3.80766
5.26152
7.19132
6.99101
4.4433
1.88519
2.16223
4.30072
4.66143
2.29131
0.803213
2.05729
2.50908
3.35366
3.70182
3.36142
3.69613
5.52026
6.17183
5.02898
3.53503
1.81283
0.247922
1.54981
1.63624
0.67347
2.52761
4.43796
3.69718
1.16831
1.25038
2.62902
5.17903
6.69158
6.33052
4.83974
3.59735
2.90298
1.07947
2.56742
3.7016
2.19663
2.47825
5.62015
7.35301
6.93326
5.55163
4.38548
3.74826
4.34141
4.17077
3.36558
3.18185
2.03553
1.80478
2.70422
2.6198
3.07144
4.32351
4.76726
3.28393
2.14732
3.23207
3.43616
3.36673
3.19119
3.19847
4.22852
6.16723
6.59328
3.98421
0.26158
2.12937
1.85315
2.18961
4.02922
5.21429
5.31365
5.27176
4.8031
2.91683
1.99501
2.74005
2.02319
2.75137
5.41443
6.89597
6.61175
5.76124
5.15199
5.05368
4.77521
2.51123
1.62926
3.76612
3.56043
2.33391
1.48838
1.31581
2.35157
4.08564
4.57912
2.75416
0.329292
2.33092
2.89597
2.2089
1.22082
1.20409
2.86581
4.79359
4.57676
1.94663
0.987289
1.9073
1.00464
0.984607
1.3055
0.694966
1.22272
2.63066
3.06072
2.43482
1.50991
0.598746
0.9597
1.26704
0.852959
0.647422
1.24119
1.62232
1.3378
1.15265
1.16591
1.10594
1.22413
1.26773
1.27684
0.999392
0.90038
0.816092
0.626534
0.911448
1.62305
2.0828
1.75345
1.23781
0.922433
0.710085
0.397737
0.890477
1.15133
0.972556
2.30318
2.64169
1.39685
0.518369
0.894869
0.631003
0.910862
1.38165
1.41262
1.17258
1.55258
1.84686
1.60726
0.966292
0.142929
1.02989
1.31075
1.10541
0.82033
0.937779
1.39406
1.38693
1.9683
2.14422
0.984089
0.579123
0.826265
0.80085
1.70985
2.05648
1.53989
0.688917
1.3565
1.33727
0.456092
1.00759
1.28831
0.701878
0.720668
1.77614
1.55265
0.543279
1.55903
1.46498
0.469752
1.14736
1.02061
0.594611
0.817379
0.66303
1.0713
1.28351
0.841362
0.92394
1.67166
1.32406
0.356792
1.40272
1.29446
0.523648
0.922693
1.14839
0.570543
0.948699
1.96365
1.52631
0.714236
1.48051
1.12495
0.142319
0.92624
1.02086
0.623444
0.877234
1.42877
1.54064
1.26403
0.827258
0.810294
0.649515
0.399941
1.31554
1.36998
1.02468
1.32807
0.973951
0.818409
0.97739
0.556377
0.981629
0.84033
0.624064
1.02991
1.03416
0.893684
1.22121
1.49149
0.932734
0.615359
0.711989
0.567726
1.04528
0.973239
0.984414
0.978053
0.971662
1.43638
1.38815
0.895535
0.222906
0.732358
1.24136
1.16621
1.67196
2.04971
1.39035
0.41367
0.721082
0.497341
0.487271
1.4438
1.57084
1.51699
1.98263
1.5118
0.258115
0.427885
0.51888
1.32417
1.51124
1.02428
0.536497
0.736686
0.971732
0.753033
0.930547
1.12177
0.95456
0.690871
0.655566
0.557891
0.64259
1.73077
2.04714
1.17216
0.636956
1.06757
0.668068
0.195102
0.720627
0.98235
1.08433
1.7784
2.03567
1.21377
0.145151
0.323705
0.890211
1.59911
1.64208
0.84479
0.422395
1.18239
0.946801
1.02709
1.12156
0.182675
1.41527
1.92397
1.3569
0.475459
0.251015
0.846165
1.34309
1.78545
1.77836
1.00302
0.117282
0.838121
0.887123
0.663267
0.777709
0.68345
0.8146
1.66907
1.60078
0.497102
0.727708
0.7936
0.38531
0.734022
0.843067
0.616828
0.987065
1.68105
1.42212
0.397343
0.519745
0.785169
1.02822
1.10908
0.652526
0.391567
1.31872
1.52505
1.11429
1.09939
0.758781
0.54861
1.41587
1.33457
0.740666
0.81519
0.679163
0.605394
0.881527
1.05768
0.768954
0.115849
0.984657
1.33287
1.17242
0.699681
0.624178
0.651759
0.762758
1.15987
0.752181
0.24424
0.755355
0.86547
1.04478
0.96902
1.03268
1.04809
0.676144
0.567278
0.441199
0.211737
0.902528
1.55117
1.77082
1.39482
0.718532
0.244785
0.333951
0.510314
0.89955
1.14245
0.745307
0.953246
1.40667
0.973573
0.417357
0.282718
0.408093
0.909064
1.1508
1.194
0.896878
0.847507
0.927125
0.679341
0.415297
0.552385
0.816966
0.610761
0.727348
0.820614
0.520824
1.01326
1.25517
1.06704
0.775085
0.224568
0.426001
0.758684
0.898589
1.02013
0.946745
0.882098
0.820154
0.885215
0.809105
0.19896
0.617778
1.02629
1.05576
0.798417
0.790525
0.762356
0.163572
0.942807
1.00732
0.315679
0.789289
1.08018
0.890079
0.530599
0.555727
0.435894
0.406508
1.02122
1.15374
0.780781
0.405777
0.827704
1.08104
0.872189
0.614711
0.283115
0.400294
0.947013
1.02223
1.03143
0.866297
0.533254
0.967912
0.985303
0.447006
0.245888
0.838529
1.02396
1.02558
1.25643
1.00757
0.284425
0.561574
0.877825
0.737363
0.199383
0.719099
0.87919
0.848852
1.12551
1.02957
0.521581
0.179558
0.709578
0.899365
0.638186
0.714094
0.913889
0.694749
0.658555
0.803024
0.66039
0.454371
0.779664
0.854947
0.40664
0.55174
0.649149
0.710196
0.897586
0.72523
0.505725
0.232637
0.671043
1.00277
0.994539
0.834438
0.404633
0.518449
0.750694
0.683167
0.577537
0.534783
0.587771
0.53774
0.803105
0.941839
0.624043
0.613681
0.721413
0.388323
0.357822
0.698563
0.852364
0.812625
0.949089
0.921257
0.321275
0.502519
0.707325
0.564899
0.657603
0.760257
0.692087
0.620197
0.840364
0.555009
0.237715
0.746859
0.648687
0.785096
1.04966
0.87011
0.310806
0.484645
0.777184
0.520311
0.587463
0.839535
0.802222
0.846787
0.818439
0.540308
0.294733
0.621158
0.924757
0.804865
0.56296
0.403271
0.319474
0.804686
0.886451
0.720033
0.686598
0.670937
0.495414
0.332571
0.714218
0.548703
0.549647
1.0557
1.00166
0.638182
0.572027
0.589969
0.173374
0.706189
1.03649
0.559973
0.518056
0.951164
0.710126
0.455016
0.620344
0.446018
0.407227
0.696768
0.674095
0.48559
0.559056
0.509186
0.639989
0.851763
0.599306
0.473173
0.552736
0.473157
0.492024
0.532143
0.731157
0.61389
0.60767
0.78182
0.51888
0.310277
0.645501
0.757283
0.483343
0.589666
0.763538
0.464392
0.592858
0.797405
0.55968
0.305087
0.624054
0.773968
0.585678
0.551572
0.610547
0.429257
0.67254
0.743878
0.455055
0.380029
0.23635
0.756522
1.16906
1.03075
0.586673
0.580285
0.567661
0.0638269
0.681667
0.735744
0.54544
0.909845
0.94018
0.798372
0.633304
0.225965
0.308012
0.603303
0.709107
0.664053
0.654055
0.643606
0.632836
0.680075
0.529075
0.241478
0.381422
0.572288
0.634542
0.56723
0.595328
0.655576
0.733047
0.866506
0.648286
0.342911
0.275841
0.375294
0.680978
0.554296
0.657123
0.943805
0.834619
0.616732
0.551899
0.332966
0.220001
0.703083
0.825845
0.928807
0.985204
0.581488
0.4215
0.524818
0.138192
0.475529
0.628712
0.618402
0.871196
0.85601
0.530973
0.379275
0.433224
0.460908
0.5726
0.666769
0.595596
0.671372
0.673887
0.509927
0.484632
0.396353
0.489018
0.621732
0.726312
0.552287
0.330196
0.716365
0.589115
0.432074
0.685026
0.454316
0.271484
0.667112
0.710136
0.601747
0.638527
0.59175
0.61484
0.636758
0.402321
0.315573
0.336064
0.543698
0.951222
0.909599
0.629652
0.730911
0.512371
0.174177
0.368654
0.281689
0.629868
0.801986
0.691834
0.688549
0.770378
0.490156
0.181832
0.505568
0.380596
0.473467
0.740845
0.733215
0.469379
0.451293
0.642408
0.334239
0.528826
0.890002
0.576436
0.287953
0.672492
0.499815
0.442051
0.661968
0.434954
0.347175
0.620429
0.652653
0.62587
0.641565
0.499012
0.410937
0.402648
0.432544
0.493996
0.240988
0.519518
0.606756
0.561872
0.916067
0.824785
0.369149
0.489077
0.433516
0.157361
0.694902
0.793902
0.509196
0.738131
0.88189
0.564112
0.257211
0.492739
0.512748
0.353766
0.567988
0.604938
0.214685
0.678668
0.908294
0.453172
0.385205
0.579644
0.213436
0.478933
0.714303
0.648405
0.614334
0.622986
0.477042
0.383312
0.293015
0.453998
0.737249
0.683466
0.675352
0.620558
0.350187
0.420375
0.283025
0.4179
0.679495
0.45196
0.483173
0.788392
0.53724
0.256756
0.61701
0.501486
0.261156
0.510886
0.483426
0.278575
0.544366
0.792872
0.783988
0.507799
0.460706
0.504555
0.107687
0.512825
0.585274
0.337323
0.624836
0.735903
0.670003
0.602725
0.40421
0.280771
0.399767
0.358943
0.523962
0.674284
0.563102
0.623456
0.591744
0.307302
0.338892
0.346906
0.539675
0.726452
0.524496
0.507089
0.613235
0.276812
0.432656
0.543947
0.318964
0.574587
0.676018
0.469937
0.426093
0.470182
0.42092
0.542243
0.493078
0.44787
0.498268
0.343977
0.554563
0.577473
0.377375
0.484608
0.399969
0.366215
0.55706
0.497306
0.401117
0.436419
0.440077
0.604712
0.583492
0.393267
0.491869
0.381875
0.215891
0.521512
0.542527
0.551052
0.762434
0.709593
0.566691
0.466949
0.138028
0.330177
0.29428
0.517971
0.824878
0.649269
0.52982
0.772998
0.651755
0.228052
0.227787
0.187309
0.465548
0.690352
0.635336
0.66666
0.581523
0.382337
0.477801
0.347342
0.234186
0.509153
0.516988
0.561458
0.629192
0.518553
0.490409
0.375585
0.467309
0.62215
0.337013
0.289655
0.619283
0.548401
0.491406
0.651486
0.444216
0.228132
0.409617
0.376668
0.491231
0.418943
0.511774
0.747358
0.581247
0.37704
0.443319
0.206663
0.359021
0.6207
0.529817
0.538165
0.612209
0.608803
0.646298
0.422363
0.135364
0.380943
0.297748
0.505641
0.804471
0.632429
0.386511
0.52816
0.437709
0.348969
0.274084
0.293068
0.440516
0.559066
0.709642
0.639705
0.375562
0.371482
0.401558
0.299072
0.433695
0.318582
0.36524
0.714812
0.59514
0.488639
0.682226
0.441066
0.28465
0.593026
0.388227
0.20538
0.517477
0.52756
0.596297
0.614622
0.490906
0.339809
0.233278
0.454392
0.485706
0.300697
0.473745
0.564372
0.347024
0.511123
0.521618
0.168606
0.578965
0.686929
0.487271
0.494756
0.471733
0.269002
0.334742
0.505911
0.462418
0.340856
0.589683
0.745811
0.492167
0.383557
0.475302
0.0794444
0.517573
0.74623
0.411825
0.400508
0.646441
0.347897
0.477966
0.693381
0.347493
0.257404
0.470887
0.429265
0.43072
0.44598
0.420911
0.439024
0.585039
0.638438
0.442524
0.22171
0.382521
0.270532
0.406612
0.690652
0.507822
0.377865
0.68506
0.597849
0.214854
0.266479
0.272145
0.34713
0.590649
0.680815
0.516045
0.231566
0.491037
0.456329
0.170248
0.518906
0.500027
0.360142
0.730198
0.742668
0.279336
0.381765
0.374415
0.22998
0.669663
0.596056
0.354043
0.624821
0.591498
0.282397
0.27677
0.267301
0.340518
0.574456
0.64985
0.561077
0.388188
0.432195
0.45568
0.27611
0.339231
0.401123
0.340657
0.545871
0.635099
0.391536
0.321997
0.402936
0.432116
0.530384
0.450952
0.382361
0.227352
0.290936
0.608004
0.57549
0.412838
0.545279
0.523822
0.322939
0.373825
0.209812
0.275502
0.568255
0.558056
0.660693
0.706322
0.371025
0.181622
0.316912
0.210932
0.547989
0.626026
0.44617
0.564896
0.613916
0.423885
0.168601
0.314594
0.503535
0.538233
0.497423
0.470132
0.429693
0.311316
0.402834
0.427575
0.356145
0.354762
0.367761
0.531786
0.46987
0.280921
0.399661
0.324302
0.366968
0.587869
0.452525
0.255318
0.466765
0.461015
0.468761
0.477496
0.328295
0.393378
0.437143
0.342726
0.458177
0.41144
0.199458
0.560244
0.597221
0.440839
0.517178
0.389364
0.262865
0.350601
0.321737
0.306218
0.394109
0.487774
0.545395
0.553203
0.427139
0.303721
0.244537
0.287781
0.386216
0.423179
0.470925
0.430205
0.470621
0.571484
0.420319
0.261107
0.357077
0.241462
0.457521
0.579336
0.338962
0.403492
0.515016
0.375017
0.353209
0.403749
0.311697
0.34506
0.408133
0.337043
0.392739
0.344708
0.422284
0.536873
0.404354
0.394915
0.345555
0.267806
0.488429
0.510747
0.378564
0.366742
0.347425
0.394039
0.503858
0.426832
0.35915
0.451537
0.413808
0.369838
0.507218
0.460634
0.198391
0.304771
0.481096
0.428563
0.315712
0.539677
0.496052
0.286362
0.543955
0.465062
0.165116
0.369336
0.38517
0.332506
0.491822
0.533441
0.407016
0.431102
0.42673
0.36416
0.335034
0.248877
0.361814
0.418892
0.407502
0.429757
0.348362
0.372532
0.407434
0.299444
0.472955
0.490011
0.254747
0.409002
0.481946
0.296061
0.296016
0.459711
0.335871
0.320089
0.544169
0.472701
0.278604
0.31857
0.429177
0.312891
0.335798
0.539276
0.39639
0.377557
0.532276
0.391141
0.28141
0.370385
0.334783
0.362217
0.46187
0.467332
0.458431
0.478948
0.452618
0.34059
0.225074
0.212072
0.270749
0.392149
0.582776
0.557481
0.331846
0.536159
0.523326
0.20109
0.368326
0.344195
0.22818
0.42181
0.492922
0.407147
0.499737
0.576685
0.396347
0.398156
0.468752
0.300889
0.125607
0.338081
0.413566
0.377083
0.541984
0.55885
0.350837
0.426658
0.423165
0.12353
0.328722
0.391915
0.304348
0.444389
0.554952
0.486021
0.302302
0.376636
0.383494
0.236027
0.336572
0.495841
0.466458
0.307458
0.420224
0.329079
0.273828
0.487543
0.376376
0.388741
0.47905
0.353408
0.349129
0.394407
0.263979
0.275679
0.432003
0.357384
0.320935
0.469412
0.411583
0.316818
0.441092
0.446809
0.319183
0.288776
0.411833
0.361286
0.321639
0.51928
0.451209
0.389389
0.457961
0.389742
0.386156
0.282898
0.26544
0.290162
0.273109
0.452855
0.602291
0.604271
0.462598
0.426689
0.309335
0.0779139
0.269565
0.317814
0.513241
0.601321
0.52927
0.555239
0.488726
0.262455
0.193027
0.216198
0.312933
0.434851
0.492683
0.429202
0.384422
0.484194
0.398873
0.27042
0.304769
0.325669
0.326685
0.353826
0.428702
0.327446
0.40233
0.46437
0.337455
0.393
0.311182
0.260045
0.351144
0.324146
0.39745
0.41341
0.35683
0.404487
0.426563
0.272128
0.287112
0.456817
0.405024
0.396848
0.452119
0.311288
0.316175
0.356673
0.346118
0.425118
0.381997
0.455507
0.482891
0.402307
0.357292
0.207113
0.216228
0.284762
0.427025
0.473574
0.412859
0.453754
0.453331
0.41778
0.28357
0.231927
0.242801
0.277519
0.484634
0.481126
0.463344
0.503047
0.396323
0.392841
0.339959
0.222188
0.393942
0.343149
0.301408
0.49932
0.456472
0.219587
0.38124
0.503172
0.299835
0.334693
0.387666
0.205854
0.375687
0.389624
0.34718
0.349117
0.331486
0.348938
0.345732
0.44059
0.340221
0.313799
0.448635
0.361407
0.35239
0.366791
0.212478
0.310122
0.515922
0.464433
0.312116
0.475174
0.464801
0.239832
0.307627
0.272329
0.213113
0.361936
0.498146
0.582006
0.412546
0.325945
0.361891
0.128433
0.284248
0.370319
0.309255
0.431183
0.629528
0.554249
0.320065
0.392838
0.259498
0.248929
0.396928
0.331754
0.375783
0.407749
0.415247
0.432401
0.460424
0.410874
0.189031
0.294869
0.345723
0.210946
0.402862
0.415962
0.245833
0.41814
0.515185
0.344983
0.249163
0.45276
0.364808
0.276885
0.38206
0.294972
0.36288
0.371747
0.43784
0.447422
0.232711
0.389164
0.438768
0.333849
0.340884
0.322652
0.233551
0.322703
0.438209
0.29326
0.297309
0.4225
0.409106
0.533124
0.523653
0.279755
0.143755
0.208853
0.291159
0.3683
0.48782
0.483182
0.370877
0.518738
0.452287
0.161624
0.286759
0.26259
0.288155
0.409982
0.422616
0.313073
0.458236
0.580953
0.414379
0.35229
0.280162
0.213383
0.2801
0.195907
0.383638
0.379935
0.33091
0.505713
0.493322
0.34156
0.252937
0.210737
0.249165
0.387949
0.417442
0.335003
0.460524
0.476118
0.301022
0.360095
0.312234
0.289685
0.396386
0.422417
0.430057
0.275313
0.271815
0.257632
0.323674
0.477672
0.372651
0.356931
0.393456
0.380316
0.365192
0.277593
0.263152
0.253154
0.342641
0.364634
0.390571
0.416947
0.32707
0.425762
0.421756
0.289805
0.335338
0.179557
0.296967
0.459853
0.323984
0.385627
0.504178
0.456271
0.355465
0.350156
0.290977
0.117745
0.355276
0.360593
0.401058
0.481439
0.380186
0.387491
0.331477
0.298857
0.229314
0.166037
0.380379
0.399801
0.465972
0.495234
0.387729
0.314989
0.269618
0.292662
0.278643
0.323249
0.39683
0.385581
0.44172
0.400403
0.269429
0.27732
0.329615
0.406881
0.305575
0.353297
0.419619
0.232009
0.373201
0.353539
0.208087
0.365651
0.411149
0.385235
0.35788
0.394713
0.236217
0.25433
0.418214
0.312316
0.323442
0.341016
0.386994
0.431059
0.340856
0.381912
0.352072
0.295995
0.340435
0.280397
0.30155
0.287199
0.316984
0.439322
0.478345
0.488218
0.354878
0.27979
0.266941
0.106325
0.274155
0.311407
0.420589
0.502715
0.535249
0.486313
0.251582
0.334589
0.249161
0.173423
0.415506
0.34946
0.358468
0.4777
0.476761
0.346604
0.310097
0.35494
0.218562
0.309505
0.346794
0.231239
0.330447
0.349342
0.380879
0.399618
0.336886
0.358972
0.278719
0.305805
0.304747
0.200056
0.329094
0.340731
0.401514
0.439319
0.452693
0.376237
0.191607
0.367858
0.285208
0.254373
0.414258
0.347996
0.30982
0.358536
0.407881
0.278711
0.35019
0.509093
0.345735
0.289149
0.329436
0.152942
0.273224
0.392676
0.424968
0.422481
0.463128
0.463753
0.318009
0.317016
0.231737
0.152744
0.325078
0.348946
0.448281
0.418789
0.398351
0.390209
0.258186
0.327982
0.238885
0.238682
0.348859
0.375383
0.379945
0.336605
0.402364
0.271491
0.300751
0.470741
0.327677
0.271845
0.317943
0.239111
0.294499
0.380461
0.36388
0.254224
0.390602
0.410742
0.190058
0.335818
0.31965
0.238116
0.412968
0.431544
0.352374
0.233286
0.348442
0.337498
0.326626
0.448132
0.316452
0.35574
0.378039
0.28375
0.329766
0.233747
0.246828
0.319552
0.441905
0.470781
0.376081
0.386182
0.297815
0.192136
0.168927
0.24861
0.398791
0.411006
0.537957
0.570013
0.375514
0.340796
0.262852
0.137517
0.266722
0.328922
0.363927
0.37186
0.51756
0.465367
0.318457
0.378559
0.291517
0.28605
0.209045
0.247939
0.332443
0.282652
0.417749
0.454982
0.457432
0.360446
0.237718
0.329491
0.192112
0.246023
0.337717
0.284959
0.426649
0.466809
0.380284
0.318665
0.288084
0.214302
0.247736
0.441512
0.38881
0.356012
0.404673
0.193181
0.33643
0.335554
0.200392
0.391997
0.421442
0.388605
0.319938
0.380776
0.310399
0.14469
0.351649
0.325471
0.331138
0.368237
0.406512
0.406994
0.257197
0.318832
0.279494
0.215888
0.341258
0.358163
0.394064
0.321863
0.355444
0.433499
0.280064
0.335601
0.345119
0.247713
0.343006
0.331011
0.344012
0.33829
0.366822
0.344578
0.356549
0.387612
0.152166
0.337583
0.333535
0.177234
0.404203
0.363401
0.344878
0.383217
0.35947
0.278836
0.195797
0.348242
0.31139
0.350318
0.4588
0.364131
0.261624
0.28967
0.339938
0.250345
0.270652
0.432547
0.349338
0.330358
0.324784
0.226613
0.330262
0.225655
0.341832
0.414159
0.317282
0.369067
0.283714
0.326048
0.333003
0.214687
0.310976
0.40581
0.388772
0.275466
0.406359
0.326888
0.240732
0.455491
0.270656
0.257765
0.401277
0.186451
0.31384
0.465297
0.427839
0.376761
0.434685
0.454303
0.255092
0.183901
0.186259
0.224137
0.44159
0.466277
0.449495
0.424868
0.438999
0.345055
0.106581
0.315546
0.170721
0.299612
0.455152
0.358948
0.445446
0.38755
0.309991
0.354849
0.285108
0.285762
0.300015
0.315643
0.270017
0.309807
0.333042
0.348996
0.425814
0.288345
0.350735
0.419661
0.156847
0.345933
0.362494
0.170174
0.338062
0.305163
0.285732
0.321083
0.375463
0.352308
0.24942
0.376808
0.325842
0.247248
0.273301
0.334511
0.318092
0.242927
0.435834
0.355189
0.344965
0.463545
0.318394
0.359607
0.301653
0.148095
0.282177
0.273273
0.405658
0.434809
0.384185
0.429742
0.332665
0.178982
0.225366
0.277735
0.261325
0.408863
0.450329
0.312198
0.514815
0.449616
0.107691
0.383023
0.25579
0.231275
0.401919
0.407872
0.405774
0.325628
0.400991
0.360481
0.252506
0.287682
0.279008
0.283076
0.259009
0.320662
0.272651
0.376542
0.474127
0.299593
0.379421
0.400043
0.168411
0.248478
0.201038
0.324204
0.384588
0.292632
0.427506
0.344478
0.239271
0.370177
0.352566
0.318809
0.351891
0.327295
0.16401
0.363373
0.315909
0.221606
0.472986
0.352654
0.439847
0.538983
0.321796
0.306629
0.213454
0.118034
0.281816
0.321494
0.435404
0.489931
0.48198
0.448697
0.370278
0.20503
0.172625
0.267385
0.164027
0.431988
0.503103
0.301316
0.489788
0.505831
0.339286
0.291627
0.206142
0.33153
0.195055
0.291545
0.433459
0.272906
0.407414
0.530275
0.448583
0.265805
0.245584
0.214614
0.192818
0.333099
0.253215
0.43758
0.460057
0.243348
0.462558
0.381388
0.0945224
0.357711
0.331373
0.406412
0.437388
0.306181
0.332041
0.285508
0.266261
0.352684
0.363281
0.279514
0.406875
0.461557
0.194224
0.300577
0.26566
0.152083
0.397661
0.385428
0.424704
0.309166
0.321371
0.465421
0.229504
0.217215
0.321752
0.212758
0.319886
0.429158
0.399844
0.334947
0.363424
0.324284
0.364504
0.353869
0.118152
0.28487
0.249962
0.362898
0.566448
0.380244
0.404703
0.470077
0.219845
0.285891
0.19745
0.211657
0.366281
0.352339
0.441189
0.532502
0.420208
0.157851
0.390449
0.309036
0.131207
0.419465
0.312713
0.352689
0.441088
0.389111
0.396135
0.242801
0.332179
0.374123
0.228642
0.341898
0.27871
0.273955
0.412298
0.320836
0.273734
0.378105
0.347406
0.242141
0.383314
0.317099
0.166702
0.367151
0.178662
0.322246
0.400995
0.218384
0.477566
0.444149
0.338085
0.378141
0.216982
0.245729
0.257189
0.20797
0.341683
0.417228
0.312115
0.435751
0.568399
0.319255
0.276037
0.384867
0.131475
0.255225
0.277225
0.32522
0.430547
0.408717
0.516605
0.398038
0.209166
0.312693
0.140714
0.270292
0.328994
0.266297
0.399295
0.509613
0.424949
0.302236
0.365534
0.142898
0.332157
0.416818
0.227871
0.482163
0.400553
0.232179
0.417653
0.289287
0.286049
0.320432
0.289069
0.415409
0.339475
0.191615
0.302169
0.280702
0.227252
0.452739
0.445894
0.168861
0.399772
0.38221
0.231252
0.383975
0.252647
0.322269
0.320786
0.283682
0.407394
0.274876
0.417136
0.447746
0.289048
0.359528
0.309312
0.156578
0.24958
0.341616
0.273345
0.410196
0.44856
0.351927
0.525128
0.402977
0.0702412