
0
0.599001
0.728886
0.681342
0.639599
0.585331
0.542685
0.501043
0.453714
0.407063
0.364879
0.320486
0.279072
0.232905
0.194776
0.159385
0.127188
0.101108
0.075898
0.056088
0.038779
0.022905
0.009624
-0.002794
-0.012175
-0.020745
-0.027273
-0.03692
-0.040106
-0.041613
-0.042816
-0.042183
-0.041081
-0.03973
-0.037778
-0.038166
-0.039575
-0.037833
-0.034642
-0.031792
-0.028263
-0.023976
-0.019595
-0.015001
-0.011162
-0.007502
-0.001377
0.001689
0.004157
0.006416
0.008325
0.00963
0.011329
0.012349
0.013562
0.014565
0.015425
0.016102
0.016173
0.016494
0.015594
0.017401
0.018038
0.018353
0.017576
0.017037
0.016301
0.015611
0.014925
0.014241
0.013689
0.012969
0.011984
0.011152
0.010128
0.009682
0.008311
0.00778
0.008033
0.008225
0.008353
0.008633
0.008565
0.008335
0.008062
0.007828
0.007554
0.0073
0.007167
0.007022
0.006838
0.006586
0.006297
0.006195
0.006097
0.005867
0.005467
0.00504
0.005078
0.005437
0.00543
0.005328
0.004152
0.003558
0.00326
0.003055
0.003046
0.003502
0.003631
0.003613
0.00367
0.00376
0.003763
0.003662
0.003599
0.004708
0.005313
0.005628
0.005809
0.005895
0.00567
0.005692
0.005813
0.005659
0.005394
0.00504
0.004553
0.003895
0.003173
0.002292
0.001568
0.000447
-0.001075
-0.002032
-0.002623
-0.003009
-0.003098
-0.002932
-0.002817
-0.002676
-0.002482
-0.00225
-0.002007
-0.001679
-0.001275
-0.0008
-0.000268
0.001285
0.002171
0.002776
0.003302
0.003734
0.004088
0.004253
0.004477
0.00462
0.004742
0.00412
0.003565
0.002974
0.00283
0.002417
0.001926
0.002166
0.00215
0.002089
0.002003
0.001889
0.001788
0.001606
0.001435
0.001299
0.001281
0.001364
0.00141
0.001446
0.001476
0.001524
0.001458
0.001389
0.001332
0.001219
0.001178
0.001164
0.001079
0.001054
0.00164
0.002049
0.000997
0.000473
9.8e-05
-0.000211
-0.000327
-0.000353
-0.000536
-0.000572
-0.000506
-0.000464
-0.000423
-0.00045
-0.000517
-0.00061
-0.000725
-0.001
-0.001294
-0.001595
-0.002303
-0.002564
-0.002633
-0.002629
-0.002647
-0.002667
-0.00266
-0.002562
-0.002396
-0.002203
-0.001979
-0.001668
-0.001297
-0.000908
-0.000552
-0.000216
0.000132
0.000462
0.00076
0.001024
0.001256
0.001469
0.001652
0.001825
0.00198
0.00214
0.002308
0.002441
0.002492
0.002314
0.001726
0.000813
0.001361
0.001624
0.001735
0.001798
0.001818
0.001803
0.00178
0.001775
0.001782
0.001794
0.001758
0.001683
0.001592
0.001482
0.001388
0.001295
0.00121
0.001054
0.000873
0.00066
0.000446
0.000274
0.000106
-5.4e-05
-0.000246
-0.000462
-0.000875
-0.00147
-0.001939
-0.002799
-0.004336
-0.005044
-0.005284
-0.005264
-0.005014
-0.004536
-0.003935
-0.002992
-0.001728
-0.000807
-0.000374
-0.001295
-0.001541
-0.001444
-0.001163
-0.001007
-0.000126
0.000927
0.001301
0.001392
0.001473
0.001633
0.001833
0.00206
0.002273
0.002553
0.002787
0.002946
0.002919
0.002701
0.002366
0.001956
0.001889
0.000689
5.1e-05
-0.000315
-0.000495
-0.000568
-0.000581
-0.000566
-0.00054
-0.000545
-0.000883
-0.001185
-0.001291
-0.001257
-0.001139
-0.000963
-0.001652
-0.007814
-0.011671
-0.012322
-0.010065
-0.00631
-0.002629
0.000211
0.002573
0.004538
0.00669
0.008709
0.009846
0.009824
0.009757
0.009685
0.009996
0.010481
0.010325
0.009825
0.009142
0.008462
0.007798
0.006848
0.00588
0.004925
0.005026
0.003834
0.002508
0.001452
0.000501
-0.000293
-0.001005
-0.001601
-0.002001
-0.002281
-0.002485
-0.002624
-0.002677
-0.002665
-0.0026
-0.002539
-0.002495
-0.002444
-0.002362
-0.002208
-0.002011
-0.001801
-0.001166
-0.000465
-0.001032
-0.000245
5.8e-05
0.000127
0.000103
6.2e-05
1.3e-05
-0.000815
-0.001487
-0.001787
-0.00193
-0.001987
-0.001963
-0.001819
-0.001632
-0.001426
-0.001309
-0.001255
-0.001234
-0.001219
-0.001199
-0.001188
-0.001183
-0.001104
-0.000986
-0.000848
-0.000733
-0.00069
-0.000685
-0.000703
-0.000649
-0.00056
-0.000445
-0.00032
-0.000361
-2.1e-05
-0.000196
0.000363
0.000599
0.000763
0.000871
0.000949
0.000982
0.000972
0.000931
0.000863
0.000639
0.000332
-1.9e-05
-0.000417
-0.00071
-0.000995
-0.001241
-0.001427
-0.001565
-0.001675
-0.001695
-0.001955
-0.002021
-0.001992
-0.001907
-0.001778
-0.001604
-0.001477
-0.002281
-0.003263
-0.003535
-0.00359
-0.003559
-0.003485
-0.003389
-0.003288
-0.003197
-0.002983
-0.00269
-0.00226
-0.001739
-0.001062
6.5e-05
0.001018
0.001467
0.001637
0.001708
0.001806
0.002004
0.002251
0.002505
0.002673
0.002774
0.002762
0.002784
0.002793
0.002782
0.002763
0.002699
0.002604
0.002473
0.002259
0.00197
0.001679
0.001517
0.001434
0.001398
0.001381
0.001354
0.001321
0.001291
0.001237
0.001172
0.001097
0.001037
0.000664
0.000512
0.00044
-6.3e-05
-0.000516
-0.00078
-0.000963
-0.001049
-0.000991
-0.000842
-0.000716
-0.000578
-0.000466
-0.000393
-0.000351
-0.000328
-0.001122
-0.001673
-0.00175
-0.001692
-0.00133
-0.000227
0.000942
0.001127
0.001339
0.000935
0.000246
-5.2e-05
-0.000148
-8.6e-05
7.3e-05
0.000261
0.000526
0.000702
0.000396
0.000216
9.8e-05
-1.8e-05
-0.000147
-0.00023
-0.000203
-6.8e-05
0.0012
0.001584
0.001804
0.001963
0.002211
0.002445
0.002633
0.002784
0.002761
0.002604
0.002327
0.002043
0.001793
0.001582
0.001113
0.000632
-3.7e-05
-0.000721
-0.001442
-0.002101
-0.002646
-0.003233
-0.004039
-0.004673
-0.00526
-0.006214
-0.007169
-0.008472
-0.010225
-0.011979
-0.013732
-0.016306
-0.020502
-0.025407
-0.031476
-0.038351
-0.044232
-0.049256
-0.054967
-0.060827
-0.065472
-0.068913
-0.070051
-0.0729
-0.075151
-0.072632
-0.068688
-0.065113
-0.049487
-0.057132
-0.027234
-0.004462
-0.003289
-0.003593
-0.00299
-0.002284
-0.000462
0.001952
0.004743
0.007272
0.011138
0.014188
0.017883
0.020649
0.022988
0.025643
0.027162
0.029173
0.031209
0.033129
0.034499
0.036469
0.03915
0.041914
0.044448
0.046393
0.048386
0.050443
0.051693
0.05295
0.054287
0.05506
0.055811
0.05673
0.057468
0.058073
0.058739
0.059673
0.060316
0.060795
0.06123
0.062013
0.061507
0.06192
0.06222
0.062445
0.06239
0.062489
0.06267
0.062248
0.06186
0.061472
0.061119
0.06077
0.061157
0.061481
0.06216
0.062083
0.06266
0.063047
0.064464
0.065478
0.066537
0.067525
0.068074
0.068899
0.068988
0.069601
0.069643
0.069264
0.06855
0.068369
0.067431
0.066995
0.067769
0.068247
0.067686
0.063676
0.061697
0.059521
0.057802
0.056163
0.054666
0.053789
0.052647
0.052365
0.052371
0.052527
0.052432
0.052893
0.053095
0.053048
0.052848
0.05305
0.052109
0.053014
0.053901
0.054567
0.055468
0.053687
0.050443
0.045612
0.039936
0.035318
0.031195
0.031948
0.033762
0.039332
0.046585
0.055034
0.062979
0.070906
0.078978
0.085601
0.091422
0.097419
0.099171
0.100188
0.098091
0.058097
0.015222
-0.028082
-0.065772
-0.098295
-0.127396
-0.151309
-0.170457
-0.185091
-0.196641
-0.201991
-0.205537
-0.205084
-0.183405
-0.15505
-0.13571
-0.121139
-0.105361
-0.091297
-0.0766
-0.062901
-0.053256
-0.042723
-0.032848
-0.022947
-0.014156
-0.01046
-0.005656
-0.004063
-0.003631
-0.005515
-0.007089
-0.008487
-0.009951
-0.011826
-0.01317
-0.014803
-0.016165
-0.018396
-0.019895
-0.021573
-0.023334
-0.024393
-0.025703
-0.027426
-0.028794
-0.030407
-0.031356
-0.032425
-0.033039
-0.033763
-0.033736
-0.033952
-0.032981
-0.031548
-0.028852
-0.025894
-0.021332
-0.014939
-0.005164
0.005338
0.021153
0.036079
0.054333
0.069052
0.086793
0.098573
0.100235
0.093501
0.085409
0.081625
0.08581
0.104595
0.121386
0.133911
0.143055
0.151003
0.153609
0.15398
0.154586
0.152776
0.151101
0.150357
0.149698
0.149477
0.14852
0.149372
0.150683
0.152505
0.154683
0.157454
0.160266
0.161718
0.157943
0.146614
0.133491
0.109597
0.079134
0.043282
0.014385
-0.016489
-0.039807
-0.062356
-0.083391
-0.103559
-0.120032
-0.134289
-0.145139
-0.153279
-0.114236
-0.054497
-0.000173
0.028441
0.040978
0.033245
0.012199
-0.016664
-0.045904
-0.075531
-0.100048
-0.125975
-0.151785
-0.182742
-0.212804
-0.24251
-0.269563
-0.294442
-0.315886
-0.334261
-0.348731
-0.360457
-0.368165
-0.315541
-0.239178
-0.166504
-0.105548
-0.06313
-0.028886
-0.002739
0.015428
0.027354
0.032084
0.033696
0.034196
0.02844
0.026938
0.025731
0.028574
0.030127
0.030508
0.031328
0.034139
0.034272
0.001367
-0.038697
-0.070816
-0.090461
-0.107068
-0.11782
-0.124352
-0.130084
-0.136182
-0.139426
-0.136704
-0.131116
-0.121794
-0.108748
-0.089928
-0.071495
-0.052595
-0.033115
-0.012752
0.005911
0.027157
0.048815
0.068781
0.083005
0.092514
0.099152
0.103655
0.105768
0.105302
0.103345
0.098853
0.093967
0.087058
0.078873
0.068414
0.057932
0.048449
0.039542
0.03137
0.023382
0.016307
0.009705
0.006597
0.008865
0.015348
0.021916
0.030633
0.0412
0.052983
0.065232
0.083243
0.104278
0.124865
0.147318
0.168906
0.190234
0.211312
0.233685
0.254019
0.270847
0.281159
0.286964
0.290272
0.290675
0.290753
0.289081
0.286013
0.271885
0.25062
0.227437
0.200554
0.169096
0.140595
0.113228
0.085602
0.058715
0.026878
-0.008278
-0.043524
-0.078823
-0.116046
-0.152019
-0.184798
-0.212509
-0.230461
-0.243835
-0.254331
-0.261041
-0.265809
-0.270284
-0.27015
-0.264769
-0.252778
-0.222281
-0.180032
-0.132315
-0.059919
0.024643
0.115056
0.178202
0.234064
0.242625
0.202078
0.171114
0.143054
0.118526
0.088949
0.049468
0.013449
-0.020583
-0.046952
-0.069189
-0.073546
-0.064705
-0.04732
-0.024307
0.006786
0.081906
0.177129
0.280282
0.386077
0.468408
0.535073
0.57165
0.586961
0.579603
0.532974
0.465419
0.389804
0.307261
0.216614
0.119762
0.02777
-0.05407
-0.128447
-0.199346
-0.244073
-0.255693
-0.251924
-0.24537
-0.241583
-0.237649
-0.225746
-0.199728
-0.168454
-0.131307
-0.096003
-0.059007
-0.024386
0.012222
0.033029
0.024687
-0.023071
-0.080601
-0.142881
-0.206504
-0.263644
-0.319145
-0.361919
-0.39925
-0.440888
-0.47444
-0.50182
-0.528196
-0.533109
-0.523586
-0.505944
-0.478637
-0.444363
-0.410951
-0.375698
-0.332823
-0.27211
-0.203027
-0.130138
-0.05948
0.006945
0.063744
0.11609
0.161766
0.203805
0.241009
0.274693
0.302986
0.326125
0.341045
0.353687
0.360082
0.364582
0.367375
0.371575
0.371796
0.36776
0.361052
0.346569
0.328087
0.320418
0.322571
0.329459
0.34227
0.348556
0.339351
0.326792
0.313532
0.301488
0.289048
0.277178
0.264628
0.250399
0.240711
0.233025
0.223463
0.203627
0.177012
0.148276
0.116514
0.082454
0.04728
0.015442
-0.003579
-0.017191
-0.025845
-0.031342
-0.040668
-0.050767
-0.062462
-0.074472
-0.084555
-0.092509
-0.101436
-0.129751
-0.165985
-0.205697
-0.244766
-0.278538
-0.299097
-0.315355
-0.329651
-0.33976
-0.349166
-0.351931
-0.35101
-0.344162
-0.331733
-0.309612
-0.280237
-0.245173
-0.208913
-0.172667
-0.138417
-0.107747
-0.083476
-0.067164
-0.063768
-0.063164
-0.063594
-0.064943
-0.059028
-0.050927
-0.04095
-0.030132
-0.020146
-0.012584
-0.01113
-0.018157
-0.028332
-0.039639
-0.050596
-0.062203
-0.073495
-0.085337
-0.09793
-0.111559
-0.125581
-0.141331
-0.15668
-0.171853
-0.184361
-0.192117
-0.202104
-0.213258
-0.213481
-0.207873
-0.198793
-0.175494
-0.136175
-0.091362
-0.051359
-0.018121
-0.001222
0.003542
0.002851
-0.001958
-0.006655
-0.010499
-0.011968
-0.013901
-0.010409
-0.003116
0.006664
0.017102
0.029313
0.048377
0.071773
0.095795
0.118487
0.144258
0.165228
0.187743
0.196602
0.186788
0.168717
0.146422
0.117915
0.085584
0.047461
0.007345
-0.032607
-0.062464
-0.064282
-0.049004
-0.025864
0.001861
0.010506
-0.006287
-0.046991
-0.094153
-0.141947
-0.181818
-0.20983
-0.232436
-0.254902
-0.280325
-0.314179
-0.343734
-0.367439
-0.38643
-0.39926
-0.408973
-0.413824
-0.422911
-0.430693
-0.430896
-0.434863
-0.440404
-0.450145
-0.458104
-0.464993
-0.468639
-0.470483
-0.47268
-0.461314
-0.42381
-0.370623
-0.311132
-0.250178
-0.187439
-0.105708
-0.0212
0.065171
0.145213
0.217396
0.285066
0.348732
0.40573
0.460484
0.476737
0.463786
0.432671
0.394076
0.344625
0.290816
0.232749
0.166937
0.09633
0.039788
-0.006179
-0.044581
-0.080976
-0.109428
-0.128489
-0.142077
-0.149914
-0.152535
-0.146545
-0.135382
-0.11976
-0.100315
-0.085928
-0.082528
-0.082807
-0.086474
-0.090024
-0.089302
-0.072728
-0.046353
-0.013953
0.015526
0.034705
0.048675
0.059094
0.065839
0.068341
0.067895
0.065284
0.060608
0.061162
0.072228
0.089343
0.106517
0.124674
0.13478
0.123598
0.094651
0.051449
0.031943
0.035335
0.04895
0.068781
0.09427
0.123362
0.14896
0.175972
0.182756
0.179233
0.171689
0.162925
0.157543
0.152137
0.143714
0.133576
0.13567
0.151835
0.170387
0.186523
0.19475
0.197432
0.195498
0.191415
0.187789
0.191677
0.200065
0.213649
0.227135
0.240469
0.255831
0.268943
0.279602
0.291781
0.311346
0.336452
0.36325
0.389806
0.415485
0.436149
0.457883
0.485039
0.495799
0.49486
0.490023
0.483873
0.477073
0.465324
0.45127
0.437343
0.379474
0.318008
0.252612
0.191414
0.128958
0.051659
-0.033
-0.110898
-0.177008
-0.230474
-0.275117
-0.312385
-0.345201
-0.376672
-0.409249
-0.442327
-0.485363
-0.536023
-0.584085
-0.626203
-0.660662
-0.674223
-0.671048
-0.653319
-0.617707
-0.567507
-0.510665
-0.447268
-0.375437
-0.306018
-0.235555
-0.174429
-0.146124
-0.136895
-0.137662
-0.144511
-0.16175
-0.185483
-0.214906
-0.22883
-0.22786
-0.220394
-0.211693
-0.201361
-0.190872
-0.183536
-0.174242
-0.152057
-0.126294
-0.104747
-0.084144
-0.044808
-0.004468
0.03709
0.080749
0.129059
0.186433
0.210899
0.213961
0.206132
0.199314
0.193761
0.190228
0.190484
0.198338
0.208787
0.221177
0.235886
0.251741
0.267237
0.268467
0.255347
0.232973
0.191867
0.123711
0.042801
-0.041709
-0.080404
-0.094775
-0.088965
-0.056848
-0.018932
0.014835
0.025388
0.019488
0.009324
0.053258
0.130958
0.224649
0.321102
0.407716
0.493256
0.577891
0.667032
0.755076
0.835368
0.895635
0.945572
0.964606
0.955312
0.926753
0.885159
0.835458
0.772997
0.674877
0.565562
0.447123
0.290776
0.119951
-0.06049
-0.261664
-0.460854
-0.642534
-0.782297
-0.884265
-0.908079
-0.808597
-0.625056
-0.431362
-0.259961
-0.148278
-0.109658
-0.12268
-0.152014
-0.180111
-0.250788
-0.359805
-0.495721
-0.65988
-0.800876
-0.922205
-0.95463
-0.91479
-0.841304
-0.75553
-0.667178
-0.611667
-0.59252
-0.587979
-0.573833
-0.545333
-0.474347
-0.364386
-0.256277
-0.157059
-0.066934
-0.036081
-0.045968
-0.075506
-0.100328
-0.14535
-0.20745
-0.299087
-0.356673
-0.385992
-0.366323
-0.308392
-0.23929
-0.185169
-0.143243
-0.119335
-0.116525
-0.155268
-0.168567
-0.136512
-0.081763
-0.027079
-0.020205
-0.073415
-0.167556
-0.259711
-0.333575
-0.37149
-0.379841
-0.352227
-0.287954
-0.218104
-0.158633
-0.11052
-0.12378
-0.169001
-0.224497
-0.26886
-0.297241
-0.3102
-0.320674
-0.335746
-0.322518
-0.218782
-0.079939
0.062805
0.185416
0.278094
0.35386
0.430501
0.482083
0.494511
0.473989
0.439917
0.40026
0.3524
0.297446
0.234603
0.167098
0.126701
0.119135
0.138135
0.166776
0.184134
0.17632
0.153397
0.120696
0.071481
-0.007997
-0.047064
-0.026588
0.014199
0.009582
-0.102817
-0.28573
-0.457501
-0.562929
-0.60668
-0.618807
-0.618965
-0.611669
-0.633923
-0.678697
-0.727819
-0.736603
-0.674749
-0.573997
-0.509811
-0.453688
-0.400708
-0.355367
-0.314195
-0.248227
-0.171233
-0.040076
0.074635
0.162106
0.196795
0.141994
0.104093
0.105275
0.175463
0.297909
0.374635
0.420158
0.411446
0.353005
0.240199
0.137117
0.070143
0.033251
0.005431
-0.042479
-0.065225
-0.047965
0.010149
0.10095
0.17
0.210837
0.241901
0.290498
0.372694
0.459104
0.524647
0.54438
0.537922
0.443802
0.237081
0.051277
-0.01028
0.008033
0.134463
0.307876
0.490692
0.678548
0.766186
0.728995
0.635134
0.543311
0.490501
0.47012
0.417823
0.317386
0.18314
0.053881
-0.007493
-0.047447
-0.082344
-0.108123
-0.104937
-0.04178
0.064086
0.181601
0.318375
0.411589
0.447408
0.506972
0.591019
0.653665
0.655931
0.631632
0.607516
0.585824
0.572119
0.609879
0.697492
0.776812
0.795821
0.72186
0.637098
0.603811
0.62049
0.63949
0.602417
0.513311
0.419638
0.344701
0.296334
0.235356
0.173056
0.093453
0.029682
-0.00974
-0.022159
-0.024946
-0.029765
0.00475
0.102619
0.232358
0.353289
0.431733
0.406571
0.305762
0.153624
-0.027683
-0.214335
-0.363217
-0.439112
-0.446757
-0.442183
-0.476783
-0.535286
-0.591669
-0.633743
-0.646791
-0.608344
-0.517582
-0.441118
-0.383138
-0.33235
-0.27302
-0.207362
-0.156484
-0.080242
0.00772
0.101666
0.157563
0.149475
0.077679
0.001304
-0.039705
-0.044597
0.003276
0.042927
0.053125
-0.04066
-0.15782
-0.308554
-0.558393
-0.766464
-0.750545
-0.606502
-0.504213
-0.507755
-0.531151
-0.435886
-0.252087
-0.09931
0.000371
0.108412
0.141446
0.030466
-0.175379
-0.425189
-0.569068
-0.60728
-0.586347
-0.619693
-0.677629
-0.705324
-0.701914
-0.639069
-0.546355
-0.420216
-0.244683
-0.022185
0.13841
0.21948
0.233096
0.238316
0.188999
0.178781
0.293011
0.511838
0.804671
1.00364
1.1022
1.06172
0.95095
0.790814
0.670482
0.674644
0.68655
0.598254
0.429683
0.279968
0.197767
0.098957
-0.020799
-0.130406
-0.168681
-0.186038
-0.225156
-0.302404
-0.340699
-0.361349
-0.424526
-0.518057
-0.636957
-0.759748
-0.758858
-0.676736
-0.56151
-0.417095
-0.269745
-0.177538
-0.218388
-0.32669
-0.419744
-0.522418
-0.664005
-0.662572
-0.547104
-0.443266
-0.325702
-0.188675
-0.103675
-0.09214
-0.147355
-0.212882
-0.246361
-0.337152
-0.415024
-0.310094
-0.019512
0.320719
0.59354
0.73775
0.74491
0.66155
0.545292
0.516664
0.465093
0.397423
0.351875
0.268073
0.100312
-0.091222
-0.221142
-0.322982
-0.40437
-0.413198
-0.451006
-0.554397
-0.751876
-0.938389
-0.894548
-0.743333
-0.582376
-0.401773
-0.200313
-0.030183
0.073297
0.058616
-0.016807
-0.019665
0.049834
0.18853
0.42779
0.537082
0.557425
0.538132
0.443194
0.362161
0.299073
0.227107
0.136555
-0.010055
-0.197677
-0.394074
-0.585953
-0.731172
-0.761603
-0.681935
-0.56144
-0.416278
-0.221027
-0.013833
0.197777
0.319498
0.323792
0.275075
0.256756
0.287121
0.313302
0.213601
0.014041
-0.196744
-0.441515
-0.638149
-0.739496
-0.747629
-0.673392
-0.570102
-0.408584
-0.150783
0.008353
0.1204
0.270662
0.40967
0.62604
0.898875
1.14663
1.1892
1.04048
0.784867
0.450624
0.164988
-0.022426
-0.173743
-0.324156
-0.481852
-0.606257
-0.516364
-0.28181
0.023553
0.372074
0.618365
0.787984
0.934538
1.04043
1.06831
1.05018
1.09504
1.08773
0.849554
0.553204
0.34554
0.159093
0.056326
-0.029172
-0.075947
-0.124944
-0.099125
-0.061365
-0.130403
-0.25325
-0.370958
-0.505214
-0.69446
-0.734907
-0.607683
-0.31795
-0.063778
0.056786
0.07929
-0.127238
-0.320937
-0.434938
-0.488804
-0.505851
-0.508471
-0.539635
-0.79855
-1.06961
-1.01621
-0.808618
-0.533907
-0.371621
-0.260594
-0.124146
0.02928
0.103455
0.046684
0.011899
0.034929
0.078741
0.07492
-0.062856
-0.357359
-0.763637
-0.966655
-1.29068
-2.02528
-2.7614
-3.32894
-3.7469
-4.00984
-4.12734
-4.18014
-4.19909
-4.18001
-4.13952
-4.07579
-4.00026
-3.91179
-3.8096
-3.68527
-3.50793
-3.37222
-3.21799
-3.05104
-2.86351
-2.66456
-2.48307
-2.29432
-2.12319
-1.99157
-1.82088
-1.57955
-1.34526
-1.10241
-0.859258
-0.57389
-0.283459
0.046842
0.328108
0.4526
0.5205
0.539235
0.517519
0.507442
0.489159
0.483529
0.472391
0.453563
0.429372
0.387678
0.345686
0.302684
0.254302
0.205031
0.151607
0.095458
0.035979
-0.027677
-0.090959
-0.160932
-0.228583
-0.2871
-0.344873
-0.400908
-0.456741
-0.511598
-0.562472
-0.612442
-0.660937
-0.709845
-0.788887
-0.846529
-0.892968
-0.95198
-0.995577
-1.03428
-1.07043
-1.09926
-1.12431
-1.1494
-1.17175
-1.19212
-1.21024
-1.22617
-1.23961
-1.25062
-1.26071
-1.27144
-1.28127
-1.28976
-1.29704
-1.30249
-1.30587
-1.30771
-1.30671
-1.3042
-1.29917
-1.28671
-1.26189
-1.21626
-1.13598
-1.04457
-0.933181
-0.812398
-0.68757
-0.579708
-0.487136
-0.412346
-0.353534
-0.306638
-0.270021
-0.241663
-0.21387
-0.180982
-0.146876
-0.109873
-0.054497
0.012181
0.097151
0.169323
0.236634
0.301024
0.358955
0.398507
0.432093
0.457439
0.483815
0.515294
0.550607
0.589534
0.631719
0.671468
0.71235
0.752049
0.792324
0.829814
0.864625
0.899174
0.940688
0.973915
1.0073
1.03646
1.06382
1.08691
1.1059
1.12329
1.13882
1.15578
1.16814
1.17537
1.17993
1.18266
1.1837
1.18268
1.17995
1.17569
1.17054
1.16399
1.15632
1.14781
1.14128
1.13581
1.13091
1.12826
1.12288
1.11414
1.10176
1.08767
1.07267
1.05675
1.03864
1.01846
0.994151
0.970552
0.946584
0.92299
0.899647
0.874329
0.848517
0.825769
0.802661
0.778272
0.756139
0.733015
0.711712
0.683958
0.64799
0.608983
0.573054
0.539346
0.513903
0.488654
0.457794
0.428117
0.407541
0.391581
0.375784
0.361084
0.347241
0.334181
0.321845
0.310069
0.299227
0.28871
0.278877
0.269391
0.261248
0.253148
0.243504
0.237129
0.23139
0.226461
0.222384
0.21872
0.215809
0.213693
0.212399
0.214197
0.223858
0.233537
0.244643
0.26051
0.275451
0.290763
0.307806
0.324532
0.340379
0.355842
0.370204
0.383879
0.396679
0.408441
0.419135
0.429216
0.439262
0.443515
0.441671
0.435088
0.422772
0.403378
0.37982
0.353384
0.325287
0.296275
0.267893
0.238663
0.21534
0.194755
0.178222
0.161317
0.144307
0.129447
0.118971
0.112078
0.11518
0.129437
0.151685
0.184548
0.223433
0.267011
0.308913
0.341888
0.371581
0.397045
0.420014
0.437258
0.452581
0.469027
0.490774
0.505336
0.522475
0.536728
0.550414
0.561902
0.590227
0.610847
0.627997
0.639295
0.647313
0.649687
0.650477
0.645087
0.636986
0.62184
0.598121
0.563134
0.522778
0.476073
0.427759
0.373294
0.331676
0.303567
0.281818
0.265022
0.257193
0.252754
0.250329
0.248258
0.245909
0.243792
0.241562
0.239036
0.234687
0.227128
0.216276
0.201374
0.18339
0.164815
0.143872
0.118228
0.092291
0.063881
0.03593
0.005066
-0.028924
-0.063696
-0.099878
-0.139698
-0.178093
-0.219139
-0.256229
-0.292199
-0.329106
-0.364087
-0.399064
-0.432692
-0.464876
-0.495205
-0.525048
-0.550593
-0.573643
-0.593638
-0.610898
-0.630021
-0.647074
-0.65976
-0.670258
-0.678166
-0.684089
-0.689187
-0.691227
-0.693242
-0.68856
-0.673129
-0.665246
-0.648666
-0.63754
-0.600437
-0.556384
-0.511785
-0.4678
-0.418237
-0.363023
-0.309655
-0.262728
-0.222999
-0.184743
-0.153258
-0.122523
-0.085402
-0.037372
0.010346
0.049142
0.084931
0.116947
0.147469
0.182728
0.221039
0.256541
0.28578
0.311198
0.33412
0.356068
0.375979
0.391978
0.401886
0.404425
0.404334
0.404959
0.407559
0.412647
0.418453
0.424256
0.426899
0.42994
0.445639
0.467309
0.490261
0.507613
0.521542
0.532078
0.539193
0.543789
0.546811
0.54776
0.546856
0.544747
0.54167
0.538127
0.534153
0.529805
0.527922
0.523022
0.517718
0.51221
0.506454
0.500444
0.493128
0.48163
0.472406
0.463021
0.452638
0.429882
0.415009
0.396172
0.376614
0.357431
0.340054
0.325144
0.311575
0.298941
0.284663
0.269939
0.256105
0.249565
0.237939
0.22829
0.219244
0.215104
0.207447
0.200604
0.194131
0.191149
0.185547
0.183008
0.18045
0.178021
0.173411
0.158134
0.128339
0.10189
0.032192
-0.051732
-0.087592
-0.12009
-0.154101
-0.182737
-0.215812
-0.238408
-0.250065
-0.258645
-0.265464
-0.277477
-0.280881
-0.283147
-0.284612
-0.285084
-0.285102
-0.284381
-0.282767
-0.281729
-0.281381
-0.281739
-0.282871
-0.284837
-0.28754
-0.290332
-0.293415
-0.297058
-0.3009
-0.305375
-0.310577
-0.316038
-0.322305
-0.328808
-0.335878
-0.342593
-0.348537
-0.355869
-0.36341
-0.37125
-0.380345
-0.389433
-0.399257
-0.409344
-0.419249
-0.428276
-0.43708
-0.445344
-0.453935
-0.462289
-0.469993
-0.477381
-0.483843
-0.490005
-0.495957
-0.500511
-0.50448
-0.508001
-0.511474
-0.514464
-0.516455
-0.517561
-0.517985
-0.517788
-0.517024
-0.515687
-0.51399
-0.511861
-0.509072
-0.506202
-0.502168
-0.497198
-0.491622
-0.484338
-0.476255
-0.466851
-0.455772
-0.44267
-0.428115
-0.413015
-0.395808
-0.377306
-0.357287
-0.332021
-0.308066
-0.286837
-0.267072
-0.246936
-0.220862
-0.191029
-0.159075
-0.129989
-0.101773
-0.072191
-0.039288
-0.008459
0.02374
0.054755
0.085454
0.111296
0.134942
0.161563
0.181448
0.200377
0.218671
0.235093
0.250049
0.264876
0.278057
0.288989
0.299025
0.309686
0.320613
0.330799
0.340606
0.351031
0.362238
0.375413
0.390079
0.404358
0.419673
0.434498
0.453797
0.477007
0.506934
0.543979
0.59164
0.656607
0.739243
0.859488
1.01272
1.21205
1.42784
1.65748
1.93623
2.26055
2.63131
2.98835
3.3804
3.72894
4.12306
4.52402
4.96553
5.41316
5.88188
6.2954
6.77662
7.22657
7.69013
8.15724
8.62222
9.06976
9.55765
10.0204
10.501
10.9693
11.4477
11.8748
12.2936
12.6998
13.2791
13.7653
14.2217
14.6645
15.0854
15.4542
15.8143
16.0911
16.3441
16.5728
16.7667
16.9291
17.0604
17.1672
17.2172
17.1882
17.09
16.9673
16.7898
16.5365
16.2544
15.9386
15.6133
15.2186
14.7615
14.3244
13.8335
13.3492
12.7969
12.1708
11.5044
10.7414
10.0083
9.29018
8.53866
7.79681
7.12236
6.46054
5.82793
5.21748
4.70583
4.22473
3.8059
3.45962
3.16691
2.93622
2.75469
2.63544
2.56486
2.54271
2.55711
2.59618
2.6552
2.72655
2.82452
2.91938
3.02428
3.12067
3.21605
3.30553
3.38928
3.46533
3.52456
3.57918
3.62804
3.66833
3.70533
3.73312
3.74491
3.74543
3.73459
3.71002
3.67926
3.6411
3.59398
3.54215
3.47862
3.41288
3.33847
3.25895
3.18325
3.10632
3.04187
2.98323
2.93102
2.88855
2.84886
2.81555
2.78577
2.7613
2.74188
2.72411
2.70723
2.68996
2.66873
2.6354
2.597
2.54772
2.47587
2.37382
2.23244
2.05263
1.86585
1.64799
1.4752
1.33556
1.22374
1.13975
1.0701
1.01164
0.961359
0.913631
0.865981
0.817348
0.767859
0.719969
0.682867
0.653652
0.628985
0.610088
0.598962
0.59754
0.607726
0.628253
0.644889
0.656736
0.664942
0.670539
0.674692
0.672101
0.669648
0.667282
0.665591
0.664372
0.663503
0.662609
0.661598
0.661061
0.660953
0.661224
0.661793
0.662614
0.664465
0.666506
0.668681
0.671031
0.673553
0.676068
0.679063
0.682148
0.685195
0.687872
0.690549
0.693051
0.695511
0.698154
0.700732
0.703305
0.705806
0.708798
0.711062
0.713532
0.715901
0.718155
0.720372
0.722587
0.724722
0.726668
0.72737
0.727153
0.726058
0.720565
0.711842
0.697053
0.681147
0.667929
0.656912
0.646795
0.637112
0.628057
0.615472
0.592976
0.557166
0.500918
0.434097
0.315452
0.155485
-0.04493
-0.281134
-0.550636
-0.842232
-1.17431
-1.54257
-1.91166
-2.27401
-2.59019
-2.89732
-3.21081
-3.52068
-3.78059
-4.03689
-4.27576
-4.44904
-4.58691
-4.6822
-4.7618
-4.82148
-4.86861
-4.90234
-4.92938
-4.95117
-4.97079
-4.98856
-5.00594
-5.02647
-5.0719
-5.11075
-5.16133
-5.2252
-5.2932
-5.36803
-5.45683
-5.55786
-5.68518
-5.84086
-6.0434
-6.32741
-6.56345
-6.82934
-7.20299
-7.54323
-7.84971
-8.17107
-8.49406
-8.82715
-9.15104
-9.49531
-9.83037
-10.1711
-10.4744
-10.7789
-11.1121
-11.4318
-11.7563
-12.0377
-12.3046
-12.5622
-12.8225
-13.0265
-13.1963
-13.3615
-13.5115
-13.6486
-13.7583
-13.8472
-13.9174
-14.0205
-14.0954
-14.124
-14.1502
-14.1498
-14.0971
-14.0372
-13.9278
-13.7709
-13.5865
-13.3205
-13.0807
-12.4028
-11.6571
-10.7906
-10.2975
-9.4066
-8.54676
-7.91269
-7.36267
-6.94376
-6.63763
-6.4316
-6.30596
-6.26216
-6.24903
-6.24352
-6.24094
-6.23807
-6.22991
-6.21614
-6.20001
-6.19754
-6.20054
-6.20598
-6.21188
-6.21987
-6.22829
-6.24022
-6.25054
-6.24966
-6.24349
-6.21615
-6.16695
-6.03995
-5.96504
-5.80701
-5.66817
-5.57386
-5.51752
-5.49942
-5.4723
-5.44803
-5.42793
-5.41233
-5.40198
-5.39768
-5.39353
-5.39147
-5.38708
-5.38452
-5.37811
-5.3741
-5.37007
-5.35732
-5.37843
-5.41184
-5.5401
-5.73513
-5.90208
-6.00863
-6.07444
-6.06485
-5.99784
-5.90024
-5.79036
-5.6868
-5.58438
-5.50073
-5.45251
-5.42724
-5.4171
-5.41839
-5.42657
-5.44
-5.45599
-5.46495
-5.48484
-5.5042
-5.52233
-5.54096
-5.5592
-5.5768
-5.59499
-5.6113
-5.62756
-5.64236
-5.65699
-5.67098
-5.67795
-5.69094
-5.70195
-5.71252
-5.72279
-5.72768
-5.73702
-5.74539
-5.75148
-5.71276
-5.67125
-5.61403
-5.5489
-5.49046
-5.44013
-5.39801
-5.3358
-5.22597
-4.83537
-4.15774
-3.76658
-3.21813
-2.5872
-1.96745
-1.20648
-0.825431
-0.734088
-0.674186
-0.554201
-0.488195
-0.467566
-0.451049
-0.44058
-0.436754
-0.436655
-0.437366
-0.439823
-0.442564
-0.445242
-0.446487
-0.447705
-0.44885
-0.44978
-0.45103
-0.451163
-0.451007
-0.448057
-0.444011
-0.431558
-0.422963
-0.39429
-0.380215
-0.365031
-0.350512
-0.322071
-0.292478
-0.263417
-0.248438
-0.214446
-0.188339
-0.171011
-0.160821
-0.154902
-0.152806
-0.149385
-0.147094
-0.146914
-0.147506
-0.148252
-0.14869
-0.149072
-0.149727
-0.149916
-0.150154
-0.150722
-0.151343
-0.15171
-0.152156
-0.15272
-0.153954
-0.154607
-0.156271
-0.158309
-0.159454
-0.161937
-0.164706
-0.166248
-0.167931
-0.170018
-0.1721
-0.174167
-0.176518
-0.179914
-0.182323
-0.184896
-0.187625
-0.190249
-0.191487
-0.145209
-0.102954
-0.070532
0.028105
0.214477
0.490594
1.23869
1.70744
2.33613
3.00742
3.65577
4.4266
5.82498
6.53727
7.28021
8.06594
9.23775
9.80067
10.3124
10.7444
11.0933
11.4079
11.7222
11.9653
12.1931
12.5377
12.6692
12.8574
12.9351
12.9902
13.0452
13.0898
13.0994
13.1021
13.0998
13.0856
13.0753
13.0637
13.051
13.0378
13.0324
13.0349
13.0394
13.0435
13.0453
13.0435
13.0473
13.05
13.0521
13.054
13.0559
13.0549
13.0552
13.054
13.0545
13.0558
13.0293
12.9575
12.8275
12.6765
12.4086
11.9677
11.4743
10.7929
9.88398
8.80105
7.71905
6.52006
5.23118
4.1588
3.04652
2.14868
1.39813
0.834655
0.448338
0.265377
0.161028
0.144298
0.140238
0.145807
0.144909
0.11564
0.089358
0.071073
0.065429
0.074823
0.090168
0.107113
0.126191
0.15502
0.190181
0.239146
0.293585
0.354986
0.417803
0.470917
0.517693
0.624843
0.769618
0.915262
1.13169
1.35248
1.70247
2.05694
2.20715
2.43581
2.55041
2.6702
2.81025
2.95227
3.07105
3.206
3.36179
3.53575
3.69066
3.86681
4.08618
4.2767
4.44276
4.74607
4.98313
5.07529
5.15637
5.2054
5.23941
5.26034
5.27595
5.27429
5.26798
5.25828
5.24602
5.22186
5.10652
4.98892
4.6302
4.42369
4.19657
3.96335
3.75732
3.55706
3.38223
3.22037
3.0877
2.98561
2.90487
2.83745
2.7826
2.73942
2.67577
2.62941
2.60995
2.5937
2.57972
2.56822
2.55815
2.53979
2.54395
2.56967
2.62555
2.71818
2.82359
3.17209
3.43572
3.75773
4.46384
4.82784
5.48726
6.02272
6.21271
6.37308
6.49399
6.64411
6.75077
6.87402
7.03839
7.21887
7.59166
7.83699
8.08079
8.40665
8.86827
9.23481
10.0938
10.6268
11.1974
11.8113
12.3946
13.0987
13.7494
14.7118
15.5327
16.4662
17.6252
18.6575
19.6086
20.5366
21.2549
22.0626
22.924
23.5211
24.0617
24.5833
25.7654
26.2381
26.7471
27.269
28.3462
28.772
29.162
29.9154
30.5173
31.0767
31.2739
31.4612
31.6265
31.7639
31.9506
32.015
32.0731
32.0808
31.9418
31.7527
30.7216
30.0263
28.884
26.1127
22.388
20.1009
15.0871
10.26
8.21162
6.51313
5.06581
3.78949
1.69816
0.683368
-0.461639
-1.50782
-2.72689
-4.87667
-6.92187
-7.71112
-8.59531
-9.52441
-11.3354
-12.1657
-13.0981
-14.2405
-15.2767
-16.4441
-17.5714
-18.8335
-20.0843
-21.2708
-22.4104
-23.4934
-24.5627
-25.4227
-27.1247
-27.9644
-28.8075
-29.7255
-31.4265
-32.2286
-33.0319
-33.7787
-34.4759
-35.0727
-35.5823
-35.9755
-36.2873
-36.5127
-36.616
-36.4765
-36.1032
-35.6274
-34.8335
-33.6988
-32.1567
-28.7722
-25.039
-21.3453
-17.8241
-15.8715
-13.9481
-12.3902
-10.909
-9.67348
-8.44773
-7.43422
-6.55598
-5.61775
-4.11327
-2.84323
-1.73695
-0.93242
-0.423269
-0.05413
0.180439
0.350792
0.473947
0.564193
0.630885
0.686462
0.71818
0.736974
0.743448
0.747396
0.746657
0.743124
0.733097
0.726552
0.706709
0.680761
0.664797
0.631022
0.593738
0.553176
0.533616
0.511211
0.488724
0.465669
0.437811
0.392706
0.349632
0.305363
0.261994
0.218573
0.166907
0.125955
0.107681
0.075741
0.047506
0.033834
0.019757
0.005655
-0.019885
-0.043967
-0.065992
-0.084388
-0.100701
-0.114038
-0.124599
-0.134809
-0.143487
-0.162621
-0.224432
-0.3434
-0.548913
-0.803955
-1.06399
-1.24543
-1.39984
-1.53004
-1.60554
-1.6465
-1.66324
-1.67444
-1.67718
-1.67241
-1.66238
-1.64938
-1.63412
-1.61699
-1.57762
-1.53478
-1.4925
-1.44928
-1.40753
-1.3692
-1.35151
-1.31448
-1.28133
-1.25117
-1.23789
-1.22462
-1.20153
-1.19131
-1.17241
-1.16448
-1.15113
-1.14151
-1.13551
-1.13238
-1.13335
-1.1375
-1.14491
-1.15525
-1.16894
-1.18485
-1.20316
-1.21279
-1.23423
-1.25636
-1.27992
-1.30441
-1.33207
-1.35801
-1.385
-1.41078
-1.43757
-1.46269
-1.48816
-1.51289
-1.53653
-1.56254
-1.5842
-1.60414
-1.62326
-1.64064
-1.65614
-1.66982
-1.68143
-1.69188
-1.7005
-1.70829
-1.71397
-1.71864
-1.72178
-1.72362
-1.72422
-1.72405
-1.72263
-1.72016
-1.71678
-1.72659
-1.7506
-1.78625
-1.83012
-1.88443
-1.94425
-2.02172
-2.10706
-2.18179
-2.33532
-2.47175
-2.61412
-2.75729
-2.91142
-3.09487
-3.29064
-3.49164
-3.68337
-3.85903
-4.01619
-4.17894
-4.35821
-4.5381
-4.72933
-4.92539
-5.12731
-5.23586
-5.42184
-5.4974
-5.63699
-5.7403
-5.8397
-5.93424
-6.03431
-6.13375
-6.2365
-6.35781
-6.47938
-6.61355
-6.7281
-6.83383
-6.93036
-7.0058
-7.10078
-7.16745
-7.23825
-7.29348
-7.36113
-7.43093
-7.50515
-7.6243
-7.74707
-7.88251
-8.02465
-8.14641
-8.25764
-8.35538
-8.43464
-8.49696
-8.54378
-8.58124
-8.61208
-8.63429
-8.65315
-8.66948
-8.68328
-8.69784
-8.71456
-8.73404
-8.7565
-8.78916
-8.82029
-8.85088
-8.88352
-8.91766
-8.95865
-8.99907
-9.02935
-9.04637
-9.06325
-9.08125
-9.09996
-9.11969
-9.14663
-9.17473
-9.20966
-9.24066
-9.26272
-9.28278
-9.29872
-9.30924
-9.31669
-9.32374
-9.33268
-9.33965
-9.3462
-9.35558
-9.3662
-9.37936
-9.39742
-9.41756
-9.43958
-9.46042
-9.48056
-9.50185
-9.52619
-9.55188
-9.58052
-9.60801
-9.63372
-9.66364
-9.68875
-9.71263
-9.73576
-9.75708
-9.77769
-9.79943
-9.82112
-9.83855
-9.85312
-9.86614
-9.87644
-9.8852
-9.89029
-9.8946
-9.89923
-9.90439
-9.91009
-9.91557
-9.92038
-9.92411
-9.92678
-9.9294
-9.93228
-9.93567
-9.94017
-9.94661
-9.95518
-9.96362
-9.97154
-9.97926
-9.98891
-9.99859
-9.99903
-9.97273
-9.91804
-9.84502
-9.74506
-9.59208
-9.39059
-9.09912
-8.79838
-8.45355
-8.06201
-7.63177
-7.2318
-6.80128
-6.35998
-5.93421
-5.53109
-5.14733
-4.81623
-4.50149
-4.28312
-4.07998
-3.90875
-3.7676
-3.64799
-3.52478
-3.42475
-3.32786
-3.24026
-3.15677
-3.07442
-3.00115
-2.93129
-2.86557
-2.80535
-2.75286
-2.69365
-2.65091
-2.60941
-2.5739
-2.53945
-2.50728
-2.47975
-2.45556
-2.42396
-2.396
-2.37443
-2.35541
-2.34054
-2.32949
-2.32141
-2.31367
-2.30368
-2.28407
-2.26133
-2.23903
-2.22188
-2.20929
-2.20112
-2.195
-2.18828
-2.18347
-2.17691
-2.17129
-2.16174
-2.15101
-2.13871
-2.12205
-2.09898
-2.07608
-2.05457
-2.03274
-2.01
-1.98693
-1.968
-1.9514
-1.93709
-1.92266
-1.91309
-1.90517
-1.89831
-1.89128
-1.88289
-1.87558
-1.86854
-1.86289
-1.85836
-1.85466
-1.85218
-1.85113
-1.85147
-1.8534
-1.85684
-1.86186
-1.86876
-1.877
-1.88583
-1.89569
-1.90647
-1.91771
-1.92909
-1.94034
-1.95182
-1.96245
-1.97294
-1.98125
-1.98843
-1.99328
-1.99524
-1.99314
-1.98846
-1.98026
-1.97067
-1.96395
-1.97173
-1.98026
-1.99125
-2.00478
-2.02169
-2.0387
-2.05232
-2.06829
-2.0829
-2.11947
-2.16039
-2.21095
-2.24222
-2.26629
-2.29323
-2.32889
-2.35816
-2.39784
-2.42768
-2.45944
-2.49007
-2.55415
-2.59091
-2.63482
-2.68363
-2.73345
-2.78717
-2.84822
-2.9121
-3.0425
-3.11085
-3.18724
-3.26063
-3.3359
-3.40761
-3.47491
-3.53523
-3.59646
-3.657
-3.71943
-3.78513
-3.8481
-3.91258
-4.00153
-4.06754
-4.11624
-4.15482
-4.17204
-4.18091
-4.16134
-4.10911
-4.01603
-3.88285
-3.71278
-3.50545
-3.30027
-3.05942
-2.7972
-2.51997
-2.25585
-2.00354
-1.75537
-1.50014
-1.24061
-0.972001
-0.614804
-0.33965
-0.080341
0.176736
0.4436
0.712002
0.988564
1.27837
1.56994
1.8801
2.18924
2.52737
2.82379
3.14963
3.47571
3.81732
4.15146
4.55702
4.90055
5.21248
5.51692
5.82517
6.11828
6.38335
6.60275
6.78765
6.92746
7.04307
7.12981
7.19128
7.22806
7.2352
7.18966
7.08841
6.92202
6.50813
5.93809
5.12532
4.66089
3.53706
2.89087
2.14281
0.465834
-0.392968
-1.59577
-2.65232
-4.90303
-6.05019
-7.4373
-8.98415
-10.6936
-14.7291
-18.6343
-22.3397
-25.9657
-29.3122
-32.5736
-35.9064
-37.6168
-41.1598
-43.8565
-46.6905
-49.332
-51.8783
-53.1388
-55.8628
-58.2522
-60.5989
-62.7422
-64.8787
-67.0658
-69.2443
-71.2329
-73.1388
-74.4853
-75.3907
-75.9945
-76.1804
-76.0088
-75.4988
-74.6753
-73.374
-71.8022
-69.9472
-67.921
-65.5932
-62.7895
-58.8697
-53.2941
-46.7086
-39.2602
-32.524
-26.3202
-20.9882
-16.7562
-13.5636
-11.05
-8.74727
-7.23072
-6.11976
-5.27807
-4.64332
-4.22232
-3.93607
-3.81528
-3.77597
-3.79201
-3.85609
-3.95914
-4.10755
-4.28613
-4.50429
-4.7334
-5.00956
-5.32579
-5.80019
-6.34561
-6.95788
-7.62035
-8.35777
-9.18365
-10.3206
-11.3588
-12.389
-13.4311
-14.6009
-15.7141
-16.805
-17.6328
-18.4096
-19.2128
-19.9977
-20.7114
-21.163
-21.6367
-22.0449
-22.3894
-22.6501
-22.8424
-23.098
-23.2052
-23.1638
-23.2375
-23.1767
-23.1194
-23.0845
-22.7405
-22.2653
-21.7058
-21.0034
-20.2602
-19.3863
-18.439
-17.4467
-16.3919
-15.4418
-14.5078
-13.4551
-12.5552
-11.7905
-11.062
-10.3867
-9.73645
-9.1262
-8.60345
-8.14322
-7.72815
-7.33606
-6.9978
-6.70255
-6.41456
-6.22889
-6.08845
-5.98979
-5.92781
-5.90244
-5.91065
-5.94783
-6.01491
-6.10097
-6.20625
-6.3305
-6.45063
-6.57671
-6.6893
-6.80343
-6.90755
-7.00772
-7.1048
-7.19481
-7.27512
-7.34713
-7.5217
-7.54239
-7.54867
-7.54676
-7.53599
-7.51408
-7.48702
-7.45268
-7.43194
-7.32733
-7.26571
-7.17802
-7.06896
-6.9939
-6.81719
-6.7244
-6.62145
-6.40113
-6.20833
-5.98561
-5.7813
-5.66299
-5.47337
-5.32689
-5.1554
-4.93585
-4.71855
-4.48746
-4.02915
-3.62541
-3.2774
-2.99466
-2.78444
-2.61528
-2.46718
-2.31649
-2.15477
-1.94884
-1.66555
-1.22359
-0.565378
0.327664
1.57254
3.08261
4.80906
6.65112
7.78516
9.82381
10.7211
12.5409
14.0683
15.4987
16.8861
18.1969
19.4049
20.7215
21.8109
22.8925
24.0135
25.0193
25.985
26.8772
27.761
28.5541
29.2457
29.8992
30.4884
31.0141
31.4537
31.743
31.9365
31.9583
31.8958
31.8013
31.6809
31.5607
31.4272
31.2315
30.9667
30.6896
30.4688
30.2858
30.1431
30.0388
29.9675
29.9033
29.7147
29.319
28.7991
27.8467
26.4262
24.6015
21.6542
19.2258
16.4637
14.0572
11.7121
9.46193
7.45329
5.80878
4.60235
3.68001
3.20403
3.28639
3.75326
4.26704
4.88365
5.4979
6.07833
6.54032
7.02347
7.47903
7.99073
8.32145
8.5891
8.82382
8.99684
9.12356
9.19829
9.23499
9.22965
9.11876
8.9288
8.67399
8.46311
8.26586
8.11911
7.99862
7.94515
7.95094
7.99758
8.06465
8.12653
8.17904
8.20234
8.17264
8.07859
7.91813
7.65821
7.20686
6.6078
6.02052
5.28779
4.49749
3.79368
3.10062
2.54268
1.96759
1.38559
0.765871
0.117372
-0.620009
-1.32687
-2.08377
-2.82709
-3.64722
-4.42881
-5.28391
-6.1941
-7.40995
-8.56264
-9.8358
-11.0908
-12.34
-13.4807
-14.599
-15.6749
-16.6529
-17.4965
-18.2682
-19.0159
-19.7516
-20.3986
-20.9341
-21.3969
-21.7712
-22.1109
-22.3717
-22.5895
-22.7543
-22.902
-23.0094
-23.1044
-23.1828
-23.249
-23.3052
-23.3573
-23.3451
-23.2301
-23.0096
-22.6992
-22.297
-21.5957
-20.9614
-20.2456
-19.3396
-18.356
-17.2018
-15.9699
-14.6138
-13.0887
-11.4603
-9.59165
-8.06569
-6.75292
-5.62707
-4.6079
-3.78238
-3.04006
-2.47003
-2.03706
-1.67407
-1.35671
-1.07435
-0.864526
-0.693083
-0.552949
-0.444332
-0.355834
-0.285192
-0.220953
-0.157974
-0.095531
-0.038017
0.020844
0.074878
0.123585
0.173611
0.21884
0.258777
0.296686
0.328994
0.357476
0.38399
0.408084
0.430177
0.44866
0.467694
0.484783
0.515367
0.571228
0.611973
0.684
0.821142
1.03702
1.31447
1.70829
2.1159
2.52492
2.97149
3.42557
3.92717
4.48594
5.07263
5.71671
6.44071
7.19611
8.00172
8.73433
9.47892
10.2547
11.0655
11.8192
12.574
13.2877
14.0249
14.7309
15.3414
16.0175
16.546
17.0497
17.4247
17.7303
17.9872
18.1183
18.1983
18.1801
18.0356
17.7578
17.3861
16.6275
15.8091
14.7323
13.5816
12.011
10.2521
8.23093
6.73314
5.33807
4.00476
2.79351
1.66858
0.912501
0.320051
-0.198498
-0.66582
-1.05322
-1.41285
-1.75703
-2.13704
-2.68283
-3.32222
-4.0766
-4.93541
-5.85687
-7.06698
-8.57984
-9.70597
-10.8791
-12.1054
-13.2355
-14.3005
-15.2934
-16.1225
-17.0049
-17.6106
-18.1533
-18.5429
-18.8752
-19.1464
-19.314
-19.4454
-19.5477
-19.6136
-19.6624
-19.7108
-19.7525
-19.7818
-19.7984
-19.8056
-19.8054
-19.7996
-19.7902
-19.778
-19.7473
-19.6777
-19.5938
-19.4368
-19.2555
-18.9838
-18.6808
-18.3292
-17.815
-17.0373
-16.248
-15.2971
-13.9153
-12.5404
-11.4048
-10.153
-8.80545
-7.46803
-6.2968
-5.23018
-4.30804
-3.50936
-2.82709
-2.24435
-1.70131
-1.25918
-0.908237
-0.618299
-0.395849
-0.222064
-0.110774
-0.029716
0.05562
0.145069
0.270779
0.371309
0.479874
0.609989
0.749766
0.919592
1.07567
1.19712
1.33862
1.48898
1.61477
1.73177
1.83939
1.94224
2.09499
2.27788
2.53133
2.79622
3.09413
3.4359
3.81604
4.22066
4.64652
5.14186
5.6915
6.21135
6.8815
7.39681
7.96525
8.4565
8.88225
9.30504
9.67506
10.0282
10.3003
10.5101
10.7022
10.8334
10.9232
10.9924
11.0445
11.0794
11.1093
11.1332
11.1533
11.1707
11.1885
11.184
11.1588
11.128
11.1014
11.0777
11.057
11.0411
11.0319
11.0256
11.0207
11.0132
10.9968
10.9871
10.9842
10.9785
10.9714
10.961
10.9422
10.9096
10.847
10.7687
10.6802
10.5616
10.4148
10.2186
9.98578
9.67302
9.36766
9.02145
8.66952
8.28937
7.93648
7.64861
7.40856
7.16725
6.87837
6.48876
6.08241
5.57998
5.06624
4.54479
4.02934
3.48467
3.1223
2.78445
2.52018
2.25667
2.01455
1.76528
1.55846
1.29265
1.1347
0.923992
0.790643
0.680543
0.58561
0.502296
0.409407
0.356882
0.314976
0.279572
0.235787
0.198085
0.135555
0.076014
0.011537
-0.08432
-0.201335
-0.428348
-0.647605
-0.880533
-1.13608
-1.40335
-1.64244
-1.89366
-2.18881
-2.52103
-2.79096
-3.04348
-3.26962
-3.47042
-3.70838
-3.95088
-4.15197
-4.30563
-4.4502
-4.60408
-4.78875
-4.95599
-5.15902
-5.4485
-5.81482
-6.21185
-6.77078
-7.61324
-8.39565
-9.19718
-10.2291
-11.4901
-12.5734
-13.8568
-15.4401
-16.57
-17.678
-18.7467
-19.9375
-20.9902
-22.3164
-23.6084
-25.0496
-26.5489
-28.1354
-29.6998
-31.2617
-32.8295
-34.2752
-35.3916
-36.4495
-37.2761
-37.9231
-38.3986
-38.6404
-38.7306
-38.6136
-38.3434
-38.063
-37.7093
-37.3263
-36.9548
-36.547
-36.1749
-35.7036
-35.0699
-34.2884
-32.9794
-31.3439
-29.9157
-28.3882
-26.4986
-24.984
-23.6729
-22.6207
-21.741
-21.0207
-20.4381
-20.0277
-19.7737
-19.6062
-19.5732
-19.5942
-19.7066
-19.9406
-20.278
-20.8654
-21.4854
-22.3424
-23.3433
-24.6064
-25.8962
-27.1324
-28.3119
-29.3338
-30.1779
-30.8075
-31.3347
-31.6967
-31.9586
-32.1555
-32.2906
-32.3892
-32.455
-32.493
-32.5099
-32.5106
-32.5006
-32.4833
-32.4603
-32.434
-32.4078
-32.3725
-32.3364
-32.3091
-32.2918
-32.2802
-32.2833
-32.2001
-32.03
-31.7942
-31.4733
-30.9109
-30.1242
-29.1092
-28.0077
-26.6433
-25.0432
-23.2479
-20.6622
-17.8901
-15.7921
-14.1005
-12.7478
-11.5662
-10.5385
-9.65597
-8.92786
-8.38925
-8.02057
-7.75046
-7.6041
-7.59547
-7.71823
-7.93206
-8.11561
-8.27636
-8.38744
-8.48017
-8.66757
-8.96087
-9.21107
-9.33873
-9.39293
-9.44779
-9.54197
-9.68419
-9.87923
-10.1169
-10.4277
-10.7567
-11.1299
-11.5832
-12.1463
-12.6897
-13.2255
-13.7347
-14.2248
-14.7042
-15.1736
-15.6696
-16.0288
-16.293
-16.4462
-16.4445
-16.2489
-15.9142
-15.4471
-14.8982
-14.314
-13.6104
-12.6897
-11.4778
-10.083
-8.50804
-6.6753
-4.77276
-2.64711
-0.213326
2.32578
4.7448
7.25821
9.67355
11.8034
13.9793
15.9278
17.5401
18.9216
20.0259
20.8741
21.4895
21.8814
22.0893
22.1412
22.093
22.0105
21.95
21.9209
22.0484
22.1602
22.7383
23.5439
24.5584
25.6337
26.6437
27.363
27.8113
28.0828
28.1958
28.2729
28.3343
28.3832
28.417
28.3751
28.3426
28.3184
28.3324
28.3729
28.4942
28.6577
28.7479
28.9676
29.2162
29.4552
29.699
29.9447
30.1949
30.3209
30.5563
30.7846
31.0168
31.1237
31.3475
31.4716
31.6215
31.7706
31.9238
32.0909
32.2657
32.4021
32.4792
32.4969
32.4355
32.2838
32.0158
31.5603
31.1119
30.3113
29.3998
28.8056
28.4303
28.2281
28.1215
28.0831
28.0574
28.0364
27.8438
27.4713
26.8871
26.0345
24.9195
23.7771
22.3537
20.7593
18.9298
17.0664
15.5529
14.0467
12.7211
11.5487
10.5121
9.65065
8.92395
8.36165
7.9853
7.793
7.80539
7.93391
8.26551
8.66334
9.05843
9.42181
9.7229
9.96172
10.1607
10.3004
10.3939
10.436
10.4538
10.4595
10.463
10.4633
10.4602
10.4532
10.4437
10.4096
10.3264
10.2332
10.0924
9.92977
9.75971
9.58947
9.37125
9.10016
8.78848
8.36384
7.85979
7.484
7.21653
6.98583
6.86834
6.81845
6.83087
6.85545
6.87513
6.87992
6.86667
6.82882
6.7705
6.68445
6.58713
6.48914
6.3796
6.27635
6.16358
6.05958
5.93309
5.78867
5.61641
5.40924
5.17976
4.86878
4.4606
4.03846
3.60277
3.21169
2.86667
2.59746
2.4275
2.32183
2.23517
2.15903
2.08546
2.01989
1.95605
1.89764
1.84446
1.79381
1.74787
1.72328
1.7227
1.73535
1.79706
1.92872
2.11459
2.39173
2.63976
2.84138
3.05512
3.28966
3.52568
3.78914
4.03278
4.34396
4.71097
5.1218
5.57246
5.99499
6.42467
6.82875
7.15019
7.41382
7.62471
7.82309
8.03686
8.29935
8.60445
9.00162
9.47437
9.9419
10.4786
11.1491
11.8934
12.7258
13.6226
14.4952
15.5199
16.3877
17.1952
17.9946
18.9059
19.6459
20.3178
20.9509
21.5735
22.1692
22.7538
23.3512
23.8355
24.347
24.854
25.296
25.7008
26.032
26.3086
26.5282
26.6871
26.8062
26.894
26.9262
26.8306
26.4584
25.8929
25.1687
24.118
22.9301
21.4651
19.9052
18.408
17.2187
15.9929
14.692
13.5358
12.3646
11.2881
10.464
9.81573
9.32591
8.94897
8.68108
8.46731
8.27945
8.11395
7.90847
7.6536
7.35616
7.03738
6.69669
6.36773
6.02994
5.72577
5.46131
5.18353
4.92158
4.67224
4.42359
4.18068
3.93825
3.67153
3.38614
3.09032
2.73696
2.31667
1.85452
1.46331
1.12831
0.793528
0.421803
-0.031571
-0.601019
-1.21774
-1.98762
-2.82494
-3.72757
-4.7049
-5.7392
-6.64002
-7.47091
-8.2431
-8.95521
-9.60285
-10.1347
-10.6277
-11.0738
-11.4359
-11.7732
-12.0603
-12.3017
-12.5032
-12.7181
-12.9464
-13.1161
-13.2512
-13.3638
-13.4546
-13.5146
-13.5657
-13.5998
-13.6264
-13.6557
-13.6787
-13.6976
-13.7158
-13.7332
-13.7496
-13.7664
-13.7827
-13.7999
-13.8176
-13.836
-13.8544
-13.8746
-13.8943
-13.915
-13.9358
-13.9577
-13.9792
-13.9987
-13.9754
-13.93
-13.8469
-13.742
-13.63
-13.4956
-13.3087
-13.0786
-12.7033
-12.2479
-11.5904
-10.7726
-9.89593
-8.87499
-7.90056
-7.09732
-6.36555
-5.76346
-5.20325
-4.7627
-4.38787
-3.83346
-3.63165
-3.43226
-3.29229
-3.15663
-3.03436
-2.92249
-2.79233
-2.68966
-2.6514
-2.74812
-2.87835
-2.99931
-3.0895
-3.1629
-3.21565
-3.24533
-3.24287
-3.21594
-3.16523
-3.06727
-2.96707
-2.79695
-2.61062
-2.44701
-2.30235
-2.19706
-2.11325
-2.0428
-1.98773
-1.92697
-1.84035
-1.73965
-1.59622
-1.4081
-1.20451
-0.957609
-0.710682
-0.490393
-0.323917
-0.196761
-0.114602
-0.052208
-0.002677
0.038682
0.068784
0.090183
0.10516
0.115837
0.121791
0.124633
0.125067
0.123657
0.120648
0.115817
0.109214
0.10131
0.093297
0.085224
0.077719
0.069491
0.061211
0.052289
0.043477
0.034743
0.025846
0.016158
0.00668
-0.002354
-0.011374
-0.020268
-0.031995
-0.044142
-0.057252
-0.070068
-0.085233
-0.1025
-0.1213
-0.150559
-0.192934
-0.242877
-0.300831
-0.356483
-0.405033
-0.448695
-0.482455
-0.511326
-0.532491
-0.54278
-0.544183
-0.546359
-0.550111
-0.554851
-0.559566
-0.564582
-0.568517
-0.571874
-0.568185
-0.56269
-0.559607
-0.555538
-0.551706
-0.549244
-0.553579
-0.555998
-0.555254
-0.552074
-0.547337
-0.540786
-0.528734
-0.510282
-0.488954
-0.462099
-0.435978
-0.416406
-0.391918
-0.354823
-0.309679
-0.259513
-0.191973
-0.149799
-0.119173
-0.094359
-0.09113
-0.105304
-0.124779
-0.139466
-0.147866
-0.151799
-0.134877
-0.112108
-0.061946
0.007307
0.051366
0.080104
0.099547
0.112224
0.123276
0.129148
0.131992
0.13096
0.126837
0.120826
0.112801
0.103755
0.093989
0.083732
0.07328
0.062354
0.050984
0.039932
0.029162
0.017998
0.008077
-0.001874
-0.012426
-0.02302
-0.033302
-0.043127
-0.053229
-0.063542
-0.074585
-0.083571
-0.092766
-0.102208
-0.110696
-0.118358
-0.126211
-0.133355
-0.139983
-0.146946
-0.153101
-0.158625
-0.163981
-0.169016
-0.173455
-0.177731
-0.181329
-0.184528
-0.187617
-0.190501
-0.192634
-0.1945
-0.19575
-0.196544
-0.196886
-0.196776
-0.196335
-0.195728
-0.195203
-0.194289
-0.193016
-0.191168
-0.188329
-0.185119
-0.181181
-0.177637
-0.173482
-0.168688
-0.163866
-0.158666
-0.153833
-0.148942
-0.144
-0.138966
-0.133705
-0.128416
-0.123222
-0.117815
-0.112489
-0.107164
-0.101902
-0.096676
-0.091616
-0.086621
-0.08173
-0.076925
-0.072288
-0.067787
-0.063241
-0.059137
-0.055038
-0.051185
-0.047451
-0.043714
-0.040356
-0.037103
-0.034106
-0.031283
-0.028672
-0.02619
-0.024057
-0.02232
-0.020828
-0.019596
-0.018541
-0.017668
-0.016961
-0.016193
-0.015818
-0.015655
-0.015664
-0.015847
-0.016207
-0.016762
-0.017465
-0.018394
-0.01947
-0.020837
-0.022336
-0.023875
-0.025611
-0.027484
-0.029523
-0.031598
-0.033765
-0.036102
-0.038435
-0.04107
-0.043658
-0.046252
-0.048942
-0.051724