
831.058
840.806
915.237
941.956
950.678
910.582
854.917
746.474
704.98
720.863
817.755
911.904
995.196
1000.01
925.248
819.968
772.825
707.93
618.397
638.799
751.608
865.741
913.923
879.331
783.47
692.739
606.597
614.399
639.042
653.696
616.194
626.413
640.364
604.283
485.19
458
431.839
445.193
461.714
439.205
390.94
411.815
338.908
306.908
420.204
546.923
560.324
497.862
396.481
362.104
353.339
278.842
220.788
249.694
311.804
394.627
445.739
370.899
272.729
248.896
235.688
130.388
224.606
347.023
401.241
364.21
357.14
319.347
252.238
172.077
219.916
225.34
246.559
274.213
291.802
268.276
279.483
242.754
150.864
142.784
219.59
216.592
247.628
316.273
302.593
214.686
152.882
146.584
105.252
143.548
201.793
235.977
231.414
213.844
132.639
67.8826
82.1538
155.174
158.367
121.306
93.5951
167.859
175.052
134.775
26.8268
78.0969
136.241
153.961
132.171
153.84
123.831
71.364
28.6411
80.5277
129.492
161.33
133.651
112.839
63.5004
5.23409
58.7447
97.8713
80.8792
75.1153
65.3185
75.4664
49.0184
28.751
14.7267
39.3456
63.5021
96.0892
88.4364
97.4635
88.7802
45.3753
10.8227
39.4145
23.731
58.7584
80.781
81.546
66.3102
40.4996
37.9108
53.5121
60.8723
69.8283
64.6731
36.2949
15.01
11.0547
28.5231
38.6974
49.2817
62.088
54.0438
25.371
15.879
13.6749
15.7777
19.8515
9.47054
14.0028
36.1562
48.9203
52.1814
41.8453
16.6613
21.2362
17.244
14.0794
0.479456
3.84647
18.9036
34.5453
28.021
23.9618
8.94058
19.3768
18.9753
14.281
16.1385
22.8066
19.0599
36.7841
35.0243
26.7421
23.0949
14.706
22.3263
50.4099
57.851
55.6488
45.7066
36.6608
32.5945
39.8077
42.9989
43.0591
31.7365
31.0912
26.3391
18.0862
10.4713
15.7628
5.55015
20.7746
26.7631
35.6257
29.9438
28.9264
17.9625
34.0286
57.9835
68.8697
43.8119
12.6746
6.25958
14.2532
26.6632
38.2131
17.1114
39.0262
53.559
50.5361
34.8305
29.9695
41.5615
60.6403
58.1143
47.7472
28.5496
14.2528
23.8703
42.8385
63.4405
80.9126
71.1461
54.2155
42.2679
32.0917
38.8583
49.2126
43.2834
43.745
39.7272
33.0199
34.5111
36.08
34.5768
35.7055
28.2444
29.2846
21.7575
6.0278
4.77699
13.6971
31.0656
48.5863
41.2454
24.4633
16.4174
15.9189
22.2168
30.6683
21.5123
15.5671
11.8138
6.65379
11.5624
16.5773
11.9414
21.9294
18.3973
9.40179
9.82204
21.6027
20.7963
15.5599
6.63906
11.295
6.92841
3.56983
10.6439
23.4326
22.2915
21.7709
21.0723
23.9121
33.5516
41.6935
32.5322
19.8324
14.0309
12.7651
11.0149
10.439
10.6184
26.6123
27.6447
24.9986
17.1665
11.8714
22.2918
35.1512
34.699
32.8251
23.7717
13.3269
18.1297
25.9903
23.3982
22.8282
13.4128
2.3815
9.77237
17.4594
12.2027
9.88309
2.01695
13.0934
11.2076
9.78078
3.87711
7.87995
6.78807
15.6257
13.3146
11.942
6.40746
2.26446
3.60848
12.482
14.0343
19.2184
12.668
1.62154
5.71256
12.4454
6.54035
10.2579
8.3287
12.1041
8.56657
4.30214
4.60215
15.6494
13.9276
10.3864
3.02825
10.9245
14.2265
17.1627
10.4961
7.3287
14.9884
22.9933
18.6545
10.6821
9.75905
15.9681
17.0723
18.9687
13.3867
9.1614
4.66004
7.28955
6.25278
8.97289
9.53564
14.2012
9.8025
1.37485
4.3465
11.5456
11.0418
10.7548
4.42158
6.05354
5.83314
6.43202
3.33454
10.9062
8.94785
8.27734
2.79958
6.35845
7.31153
9.63777
2.87181
9.19694
12.2854
16.7784
12.9933
8.57514
15.7034
23.5287
22.261
22.4921
16.7743
8.57746
10.1246
14.6785
16.1924
24.1801
22.2952
15.0732
6.90681
7.73692
9.49745
16.4382
13.7058
8.46044
5.41736
11.7603
7.22145
3.59077
8.70681
13.0458
7.39776
6.66511
7.24884
12.6017
9.96643
3.36222
2.9228
10.4384
12.4911
16.8218
12.2275
5.49409
2.78093
2.39405
3.03476
10.3535
11.9551
17.9971
17.2447
11.642
11.3084
14.0196
14.8542
19.2193
15.9136
9.03195
4.05791
3.98379
4.53608
11.7683
10.501
7.64858
2.18163
4.81055
5.14896
9.18506
5.87415
0.727687
3.93004
10.33
10.5885
13.3159
10.2498
4.55383
8.01093
13.1113
9.83613
8.13824
4.49054
7.9004
4.98139
1.10473
5.12171
11.4506
10.8678
12.9772
9.24715
3.26515
4.08302
10.384
12.0924
15.2096
10.4084
3.42136
2.03629
7.97615
9.26403
14.0047
10.5105
3.14316
3.62713
10.3884
9.98669
11.959
7.42085
1.78458
4.274
8.34787
5.46078
7.47871
5.51822
6.71818
4.65688
3.34915
2.53015
9.77502
9.97584
8.64037
3.95938
5.20584
7.65671
11.9719
9.80247
5.46692
4.34834
10.9555
12.2226
12.0141
7.15458
0.325158
3.16611
9.66579
9.71247
9.42239
5.17781
3.03532
1.11237
5.26004
7.29302
11.2075
8.87719
7.20428
4.39711
5.44465
7.43803
11.2859
9.26113
8.11239
4.24857
2.25938
1.7957
8.42854
9.11605
9.06967
4.58877
2.89364
3.17027
7.80392
5.5776
1.06442
5.11827
12.1243
12.0254
11.586
8.83923
5.11605
8.58857
13.7668
12.1898
11.1553
8.3092
2.91405
3.40389
7.99713
8.62239
10.9219
8.28515
6.71592
5.11441
0.785635
3.1591
8.21406
8.32971
10.4105
8.16232
3.06255
3.06612
8.06726
7.12221
6.29529
2.51347
4.07488
4.55528
6.69125
3.74149
2.20203
2.73711
6.78151
5.21254
5.31684
3.36363
5.02553
3.37201
4.67396
1.64286
5.45418
6.86186
8.79728
5.53173
4.85312
2.84264
2.61488
4.87616
10.1114
9.51824
8.90197
5.73198
1.69213
0.564403
5.91105
7.85615
11.7615
10.8469
9.58666
8.17018
8.04986
11.9874
17.178
16.1408
12.9656
9.91985
8.15246
10.0673
13.4903
11.4482
8.71715
6.08941
2.81198
4.76467
8.42663
6.66953
7.18376
5.81902
1.33891
1.39427
6.0293
5.2081
4.85631
1.37262
5.69718
7.19334
7.47126
5.10261
3.02046
6.26065
11.8549
11.2503
7.98328
5.11776
5.47068
6.77017
9.41866
6.42736
1.30224
2.8089
6.57125
4.55906
3.18291
1.31506
4.85924
4.36117
5.3884
4.56161
6.03125
3.80639
1.75646
2.4705
5.85234
5.84346
8.21483
6.4627
1.97948
0.504367
4.25125
6.16545
10.784
9.46221
5.26746
3.4165
6.02689
8.03838
10.9509
8.33102
2.84924
1.42896
6.36619
6.34726
5.72582
2.42529
3.97331
3.74907
4.33632
2.68695
4.33744
4.48331
5.80793
3.19381
2.66979
3.79331
6.5526
5.95252
5.98465
3.63959
1.71327
3.30663
7.42332
7.25969
6.69832
4.13284
1.92357
1.28192
4.68004
5.01624
7.26642
6.17565
4.79861
3.49345
0.637923
3.02516
8.16603
8.29824
7.69935
5.21205
0.699074
1.26641
4.61602
4.13116
5.57138
4.54564
5.81397
5.59693
3.44705
1.70273
3.55594
4.65984
7.93185
7.57812
6.25181
4.79598
1.50676
3.50483
8.1573
8.31588
8.5354
6.80547
3.12986
1.93212
4.27951
4.73006
7.24409
6.58739
5.8918
4.4313
0.398398
1.09741
4.84179
4.90335
6.3978
4.87188
3.46754
2.51315
1.64431
1.36133
4.72439
4.49454
6.07923
5.34615
4.0461
2.47612
2.30166
3.72796
6.81064
6.25715
6.04635
4.16917
0.906448
2.8739
6.17987
5.22208
4.82795
2.71967
2.91452
3.76247
4.57735
2.36837
3.10163
3.19441
5.43098
5.21689
4.53463
2.15225
2.91563
3.6885
6.30781
5.89579
5.43763
3.70882
1.3683
2.34591
5.467
5.57037
6.25583
4.998
0.738455
1.72368
6.01729
5.99708
5.51305
3.76561
2.03692
2.05251
3.73112
3.03192
4.50668
4.74354
4.26661
3.00819
1.28963
1.73532
4.61838
4.65421
4.23543
2.57305
1.72157
2.32978
4.44362
3.94907
3.72162
2.06721
2.72917
3.12655
4.08688
3.00567
2.7518
2.04893
4.21892
4.15594
2.75242
0.763856
4.29705
4.25672
4.90155
3.83811
2.09182
1.19958
4.42653
4.69315
5.27698
3.75256
2.35695
2.11171
3.45326
3.41816
4.54747
3.74443
3.8612
3.40103
3.06681
2.56576
3.55113
3.01893
4.21613
4.59441
3.58682
1.88675
2.47785
3.0425
4.82588
4.60735
2.84643
1.34352
2.60416
2.79286
4.23985
3.70624
3.34456
2.84682
2.12601
1.21142
3.5059
3.56664
3.88638
3.36877
2.81688
1.6951
2.35923
2.12696
3.89513
3.98145
4.53229
3.47829
2.08182
0.972942
3.62419
4.28099
5.36688
4.08568
2.66486
2.37184
3.33612
2.97451
2.9278
2.65422
4.63315
4.38592
3.63074
3.05422
2.12446
1.76336
3.69982
3.52991
3.98071
3.62039
3.1784
3.07677
1.99308
0.786008
4.15544
4.78473
4.76573
3.86386
2.31973
1.45746
2.68881
2.71677
3.0212
3.00035
3.38068
2.89365
2.41217
1.83364
2.33074
2.5507
3.14341
2.48247
2.91847
3.07314
3.66191
2.94903
0.922508
1.04
4.26928
4.72467
5.29746
4.45514
1.38218
0.134505
3.30609
3.53091
5.32958
5.18259
3.80379
2.52663
0.950005
2.00842
4.90771
4.62933
4.32453
3.44607
2.3321
1.80756
2.28903
2.19323
4.00151
4.29606
4.66743
3.99044
1.83985
0.786503
3.46632
3.77201
4.01484
3.37304
2.64212
2.34804
3.38268
3.08666
1.92295
1.42221
3.72245
4.52583
5.1036
4.27059
2.09553
0.934952
2.92365
3.77243
5.11378
4.93478
3.38144
2.07733
1.71219
2.33273
3.64109
3.44311
3.78493
3.90226
2.73174
1.77272
1.80282
2.29127
3.81437
3.82116
3.78668
3.52638
1.82701
0.815652
2.85328
3.6026
4.39494
4.02563
2.4372
1.49128
2.03245
2.47502
3.14572
2.86047
2.76065
2.58814
2.04769
1.54602
2.82539
2.82806
3.05328
2.69132
2.1111
2.38346
3.79922
3.51301
1.98945
1.0852
2.8129
3.68611
4.9603
4.6358
2.20717
0.602088
2.95138
3.65442
4.70318
4.11279
2.09194
1.60784
2.9091
2.8601
2.40805
2.28083
3.07962
3.25725
3.72889
3.4579
1.9336
1.54421
2.3015
2.68867
3.94965
4.16956
3.59261
2.97946
0.582505
0.91409
3.65972
4.27317
4.16349
3.39089
1.72373
1.16088
2.35693
2.80989
3.47934
3.24906
2.83377
2.81729
2.69611
2.28635
1.34574
1.56546
3.7436
4.49707
4.28672
3.35197
0.727117
0.701915
3.23279
3.79125
4.05759
3.42701
2.93131
2.73387
1.44994
1.58866
2.97864
3.49391
4.30502
3.98814
2.29441
1.97102
1.5858
2.02107
3.22385
3.50758
3.72357
3.64703
1.82325
1.06141
2.23583
2.95725
4.00435
4.12197
2.68784
1.90418
1.3588
1.87949
3.13285
3.15374
2.36781
2.50481
2.35694
2.27553
1.95911
1.72491
1.95215
2.54595
3.17715
3.27694
2.58525
2.06682
1.0979
2.271
4.15262
4.24155
3.41001
2.5342
0.859498
2.00685
3.77337
3.88341
3.19592
2.31715
1.35423
1.85922
2.87469
2.97438
2.69086
2.45162
2.31977
2.32806
2.30095
2.36783
2.66903
2.71289
2.88129
2.77142
2.15444
2.45765
2.65226
2.5012
2.78735
2.89906
2.72038
2.99577
2.37191
2.10053
2.4556
3.02221
3.26428
3.20612
1.76038
1.62269
2.86852
3.43126
2.92812
2.72216
1.5088
1.62743
2.72546
3.2816
3.18934
3.0652
1.34291
1.48111
2.55178
3.1787
3.06118
2.77881
1.30972
1.59044
2.25884
2.69784
2.49243
2.39601
1.24162
1.54694
2.71657
3.0691
2.55238
2.15989
1.32803
1.84131
2.51257
2.71571
2.58299
2.40541
1.7587
1.70261
2.06703
2.57345
2.8058
2.75338
2.14873
2.07011
1.85425
2.05741
2.6687
2.85743
2.58616
2.59049
1.92392
1.94158
2.56106
2.81991
2.55202
2.56112
2.4143
2.62258
2.52068
2.72721
2.18918
2.32912
2.13113
2.20971
2.62085
3.18946
2.551
2.18619
1.32223
1.95916
2.76861
3.13178
2.58002
2.31726
1.58131
1.98933
2.22153
2.67336
2.26567
2.17343
1.72356
2.01417
2.15221
2.40287
1.83824
1.79139
1.5928
2.17924
2.48258
2.40983
1.94305
1.87889
1.48421
2.08277
2.81389
2.89477
2.17466
1.97991
1.50387
1.96758
2.57003
2.53396
2.02078
2.18015
2.26931
2.54953
2.30982
2.10992
1.51813
2.12113
3.22803
3.58147
2.6917
2.14101
1.00264
2.09745
3.31169
3.37564
2.67386
2.61823
1.87915
2.06127
2.01432
2.44372
2.47958
2.81727
2.54542
2.581
1.76093
1.84359
1.75527
2.51488
2.91023
3.0303
2.25857
2.27227
1.54636
1.87716
2.22214
2.71939
2.50884
2.70915
1.97832
1.98801
1.59204
2.0969
2.26953
2.60557
2.11182
2.11591
1.90597
2.53316
1.86087
1.6933
1.67716
2.22846
2.78974
3.24504
2.05059
1.64701
1.16299
1.93093
2.82616
3.21587
2.56108
2.37823
1.06015
1.32404
2.02561
2.7039
2.66991
2.67035
1.76231
1.7073
1.42297
1.95307
2.14487
2.57473
2.27675
2.13532
1.71626
2.07608
1.87802
2.16349
1.90375
2.11574
2.23872
2.60509
2.10994
2.19796
1.11324
1.37848
2.14502
2.5376
2.71865
3.06253
1.81221
1.31134
1.4237
2.20979
3.0966
3.27864
2.22459
2.14681
1.19508
1.37861
2.23462
2.9
2.68262
2.63119
1.57592
1.47532
1.77725
2.46261
2.32082
2.38531
1.85381
1.93943
2.13592
2.49591
2.07091
2.29782
1.5854
1.8209
2.54261
3.04579
2.54373
2.46356
1.15351
1.46872
2.51482
3.09975
2.82435
2.83609
1.5094
1.54511
1.82902
2.3603
2.69841
3.10992
2.32823
2.30029
1.28789
1.83595
2.35099
2.72
2.45006
2.8143
2.00438
2.09075
1.21846
1.85571
2.41537
2.9489
2.2575
2.17364
1.13251
1.72407
1.76909
2.24412
2.04164
2.36121
1.91407
2.09663
1.10338
1.53336
1.94572
2.49054
2.12971
2.33235
1.45878
1.54
1.21544
1.7174
2.18355
2.68783
1.95062
1.68355
1.02099
1.72131
2.0978
2.41781
2.11359
2.08256
1.44761
1.79102
1.60796
2.16084
2.3737
2.52191
1.66829
1.67798
1.69754
2.21992
2.18562
2.44788
1.78216
2.02334
1.88898
2.01492
1.79586
2.27594
2.13061
2.50278
2.07529
2.17155
1.4609
1.93264
2.23288
2.63336
2.21335
2.41624
1.5541
1.74761
1.70451
2.34446
2.38372
2.63124
1.67918
1.81161
1.43569
1.92192
1.99064
2.477
1.98319
2.24366
1.53555
1.59521
1.50058
2.05568
2.20059
2.71876
2.10317
2.09389
1.19308
1.54375
1.77921
2.26772
2.22593
2.61481
1.85777
1.97078
1.16865
1.48154
2.04193
2.61265
2.4169
2.69006
1.79316
1.72825
1.28204
1.95439
2.15708
2.69938
2.57165
2.72605
1.54464
1.5927
1.386
2.17954
2.41532
2.83829
2.13979
2.18158
1.33708
1.65479
1.57374
2.26826
2.16608
2.55722
1.97046
2.17929
1.48496
1.82184
1.42357
2.02213
2.25207
2.79088
1.90747
2.07486
1.06729
1.25736
1.78299
2.45657
2.11705
2.47543
1.45827
1.56394
1.06148
1.53826
1.84022
2.43641
1.98391
2.12775
1.23783
1.50016
1.46779
2.14445
1.99279
2.20076
1.462
1.75197
1.43093
1.83484
1.50702
1.95711
1.62116
2.0086
1.80501
1.98699
1.57108
2.02638
1.53618
1.82154
1.87532
2.44616
2.18372
2.33545
1.2166
1.48281
2.05425
2.68249
2.14075
2.2966
1.46377
1.80845
1.70743
2.07579
1.80737
2.21093
1.76233
2.22486
1.80094
2.12004
1.54157
1.89738
1.71617
2.30466
2.14949
2.49992
1.52896
1.76397
1.33224
1.88361
1.94
2.49014
2.02571
2.15642
0.997368
1.47621
1.55754
2.24042
2.14627
2.36689
1.3949
1.6648
1.28983
1.83692
1.85804
2.28131
1.84858
2.32563
1.51581
1.58421
1.35257
1.89458
1.83411
2.41682
1.88162
2.10083
1.1292
1.36627
1.72634
2.43677
2.19956
2.40218
1.42857
1.71766
1.45728
2.01306
1.76989
2.20838
1.98953
2.33705
1.54914
1.88076
1.26182
1.82957
1.87497
2.38845
1.9081
2.15496
1.38144
1.66009
1.28537
2.02946
1.95119
2.30811
1.67309
1.92577
1.26721
1.80882
1.67905
2.11461
1.59687
1.95636
1.39598
1.99116
1.70189
1.95808
1.41165
1.7637
1.27739
1.90986
1.81767
2.22414
1.37686
1.55991
1.31195
1.87956
1.81693
2.17566
1.52346
2.10938
1.68
1.83535
1.29524
1.75476
1.78058
2.37096
1.82836
2.00845
1.2131
1.69218
1.6051
2.10493
1.79073
2.15512
1.54048
1.89883
1.43673
1.96371
1.75514
2.1942
1.6749
2.06932
1.65579
2.05832
1.58013
2.00679
1.51376
2.07736
1.67849
2.10084
1.65964
2.02755
1.47816
1.89102
1.50464
2.11412
1.70393
2.15871
1.63993
1.96234
1.55652
2.03923
1.59277
2.14437
1.61941
2.17877
1.70694
2.01022
1.34498
1.82091
1.58417
2.19911
1.64417
2.02827
1.27346
1.68853
1.46412
2.04692
1.61176
1.98947
1.41437
1.91951
1.47664
1.95828
1.40252
1.86985
1.39841
1.86386
1.53481
1.95742
1.36722
1.79887
1.16452
1.72075
1.52918
2.04728
1.66331
1.97613
1.13882
1.39861
1.40985
2.29673
1.98655
2.18814
1.38798
1.54496
1.30488
1.99324
1.83231
2.35256
1.67361
1.86331
1.2026
1.68611
1.6824
2.26832
1.82049
2.17539
1.41812
1.63334
1.38735
2.18175
2.0912
2.48947
1.57188
1.56786
1.31074
2.15729
1.8967
2.34027
1.55774
1.77205
1.33699
1.89736
1.64112
2.13623
1.41271
1.73836
1.20655
1.80748
1.61201
2.12353
1.52429
1.69246
1.03909
1.68006
1.55129
2.28967
1.75379
1.8134
0.97209
1.43496
1.47133
2.11389
1.59372
1.94464
1.32198
1.70544
1.32959
1.73896
1.3635
1.94912
1.75659
2.19159
1.47694
1.67127
1.29245
2.03939
1.76353
2.12572
1.79125
2.1428
1.4565
2.01482
1.4542
1.89119
1.61073
2.17088
1.76281
2.16557
1.41154
1.71464
1.42765
2.18047
1.64471
2.01487
1.51141
1.95196
1.4769
1.9309
1.27387
1.85563
1.50754
2.09772
1.49077
1.84233
1.30672
1.7039
1.1284
1.74823
1.32811
1.8923
1.35542
1.6038
0.973389
1.64676
1.41387
1.86795
1.46219
1.87634
1.10658
1.58514
1.16154
1.73211
1.68715
2.13343
1.3489
1.62728
1.19722
1.79534
1.53857
2.04323
1.44262
1.78206
1.46647
1.96704
1.5534
1.97934
1.31905
1.83336
1.71683
2.37658
1.80874
1.95097
1.41702
1.99657
1.59822
2.1867
1.68087
2.13098
1.55572
1.94381
1.39421
1.90955
1.50586
2.09092
1.63183
2.1346
1.42347
1.8034
1.37498
2.01094
1.69026
2.06296
1.23267
1.84875
1.51431
2.0219
1.27431
1.65155
1.2725
1.93371
1.50924
1.87906
1.14296
1.68511
1.19559
1.71917
1.22743
1.68892
1.52169
2.09148
1.24258
1.38335
0.994469
1.89691
1.75582
2.18816
1.44028
1.61069
0.996751
1.61066
1.34862
2.02883
1.63315
1.99165
1.20011
1.50649
1.02951
1.64541
1.64232
2.28161
1.63278
1.9517
1.08411
1.3726
1.3596
2.1423
1.85584
2.26701
1.39022
1.53441
1.01314
1.76002
1.50558
2.06729
1.62057
1.92308
1.17287
1.59689
1.24316
1.92932
1.52653
1.97687
1.43263
1.84305
1.3903
1.78324
1.32202
2.0228
1.54874
1.90902
1.29874
1.79212
1.49181
1.9957
1.45903
1.93228
1.39093
1.82896
1.245
1.84842
1.62504
2.07691
1.5031
1.84041
1.22947
1.8082
1.47925
2.07588
1.66519
2.09257
1.45874
1.81597
1.18149
1.78303
1.6257
2.18144
1.52863
1.91472
1.27313
1.73127
1.3847
1.87133
1.48112
2.02551
1.41359
1.93615
1.34796
1.74809
1.39144
1.86378
1.33338
1.90622
1.50249
1.98808
1.27501
1.66267
1.22725
1.77006
1.42146
1.9693
1.39331
1.73243
1.13137
1.738
1.26795
1.76491
1.38879
1.81949
1.26684
1.7078
1.16181
1.76734
1.39001
1.82835
1.32618
1.82911
1.24627
1.6944
1.33548
1.77226
1.19469
1.75094
1.25515
1.77166
1.24807
1.60666
1.27368
1.80168
1.3416
1.80701
1.16885
1.72485
1.43975
1.89892
1.31191
1.64512
1.2938
1.90544
1.39481
1.83237
1.27664
1.71499
1.30893
1.88894
1.56951
1.94485
1.27839
1.69374
1.28344
1.99248
1.6834
2.05815
1.47816
1.79991
1.16843
1.82199
1.66551
2.22705
1.6934
2.02186
1.20949
1.62215
1.48433
2.1131
1.69637
2.0665
1.31071
1.75592
1.35236
1.82139
1.31976
1.912
1.68206
2.11035
1.37878
1.67206
1.1317
1.86389
1.55553
1.91279
1.3981
1.84079
1.28483
1.69769
1.11109
1.63049
1.24811
1.86507
1.48137
1.76493
1.19959
1.64698
1.08343
1.6086
1.25949
1.80399
1.52395
2.00432
1.21589
1.32524
0.995122
1.70325
1.58695
2.2343
1.53993
1.55865
0.881806
1.4142
1.39738
2.10902
1.63791
1.83659
1.16698
1.60946
1.12756
1.76186
1.52838
1.92461
1.48174
1.90174
1.27795
1.66462
1.18353
1.78294
1.48264
1.92709
1.50143
1.85631
1.24069
1.62954
1.09066
1.81457
1.63807
2.0227
1.39844
1.67588
1.06912
1.65545
1.4327
1.93748
1.49068
1.95224
1.2552
1.49626
1.18269
1.73845
1.48392
2.07363
1.47844
1.73465
1.13253
1.57728
1.28062
1.93676
1.61526
1.89849
1.30659
1.75385
1.17112
1.60449
1.2925
1.9189
1.6805
2.01742
1.28481
1.60784
1.18929
1.853
1.4717
1.93499
1.51412
1.81019
1.23732
1.68126
1.21697
1.79123
1.44721
1.86987
1.39308
1.8119
1.24498
1.69431
1.34796
1.78759
1.32859
1.86262
1.37447
1.82459
1.32828
1.62827
1.14897
1.75313
1.49983
1.98667
1.31497
1.59339
1.09798
1.75859
1.46377
1.8671
1.3807
1.8127
1.24373
1.6969
1.2739
1.8078
1.36588
1.80292
1.36303
1.73671
1.26164
1.77348
1.29303
1.84536
1.33244
1.72179
1.43278
1.87433
1.2421
1.66774
1.26805
1.83739
1.44494
1.83217
1.2835
1.7707
1.37041
1.84747
1.41828
1.85779
1.31389
1.76913
1.33343
1.90064
1.44573
1.82397
1.37982
1.77847
1.25399
1.78386
1.35566
1.96102
1.58425
1.9378
1.28863
1.61026
1.29246
1.97246
1.50336
1.85571
1.23445
1.6967
1.29337
1.74458
1.26308
1.70094
1.30497
1.88349
1.3316
1.6585
1.10877
1.56487
1.22706
1.82153
1.37742
1.74507
1.07832
1.41718
1.01707
1.72808
1.38646
1.7764
1.17611
1.49345
1.07925
1.6424
1.16585
1.67821
1.28827
1.74529
1.19786
1.61327
1.18882
1.65442
1.20159
1.74031
1.38886
1.89235
1.25022
1.55628
1.29478
1.88117
1.52495
1.93283
1.23387
1.63924
1.2084
1.82876
1.59395
2.00367
1.3993
1.7264
1.10377
1.75147
1.59653
2.10131
1.50634
1.77399
1.21605
1.71042
1.40059
1.86831
1.30081
1.73201
1.29825
1.77549
1.31262
1.71295
1.26587
1.71743
1.31174
1.83653
1.37363
1.70845
1.10827
1.58608
1.30296
1.80912
1.36839
1.71058
1.17468
1.61905
1.19207
1.81074
1.44859
1.8005
1.32244
1.68992
1.24809
1.77466
1.3442
1.83448
1.41356
1.78622
1.29979
1.77861
1.42955
1.84021
1.32201
1.75357
1.35429
1.95089
1.49334
1.736
1.28187
1.77652
1.38559
1.86921
1.35364
1.79446
1.38129
1.76188
1.23208
1.70313
1.2978
1.76453
1.40406
1.81857
1.23898
1.68489
1.15777
1.63511
1.39197
1.79996
1.24379
1.62275
1.13554
1.71534
1.33699
1.77062
1.27625
1.64818
1.23416
1.66357
1.19998
1.73536
1.29207
1.67664
1.1564
1.58424
1.2504
1.74026
1.31199
1.73984
1.23191
1.69008
1.20809
1.66365
1.32639
1.79824
1.32235
1.70058
1.19484
1.63089
1.26407
1.72419
1.22523
1.73193
1.27291
1.64638
1.32087
1.74641
1.16034
1.64859
1.33562
1.90443
1.45358
1.71704
1.21246
1.64618
1.29191
1.81084
1.40264
1.86457
1.32683
1.64646
1.25595
1.78346
1.4322
1.85469
1.42878
1.86261
1.35052
1.83379
1.37995
1.72634
1.37297
1.88047
1.52617
1.96235
1.34944
1.73794
1.3742
1.85206
1.46042
1.87214
1.35484
1.75018
1.2977
1.69978
1.25349
1.73482
1.29122
1.75482
1.2746
1.64779
1.31351
1.69419
1.14047
1.6362
1.16523
1.65605
1.26937
1.60715
1.12941
1.48055
0.99408
1.56415
1.22476
1.70622
1.18379
1.47902
1.04231
1.58166
1.29383
1.77354
1.27383
1.60139
1.15542
1.77812
1.33565
1.67211
1.38277
1.83229
1.33739
1.77617
1.29466
1.77591
1.45537
1.87987
1.38786
1.81606
1.48395
1.99834
1.52662
1.80144
1.25524
1.81624
1.50708
1.94435
1.43574
1.76458
1.40759
1.79732
1.25856
1.74033
1.33853
1.83263
1.44142
1.61727
1.039
1.58374
1.27541
1.68224
1.1263
1.50055
1.12039
1.55776
1.15248
1.56589
1.19644
1.55494
1.03038
1.4925
1.04006
1.47803
1.12698
1.56664
1.24354
1.67599
1.20044
1.58863
1.16108
1.66304
1.41039
1.87897
1.39748
1.71003
1.29856
1.77287
1.41494
1.87242
1.50816
2.01987
1.51737
1.88183
1.51909
1.95311
1.61673
1.97982