
0
-97.8461
142.583
-85.5764
-8.74416
106.443
-234.089
310.802
-266.22
137.801
43.0793
-231.405
362.588
-375.539
225.022
-49.4784
-9.51209
98.28
-284.681
380.512
-306.327
104.732
145.488
-295.372
309.538
-239.371
98.7541
24.5308
-42.103
-7.12344
27.3213
15.1333
21.0106
-191.32
256.726
-182.597
145.469
-79.7845
20.0828
-94.6314
117.094
-74.9724
188.022
-273.943
84.7474
208.164
-358.164
293.095
-123.986
63.9423
-89.0043
-1.52563
157.279
-223.515
224.796
-131.787
-112.143
263.333
-152.836
69.9694
-126.345
21.1032
249.912
-365.211
249.862
-108.403
40.5136
61.2808
-185.586
159.084
-40.1362
10.727
12.5356
-93.1725
105.051
-80.6709
102.363
-48.7542
-123.096
195.061
-95.8255
57.531
-82.064
-67.5572
247.191
-194.294
81.7469
-64.941
4.92215
111.651
-158.839
124.985
-44.7647
-78.3137
183.267
-192.47
94.709
42.9913
-77.4253
-21.3639
66.8286
51.2602
-164.884
94.5997
95.8038
-207.862
141.912
-30.3111
-3.91179
63.7145
-170.422
190.118
-106.644
-28.9571
163.402
-196.109
126.984
-40.0066
-60.4609
130.502
-84.2752
-10.9789
48.7282
-34.373
30.8973
-60.7627
64.5406
-29.9868
5.34778
31.7441
-90.3381
104.03
-76.5019
52.7848
21.4438
-120.067
98.8894
-25.6251
34.91
-20.928
-71.832
110.953
-75.1092
23.3654
62.6666
-133.185
107.623
-26.1951
-53.0658
77.0027
-22.9501
-5.31267
-46.6523
60.5821
38.7145
-124.285
77.5719
1.78548
-9.15904
11.3186
-33.2429
13.4362
9.31421
-18.8614
75.0823
-82.7835
-25.701
74.3832
0.314949
-33.5732
-6.26308
17.692
-8.87012
8.78334
18.4058
-49.5013
33.0303
11.1479
-30.7993
-1.88617
30.7706
7.30102
-40.3842
19.6068
-7.42686
-14.3084
69.3671
-58.3246
-8.23399
14.6375
-18.7657
82.6179
-74.1317
-46.9957
112.553
-55.8453
1.07397
20.0374
-70.7068
73.1687
20.3895
-64.5141
13.1915
11.8151
-0.198468
15.2235
-20.8332
-7.45001
29.6904
-37.6029
36.1102
-5.98693
-52.3917
76.1266
-5.42896
-89.1387
82.3046
-9.10982
-14.3926
18.3691
-40.8296
17.5971
3.08645
38.9962
-24.0364
-73.0535
106.757
-58.7683
0.572481
61.6749
-90.6099
50.0377
0.603961
-24.4696
59.3872
-108.249
104.427
-15.9293
-81.6524
112.278
-87.6006
33.2866
35.655
-78.8493
75.5909
-53.0844
22.7644
30.2965
-80.4769
75.2327
-23.0241
-14.7306
30.5454
-50.2036
45.8502
-13.5296
5.00159
-2.4215
-45.7464
75.8358
-22.484
-38.4232
49.3081
-41.8402
15.7018
23.0699
-32.3685
22.4274
-11.67
-12.3981
27.8944
-20.0008
18.622
-19.8073
-3.0674
27.7858
-19.5228
-16.2159
35.234
-9.64407
-18.1488
9.04563
6.56625
3.80697
-21.2168
14.6818
13.9627
-44.0218
49.6869
-10.1576
-48.9989
64.4039
-20.161
-28.6382
42.4354
-29.6659
9.66698
-6.63493
21.9957
-16.8377
-20.1023
45.1861
-35.9439
10.0044
26.976
-58.6623
50.261
-9.28428
-31.084
49.6724
-34.2869
-1.65494
28.6417
-33.3153
15.8976
11.2425
-20.5267
7.55875
6.36827
-11.9743
3.7381
8.46163
-3.53239
-6.94174
7.63266
-6.1384
2.69524
7.9183
-14.2244
8.47764
-0.0973886
-7.63188
15.4678
-20.0045
16.0491
1.71061
-19.3436
14.3101
4.80634
-10.1742
3.64947
-4.05165
7.41366
-8.67804
7.39842
3.99335
-13.5667
3.3689
15.0752
-18.1978
2.83019
14.2976
-13.4485
-9.266
27.3612
-14.3145
-16.3479
28.6333
-9.71815
-19.6655
34.2488
-23.3288
-2.10235
17.1882
-18.2421
13.7459
0.425818
-12.8243
9.5182
-7.69666
13.0531
-5.27217
-11.5571
15.7231
-8.39562
-3.5219
15.924
-13.4188
-2.87962
9.43182
-0.771254
-3.12676
-3.81107
5.8783
1.95092
-11.7068
13.4732
-3.71563
-5.39115
2.98058
5.05137
-4.24209
-10.3136
21.9952
-10.1297
-19.7939
38.5738
-29.6553
4.73626
19.7615
-33.8518
28.4785
-7.17861
-11.0741
22.4558
-34.3742
27.2397
4.35264
-22.7967
17.4593
-8.95899
-2.967
15.8774
-10.2325
-0.673299
-8.25109
15.9162
-1.80838
-12.0021
7.22057
2.96411
-3.71116
-3.15794
8.51271
-1.64516
-12.4829
17.8063
-14.1347
3.74619
11.9342
-16.9575
7.91265
-1.98956
0.690334
5.53486
-13.2368
18.9674
-17.8745
-0.544233
23.7274
-27.6058
13.8007
3.33429
-18.3195
23.4811
-11.7337
-1.54988
3.93475
-6.39932
8.26944
-0.552281
-7.25684
6.35162
-2.29925
-0.985106
2.31264
1.21631
-5.51469
5.64402
-3.07866
-0.500159
3.65207
-3.51995
-0.360335
3.81342
-3.70568
1.91063
-1.12209
1.22274
-1.22036
1.46613
-2.1085
2.09527
-1.02469
-0.470089
1.82038
-1.60808
-0.87627
4.09314
-6.21265
5.42691
-0.920914
-3.85486
4.21036
-1.18193
-1.99531
5.29646
-7.20139
3.20418
3.75013
-4.85984
0.944645
3.11517
-6.50335
5.72759
-0.394739
-2.14855
0.208755
0.842854
-0.783778
1.29829
-1.63722
2.63453
-4.1382
3.52143
0.628623
-4.48955
2.32531
3.94089
-7.25296
5.06998
0.196347
-4.8209
5.14172
1.06947
-8.89621
8.63341
-0.969577
-4.46167
4.65253
-2.53412
-1.95324
6.67009
-6.08288
2.56913
-0.992296
-0.602088
3.71214
-4.21671
0.631304
3.32784
-6.71872
7.30094
-2.44135
-2.83053
4.5501
-3.77054
0.738964
2.67173
-3.99984
4.91574
-4.29671
-0.412507
3.68172
-1.95618
-0.783865
2.83952
-2.53334
-1.33736
2.62795
2.13463
-7.49737
8.39551
-4.26444
-3.36945
8.99629
-6.50566
-0.936063
6.59577
-8.56057
7.35335
-3.91409
-0.816227
4.76456
-5.59631
2.95407
0.403907
-2.63131
5.0545
-6.49638
5.21331
-2.12889
-1.71269
4.75742
-4.58259
0.242258
5.11116
-6.12655
2.33406
1.02929
-1.01141
-1.0562
2.89986
-2.07093
-0.80144
1.90607
-0.55573
-1.44038
2.65652
-1.98173
1.1924
-1.32706
1.25917
-1.68828
1.42049
1.3601
-2.9452
0.426722
2.04534
-2.49238
3.77638
-4.68494
2.50889
1.42471
-4.25868
4.02681
-1.21118
-1.44811
3.46354
-5.97245
6.71459
-3.95692
-0.47886
5.80217
-9.15419
4.46395
5.94687
-12.7516
11.5402
-3.2776
-6.7868
10.4833
-5.34166
-2.52878
7.34243
-8.11388
5.29336
-0.127042
-3.86431
3.58208
-1.45664
-0.0448359
2.72132
-4.97673
3.63402
-0.605521
-1.10666
0.467442
2.24985
-3.19398
-0.567248
4.31405
-3.13465
-1.58479
6.7989
-8.23589
2.6963
4.70936
-6.52518
2.53123
2.91193
-5.80146
3.49311
1.14278
-1.46385
-1.57097
2.73059
-1.8009
0.210275
0.975501
-0.480828
-0.322982
-0.0907465
-0.828539
3.32881
-3.61899
1.85309
-0.510678
-1.14641
3.24882
-2.36943
-1.19788
3.30137
-4.61472
5.85399
-2.78995
-3.30017
5.69727
-3.3338
-1.49467
6.45189
-7.05301
2.1342
2.81624
-3.59087
0.813919
2.85653
-3.40501
0.961693
0.230092
0.631027
-1.3226
0.995708
-0.151215
-0.555528
-0.908523
3.36694
-2.73522
0.310825
1.01619
-1.73982
1.42154
1.21769
-3.88819
4.25533
-2.80709
-0.0710177
2.41928
-2.16694
0.699077
0.617967
-2.04978
3.33112
-3.49849
2.18354
-0.466276
-1.17593
3.09511
-3.49131
0.64377
3.5009
-5.40412
4.08144
-1.21533
-0.83661
1.25009
-1.13005
0.63095
-0.318218
0.560858
0.417368
-2.80384
4.55105
-4.10826
1.93177
0.965341
-3.3937
3.68131
-1.91939
-1.10074
4.80813
-6.79911
5.04401
-1.30795
-1.8981
3.78714
-3.50305
1.09508
1.56677
-3.43109
4.40399
-3.99556
2.22285
0.26643
-2.02686
2.33654
-1.58943
-0.288756
1.99169
-2.40952
2.47798
-2.51246
1.69482
-0.216083
-0.926095
1.68476
-1.79664
0.75738
1.47637
-3.8498
4.19526
-2.55664
0.352831
2.06164
-3.22105
1.33373
1.89756
-3.35049
2.75739
-1.29079
-0.432923
0.723882
1.06011
-1.86847
0.425952
0.735842
-0.629006
0.0978594
1.28973
-2.86829
2.41378
-0.492199
-1.09999
1.70559
-1.157
-0.362988
2.42457
-3.4312
2.49727
-0.86049
-0.745804
2.14033
-1.83326
-0.889597
3.70733
-3.9971
1.92433
0.34877
-1.21879
0.66066
0.447645
-1.03493
1.00335
-1.61216
2.50473
-2.01969
0.528162
0.847262
-1.30257
0.561527
1.07837
-2.67405
2.47706
-0.753687
-0.587885
0.834096
-0.438939
-0.632882
1.88314
-1.56595
0.253927
0.232614
0.129326
-0.732183
1.34212
-1.19554
-0.363388
1.07397
0.745825
-2.36585
2.08292
-1.1151
-0.140689
1.18874
-0.8914
-0.609918
2.14658
-2.51676
1.37025
-0.0466337
-0.282377
0.37406
-0.245838
-0.462846
0.854329
-0.87641
1.0549
-1.22788
0.839899
-0.438688
0.478011
0.151335
-0.837521
-0.237226
2.06369
-2.44482
1.64566
-0.401662
-1.02394
1.10341
0.354257
-1.58904
1.98377
-1.81579
1.13389
-0.551303
0.263582
0.28404
-0.63745
-0.197781
1.39279
-1.57847
1.60701
-1.56945
0.690638
0.0687752
-0.320471
0.625682
-0.548944
-0.51513
1.63269
-2.19226
2.20513
-1.06736
-0.662221
1.41637
-0.528109
-0.726531
1.08219
-0.864128
0.559948
-0.760254
1.56306
-1.56973
0.423834
0.268853
-0.436686
0.648
-0.0526146
-0.974986
1.30079
-1.3242
1.24146
-0.88453
0.921826
-0.47539
-1.14464
1.78241
-0.282884
-1.4484
1.98709
-2.08499
1.50093
-0.338839
0.146017
-0.339667
0.00805423
0.0736107
0.30238
-0.59198
1.08704
-1.5158
1.07661
-0.54582
0.565477
-0.8912
1.0289
-0.239068
-0.928004
1.1329
-0.134955
-1.58571
3.02972
-3.12302
1.6655
0.550699
-1.85656
1.68985
-0.895038
-0.356616
2.14382
-3.26145
2.81449
-1.45366
-0.41892
1.72436
-1.41519
0.363813
0.582257
-1.20032
1.5416
-1.64614
1.59666
-1.23895
0.203359
0.918872
-1.41774
0.907663
0.652255
-1.99154
1.86703
-1.00738
0.379382
0.060069
0.155117
-0.848098
0.634717
0.344606
-0.997114
0.851256
0.544469
-2.20061
2.62859
-2.04582
0.715906
0.906227
-1.63513
1.18927
0.0448738
-1.69138
2.57467
-2.01955
0.987865
-0.25407
-0.0286815
0.268558
-0.772799
0.641861
0.463868
-1.53572
1.96603
-1.83223
1.28498
-0.586195
-0.223053
1.043
-1.17399
-0.0130014
1.63175
-2.29747
2.05453
-1.124
-0.164517
0.740702
-0.287035
-0.314808
0.601756
-0.773808
0.912382
-1.17801
0.908045
-0.122418
-0.0599653
-0.0775027
0.39057
-1.02454
0.846497
0.278132
-0.742219
0.0371005
1.14209
-2.15285
2.15727
-0.86596
-1.04185
2.09354
-1.22832
-0.670371
2.07868
-2.38354
1.40251
0.109266
-0.553526
-0.156681
0.670091
-0.329574
-0.0737021
0.0653056
0.0817584
-0.688565
1.51133
-1.67453
1.15683
-0.490543
-0.227092
0.856013
-0.998341
0.443003
0.828584
-2.03723
2.57851
-2.11902
0.484705
0.908157
-1.04564
0.627772
0.12837
-1.18867
1.62639
-1.40235
1.0226
-0.645179
0.680889
-0.686056
0.0337204
0.684443
-0.943053
0.489049
1.08562
-2.58991
2.49584
-1.34032
0.0119952
1.12229
-1.36595
0.454454
0.331781
-0.496496
1.04602
-1.65348
1.55031
-1.06053
0.299681
0.810373
-1.16633
0.485421
0.175462
-0.834859
1.41457
-1.55094
1.40583
-0.910311
-0.0393577
0.992005
-1.16842
0.394931
0.762313
-1.71271
2.11936
-1.48769
0.266588
0.456652
-0.695494
0.340539
0.508399
-0.726601
0.446391
-0.623936
0.769531
-0.770475
1.09188
-0.924248
0.13247
0.410969
-0.625979
0.620309
0.298514
-1.95096
2.61546
-1.75598
0.32255
1.09605
-1.72617
0.635728
1.09895
-1.96096
1.96503
-1.08543
-0.178413
0.638388
-0.299424
-0.219535
0.7359
-0.895487
0.680969
-0.551342
0.513744
-0.434609
0.26744
-0.207711
0.199637
-0.1721
0.533124
-0.845244
0.556192
-0.370029
0.585662
-0.441929
0.233921
-0.324572
0.0981617
0.0251827
0.436999
-0.953075
1.0602
-0.663677
-0.0623493
0.575398
-0.200936
-0.811707
1.31635
-0.989288
0.438379
0.179759
-0.604024
0.321735
0.39516
-1.09378
1.4688
-1.03693
0.0921686
0.490056
-0.520997
-0.0965826
0.988121
-1.28347
0.994528
-0.450867
-0.0106366
0.144221
0.111082
-0.789519
1.3255
-1.09513
0.354732
0.28515
-0.428361
-0.096258
0.728033
-0.941667
0.967107
-0.753218
0.31779
-0.0635685
-0.142551
0.168212
0.332821
-0.785616
0.914377
-0.848346
0.612875
-0.365997
0.0384015
0.120129
0.0998051
-0.377235
0.602286
-0.886844
0.846406
-0.351111
0.0917134
-0.186699
0.341562
-0.390973
0.349125
-0.297114
0.134139
-0.140576
0.319359
-0.340476
0.496542
-0.918264
0.90205
-0.241951
-0.409072
0.534971
-0.0550371
-0.596312
1.05636
-1.10696
0.634869
-0.143287
0.000892112
0.00463368
0.223906
-0.666518
0.736005
-0.554265
0.356047
-0.151431
0.238262
-0.491371
0.786245
-0.931356
0.529196
-0.0121264
0.00582204
-0.0847665
0.164312
-0.723935
1.17621
-0.961894
0.396256
0.0613487
-0.262756
0.152959
0.359713
-0.784416
0.633917
-0.304398
0.264304
-0.35364
0.542799
-0.780307
0.665008
-0.0679562
-0.580406
0.557782
0.198698
-1.147
1.73117
-1.43875
0.280066
0.629665
-0.560978
0.179284
0.177192
-0.468372
0.64548
-0.763187
0.660695
-0.517089
0.382337
-0.0719725
-0.173701
0.156979
-0.098758
-0.232814
0.900561
-1.14638
0.895936
-0.556405
0.211664
0.0771883
-0.195568
0.0671097
0.284809
-0.59554
0.743042
-0.861442
0.742981
-0.396408
0.0957585
0.0240666
0.0570759
-0.293047
0.582915
-0.448062
0.0563881
-0.219581
0.768845
-0.987774
0.915341
-0.528014
-0.312848
0.738732
-0.378724
-0.301817
1.03941
-1.41189
1.19882
-0.610582
-0.0731795
0.48858
-0.510355
0.204862
0.462814
-0.988278
1.00837
-0.867693
0.538049
-0.0543676
-0.119245
0.114296
-0.11482
-0.277982
0.639799
-0.507311
0.390375
-0.373356
0.319069
-0.353355
0.429487
-0.249258
-0.0567731
0.195591
-0.250798
-0.05866
0.693978
-1.04392
1.03122
-0.971404
0.537927
0.36519
-0.786049
0.525107
0.134701
-1.05022
1.43083
-1.08469
0.674738
-0.280121
-0.269257
0.592407
-0.272794
-0.408088
0.851279
-1.05576
0.989198
-0.414168
-0.105226
0.0385548
0.177807
-0.352821
0.605531
-0.448366
0.134567
-0.143992
0.0856138
-0.211557
0.768062
-1.04486
0.691783
-0.136226
-0.369764
0.638957
-0.238478
-0.589963
1.1131
-1.1484
0.838222
-0.201725
-0.325458
0.387907
-0.289328
0.0261051
0.507906
-0.893444
0.982112
-0.788003
0.182354
0.222074
-0.163959
0.148743
-0.0601662
-0.213374
0.558704
-0.944032
1.00011
-0.517539
-0.0721324
0.407101
-0.318743
-0.18356
0.538192
-0.635003
0.688132
-0.60342
0.51108
-0.436615
0.122972
0.237852
-0.210099
-0.148066
0.583875
-0.811602
0.828512
-0.75037
0.460626
-0.124169
-0.18599
0.355943
-0.0787775
-0.579109
1.08916
-0.97119
0.451192
-0.071869
-0.104138
0.203908
0.0537416
-0.389243
0.4293
-0.615641
0.760948
-0.436011
-0.00967374
0.213024
-0.0899551
-0.294309
0.551639
-0.588975
0.507018
-0.209309
0.128018
-0.285999
0.153623
0.00358004
0.124417
-0.245421
0.36037
-0.574495
0.66134
-0.489108
0.0662436
0.184856
-0.0903556
-0.0694146
0.320407
-0.604801
0.75177
-0.660209
0.348814
0.0710827
-0.272289
0.0907471
0.204965
-0.466551
0.610639
-0.680966
0.54538
-0.274331
0.15512
0.0584068
-0.231609
0.0400458
0.258135
-0.532426
0.87154
-0.929744
0.614815
-0.249612
-0.0924518
0.211337
-0.122062
-0.00287044
0.299845
-0.643481
0.799513
-0.885598
0.732205
-0.201481
-0.194695
0.320592
-0.310706
0.0797041
0.386365
-0.825683
0.886208
-0.775933
0.651064
-0.249104
-0.274811
0.473265
-0.360363
-0.00245856
0.544246
-0.85781
0.891302
-0.669062
0.267834
-0.0143592
-0.172314
0.318334
-0.150494
-0.139723
0.332092
-0.537022
0.597598
-0.534363
0.493817
-0.359861
0.0489157
0.35008
-0.393918
0.0226014
0.278406
-0.587133
1.01563
-0.908706
0.372103
-0.0478266
-0.237952
0.354222
-0.12809
-0.115621
0.392194
-0.746782
0.870963
-0.635831
0.295874
-0.0164092
-0.14546
0.105261
0.21393
-0.575181
0.643694
-0.534182
0.369767
-0.254946
0.27346
-0.226751
0.165189
-0.233466
0.159235
-0.102097
0.319436
-0.357715
0.24896
-0.362946
0.533477
-0.493316
0.234099
0.108112
-0.34053
0.166539
0.423615
-0.895759
0.739644
-0.320407
0.0603925
0.13883
-0.0638066
-0.155283
0.170958
-0.219319
0.289817
-0.230029
0.267561
-0.358022
0.355525
-0.299617
0.141891
0.0263131
-0.13565
0.086857
0.241183
-0.571417
0.631199
-0.570875
0.427788
-0.120084
-0.136359
0.315946
-0.20585
-0.286899
0.626201
-0.756127
0.755964
-0.433532
-0.0124028
0.176157
-0.0977422
-0.0262659
0.245665
-0.484595
0.545852
-0.519642
0.618772
-0.490643
0.0639442
0.101054
-0.0686363
0.0548901
0.160448
-0.482365
0.681092
-0.794462
0.554171
-0.0123787
-0.315605
0.328923
-0.0382696
-0.341005
0.528393
-0.532848
0.42553
-0.328145
0.315903
-0.167709
-0.0891124
0.0915049
-0.0484592
-0.0374175
0.355171
-0.56806
0.587892
-0.469075
0.24205
-0.0579155
-0.113196
0.253481
-0.069496
-0.2815
0.440899
-0.499564
0.463617
-0.280292
0.0536412
0.00172718
0.115408
-0.197371
0.282527
-0.325865
0.132918
-0.000153778
0.16813
-0.230423
0.284553
-0.48849
0.485751
-0.258784
-0.0462415
0.164282
0.0287819
-0.290565
0.46554
-0.553305
0.381255
-0.197729
0.394539
-0.394665
0.117503
0.0167293
-0.0838513
-0.0373843
0.357959
-0.593245
0.6006
-0.407348
0.132703
-0.00733086
0.0118322
-0.049186
0.18975
-0.304225
0.367317
-0.397807
0.310701
-0.164689
0.0861061
-0.110662
0.16912
-0.153845
0.12983
-0.168544
0.142394
-0.211073
0.315954
-0.249174
0.236687
-0.227886
0.129626
-0.0851517
0.0413397
-0.0272754
0.177625
-0.257628
0.262053
-0.335532
0.228511
-0.135017
0.176636
-0.11153
0.117784
-0.164451
0.0770959
-0.144698
0.340908
-0.403908
0.400595
-0.246182
0.0459827
-0.013149
0.040921
-0.17286
0.385991
-0.45423
0.368011
-0.248452
0.150405
-0.172264
0.230555
-0.244718
0.242499
-0.177751
0.184844
-0.188073
0.168578
-0.292657
0.33931
-0.283663
0.292466
-0.172327
-0.0164986
0.0105149
0.0256569
-0.139739
0.397219
-0.568851
0.625482
-0.35361
-0.183145
0.346424
-0.151801
-0.0378206
0.367557
-0.587013
0.48082
-0.344396
0.0975164
0.149748
-0.176226
0.0825048
0.137116
-0.407409
0.494012
-0.406736
0.291874
-0.0742521
-0.18115
0.257643
-0.0309049
-0.363189
0.641376
-0.688414
0.342443
0.149007
-0.247171
0.0740358
0.124008
-0.397017
0.472691
-0.327309
0.217046
-0.0439758
-0.019319
-0.124343
0.277148
-0.411822
0.442588
-0.306128
0.119181
0.074589
-0.143908
-0.114177
0.344721
-0.507492
0.689421
-0.424587
-0.00306461
0.183674
-0.218748
0.00936929
0.323814
-0.415861
0.37901
-0.344807
0.217262
-0.181037
0.194269
-0.0917589
-0.0501645
0.0877941
0.0593789
-0.297728
0.513001
-0.486816
0.193691
-0.0300845
0.0952399
0.00663499
-0.0776473
-0.120648
0.132365
-0.0969373
0.240469
-0.32465
0.328916
-0.262009
0.106354
0.0661569
-0.146624
-0.0266522
0.323947
-0.315337
0.192893
-0.212834
0.167599
-0.180675
0.240048
-0.123288
0.00138363
0.00908423
0.0452067
-0.219702
0.277472
-0.22717
0.335456
-0.327705
0.195792
-0.143188
0.0511841
0.028334
0.122309
-0.386085
0.447927
-0.324101
0.240921
-0.200778
0.00877435
0.0684172
0.0483973
-0.05983
0.221112
-0.501803
0.500771
-0.264773
0.0478437
0.0430937
-0.00184103
-0.103747
0.238309
-0.330639
0.201885
-0.0980845
0.132493
-0.13855
0.252095
-0.360174
0.244803
-0.0140604
-0.18984
0.144428
0.179673
-0.306151
0.244071
-0.248781
0.155009
-0.0669996
0.0503543
-0.00310603
0.00260179
-0.071147
0.132266
-0.209477
0.274431
-0.276386
0.260234
-0.106929
-0.0247908
0.00388249
0.0704025
-0.293865
0.392543
-0.172176
0.00886182
-0.0814984
0.24181
-0.351383
0.269921
-0.0875947
-0.0249029
0.0316334
0.144256
-0.285202
0.248356
-0.236246
0.22429
-0.208956
0.32531
-0.262516
-0.0785367
0.240011
-0.113866
-0.269091
0.627684
-0.601877
0.399366
-0.134464
-0.130456
0.168348
-0.0666453
-0.0125845
0.207735
-0.42502
0.470652
-0.401805
0.219082
-0.030598
-0.171763
0.331069
-0.176373
-0.106364
0.292549
-0.517785
0.591055
-0.296406
-0.0514572
0.282871
-0.349957
0.190128
0.119016
-0.41276
0.449882
-0.353668
0.28474
-0.111779
-0.0945482
0.127975
-0.0726746
-0.0619176
0.262334
-0.279726
0.250977
-0.21973
0.133329
-0.164032
0.119471
0.0352666
0.0385698
-0.229892
0.269649
-0.237646
0.114148
-0.0138768
0.0778566
-0.120368
0.140141
-0.171977
0.217377
-0.32483
0.297064
-0.0813018
-0.0137999
0.0240756
-0.00134165
-0.173444
0.28076
-0.320474
0.337143
-0.257527
0.142011
-0.0353997
-0.0563554
0.127578
-0.016128
-0.234529
0.375052
-0.312726
0.228295
-0.152116
0.00418771
-0.0177481
0.0426453
0.00819037
0.0976933
-0.157957
0.122445
-0.220036
0.230835
-0.0936407
0.127309
-0.167746
0.0992614
-0.00786517
-0.0734249
-0.0145049
0.166975
-0.224182
0.251355
-0.259021
0.160228
-0.0332321
-0.0541857
0.0095029
0.126739
-0.104147
0.123549
-0.218045
0.179653
-0.136156
0.102896
-0.0013671
-0.0135489
-0.102585
0.142373
-0.12392
0.154689
-0.209746
0.144564
-0.0551524
0.160391
-0.192342
0.118918
-0.133019
0.0994502
-0.0966039
0.237482
-0.231477
0.132783
-0.123472
0.0347107
-0.0767668
0.252184
-0.245018
0.142996
-0.0283297
-0.0279351
-0.109737
0.233243
-0.183719
0.151917
-0.0932879
0.0182837
-0.00226501
0.0115836
-0.172866
0.302868
-0.255895
0.170873
-0.0203602
-0.149796
0.0936192
0.0713846
-0.142751
0.292335
-0.402724
0.284054
-0.0517195
-0.115163
0.169484
-0.168697
-0.0156272
0.314282
-0.398683
0.28617
-0.153466
-0.0459916
0.132371
-0.0157529
-0.0505401
0.0426933
-0.0107857
0.109871
-0.338345
0.38198
-0.237401
0.0722806
0.118668
-0.145689
-0.0816562
0.166073
-0.14073
0.191345
-0.202418
0.246959
-0.258798
0.17884
-0.114706
-0.020686
0.125654
0.0109469
-0.101722
0.0903248
-0.195454
0.259191
-0.256908
0.276896
-0.231914
-0.00130824
0.276706
-0.286565
0.0433004
0.197246
-0.415424
0.609006
-0.421545
0.0345543
0.181413
-0.313533
0.266143
0.014748
-0.316193
0.395561
-0.280585
0.211488
-0.140386
-0.0635443
0.124002
-0.018266
0.0335066
0.0131069
-0.137976
0.205535
-0.283479
0.246495
-0.107636
0.0580509
0.0100679
-0.105788
0.0565874
-0.0434403
-0.0649214
0.3572
-0.40166
0.23452
-0.0880779
-0.058043
0.167181
-0.0997041
-0.0703038
0.166548
-0.213402
0.314207
-0.339091
0.111089
0.0523014
-0.0842699
0.169183
-0.0952947
-0.124304
0.262385
-0.304949
0.286385
-0.192506
0.0106407
0.16609
-0.104872
-0.0254082
0.00768647
-0.0722862
0.203293
-0.292938
0.365419
-0.268781
-0.00212092
0.137678
-0.132723
0.0414283
0.160971
-0.191994
0.200852
-0.274038
0.175068
-0.0661668
0.0319344
0.0397251
-0.0770469
-0.0166653
0.0810309
-0.0953012
0.150142
-0.183948
0.12263
-0.0332368
0.0724536
-0.0726998
-0.00248754
-0.0102524
0.0109733
0.0172422
0.0864663
-0.237473
0.27352
-0.199588
-0.00633138
0.142899
-0.122558
-0.000657258
0.207926
-0.247186
0.162435
-0.143662
0.119318
-0.0359745
0.00146224
-0.00705732
0.0416119
-0.105569
0.0846227
-0.125978
0.152622
-0.0632865
0.0676406
-0.0572106
0.000914764
-0.0945991
0.118673
0.0387658
-0.0140972
-0.128536
0.183357
-0.191616
0.124651
-0.0243385
-0.0153604
-0.0512441
0.113222
-0.114995
0.108088
-0.100655
0.0468101
0.00196929
0.0183711
-0.0417044
0.136765
-0.15416
0.0703998
-0.0977535
0.0722449
0.0243404
-0.0365067
0.0613227
-0.0820075
-0.0661909
0.208408
-0.261356
0.221706
0.000886883
-0.129656
0.0719928
0.0411313
-0.152043
0.157714
-0.0954763
0.0867289
-0.0986666
0.127298
-0.172171
0.0650124
0.061604
-0.0606338
0.0234802
0.0580743
-0.175582
0.246922
-0.215487
0.1086
0.0377677
-0.151386
0.178261
-0.030016
-0.174909
0.225298
-0.228803
0.127953
0.00755279
0.00935319
-0.0315945
-0.0132571
0.0303338
0.0236841
-0.0959526
0.132503
-0.101639
0.103218
-0.137396
0.106577
-0.0390419
-0.0899515
0.115869
0.0891608
-0.22457
0.197223
-0.147954
-0.030573
0.160579
-0.107528
0.0676273
0.0832938
-0.26481
0.237801
-0.13702
0.0406068
0.15984
-0.255043
0.0735572
0.135231
-0.25546
0.242375
-0.150701
0.035965
0.0518165
0.0252036
-0.105508
0.0979929
-0.0692347
0.0407991
-0.0382778
0.0754824
-0.0913037
0.0907957
-0.108929
0.0411745
0.0494642
-0.106489
0.0670458
0.0854703
-0.164768
0.158949
-0.110637
0.00715608
0.0529163
-0.0527364
0.0792575
0.0312034
-0.173286
0.138278
-0.127783
0.0924617
-0.000969234
-0.00171848
-0.0144029
-0.00609195
-0.0370085
0.105435
-0.104531
0.0578511
0.0168298
0.0193824
-0.0903441
0.111036
-0.132204
0.00948893
0.120631
-0.032213
-0.087582
0.0965087
-0.113541
0.0682341
-0.0104416
0.0575499
-0.0577931
-0.00503256
0.0525904
-0.0135223
-0.0235269
0.0297525
-0.119069
0.162615
-0.0811922
0.0543105
-0.0378076
-0.11057
0.0783405
0.0845296
-0.111503
0.135899
-0.0857854
-0.0361078
0.0647019
-0.0416698
0.00551576
0.0599636
-0.0441841
0.0308653
-0.0935178
0.0454974
0.0233556
-0.040422
0.0265209
0.059325
-0.122486
0.107526
-0.0901642
0.0545531
-0.0042943
0.0261514
0.0104451
-0.0253121
-0.0605763
0.109913
-0.132734
0.108563
-0.0682639
0.00530987
0.0179909
0.0470777
-0.0430051
-0.00501048
-0.0554039
0.0804636
0.0327993
0.0148215
-0.146015
0.131001
-0.0621679
-0.0675418
0.165451
-0.0945765
-0.00546274
0.060016
-0.120376
0.0977232
-0.0695618
0.0318568
0.0906932
-0.113268
0.0480308
0.0315497
-0.0854139
0.0690604
-0.0705446
0.0891112
-0.0264791
0.0187562
-0.0790858
-0.0140131
0.0810228
-0.0728922
0.0681653
0.0561113
-0.154818
0.0923381
-0.00964264
-0.0173122
0.0593111
-0.0428365
-0.0148698
0.038109
-0.0448407
0.0566369
-0.0981001
0.0745575
-0.0639916
0.0570482
0.00768373
0.0477752
-0.103573
-0.00946858
0.0381853
0.0400721
-0.0098697
0.0662509
-0.139025
0.0704705
-0.0565583
0.0108894
0.101873
-0.117525
0.0535858
0.0312433
-0.141266
0.147449
-0.0533272
-0.0367181
0.122663
-0.103605
0.0281229
0.0777415
-0.133421
-0.00807726
0.0668355
0.0604879
-0.04209
-0.0659201
0.0373477
-0.0375592
0.0295822
0.063844
-0.0809131
0.0199345
0.0328325
-0.00958343
-0.073352
0.14051
-0.114756
-0.00769706
0.145283
-0.130192
0.00607387
0.0627424
-0.101042
0.0178937
0.0198637
0.0785674
-0.0442647
-0.0386473
0.0564223
-0.11729
0.0970634
0.118271
-0.207174
0.0970931
0.0242619
-0.0881206
0.014254
0.0619661
-0.0625446
0.0531967
-0.0357627
0.0408295
-0.0364549
-0.0626023
0.0859402
-0.0252079
0.0702544
-0.0515746
0.0106666
-0.0177222
-0.0444561
0.0897405
-0.0661246
0.021273
0.0326721
-0.116779
0.107091
-0.0112281
-0.0916046
0.137359
-0.0795115
0.0457037
-0.0107144
0.00397069
0.0192979
-0.103597
0.0521949
0.0384296
-0.0227276
0.027639
0.0130703
-0.120582