
141.65
143.175
142.667
139.867
147.428
186.063
253.84
316.421
355.311
382.723
404.311
410.532
403.538
378.799
316.567
227.779
185.843
243.297
326.156
385.459
423.916
448.945
438.821
384.755
316.836
250.232
167.774
79.5847
49.7742
71.0506
58.6382
75.4673
186.399
268.668
258.486
190.575
163.074
130.893
36.6837
96.3165
127.813
79.4698
188.022
339.137
419.692
425.254
384.067
308.177
202.391
120.688
162.318
224.54
240.715
229.759
238.505
271.764
291.571
268.945
194.641
113.434
187.889
311.303
376.891
366.463
299.873
223.112
196.559
214.143
212.833
171.258
106.598
67.4129
96.1225
119.288
105.156
85.1637
121.621
177.967
208.439
195.061
137.817
91.4931
165.544
250.177
268.681
212.585
133.2
122.944
155.409
166.073
159.09
156.165
169.634
190.492
202.405
199.771
181.291
140.195
78.1618
43.207
91.1439
135.68
165.053
187.706
206.004
210.18
186.234
138.539
117.448
153.312
188.371
199.776
202.318
209.988
212.868
196.316
167.348
149.784
145.82
135.147
112.421
85.4849
59.1987
34.6994
33.7922
60.9206
77.653
75.2807
74.7234
92.6393
107.87
104.541
93.6127
104.927
131.497
137.889
108.176
55.3209
47.2709
88.728
111.466
111.013
103.196
110.828
129.972
137.469
127.168
111.155
96.931
77.0703
45.1593
5.33586
47.6732
93.7888
124.72
128.577
102.601
58.8494
23.5047
26.2813
33.2909
34.0757
28.3052
41.9369
80.0604
106.132
102.274
74.3948
45.8605
34.5477
27.9047
17.7001
11.2829
20.8131
37.7797
49.6572
51.0053
43.5617
31.0694
23.2515
32.5592
41.8138
40.7378
31.2816
28.084
49.1668
72.8956
78.4415
58.6686
28.5528
47.6058
85.3805
111.922
121.908
113.061
87.4149
59.0863
58.2982
78.5003
90.1698
84.7962
64.7332
37.9154
14.052
3.24676
16.8218
29.3052
35.7034
36.0302
37.6113
44.5195
54.5915
67.2677
83.1626
98.626
104.638
93.0161
64.4239
34.5788
33.4843
41.3202
32.1145
3.58721
39.3031
81.3365
106.492
107.632
95.2336
89.0813
91.8235
90.6603
80.2468
65.6704
62.285
80.862
108.894
131.178
138.41
129.667
113.545
101.634
97.3083
94.5084
87.513
77.1798
71.4285
76.0412
84.6245
88.1003
82.3249
67.878
51.5437
46.575
52.2829
51.7687
38.3111
24.9117
41.1971
64.8237
77.9965
76.6507
63.9018
50.1753
46.2223
46.6259
41.8035
32.522
26.465
29.3017
33.3483
29.941
20.3125
19.1184
27.2936
30.98
29.875
29.6165
32.8215
35.4896
32.5296
23.3452
12.0279
6.5961
12.8263
21.2181
29.711
38.1157
47.1495
56.288
63.3928
66.9593
66.6424
62.2022
53.8996
43.7044
32.8109
19.0701
7.48795
23.2451
38.6539
46.1279
46.2536
43.9415
45.6044
52.8736
60.0211
61.6744
58.4101
54.1355
50.22
45.7201
40.785
36.5857
33.76
31.1995
26.8364
20.5822
14.9883
12.3039
11.9813
11.3148
9.42648
8.75667
8.86157
7.77187
7.80102
10.3811
12.9831
14.257
14.1596
14.0422
15.5223
17.7292
20.0602
22.4096
23.1284
21.5226
18.9023
15.69
10.4373
3.76711
4.82839
7.48047
9.00323
11.7199
13.1869
13.5687
15.6917
18.6244
19.7566
18.6432
17.0521
18.0825
22.6251
27.3647
29.5148
29.2926
28.9687
30.2197
32.4872
34.2742
33.7903
29.6042
23.0094
18.2746
17.553
17.6966
15.3013
9.62572
7.69666
14.2246
18.6274
18.4473
15.7467
14.0464
15.0787
17.0582
17.1475
14.2597
9.51769
5.19026
3.42679
4.86699
7.87263
10.9554
13.467
14.3525
12.4567
8.18896
3.82406
5.16439
10.0409
15.7606
22.5473
29.8216
35.8426
38.8342
38.505
36.5689
35.1547
34.6735
33.8882
31.4432
28.1207
28.7352
34.4263
37.9382
34.5682
26.1795
18.2686
15.6298
17.293
17.5659
12.3443
1.82931
10.0512
17.6176
18.6345
14.5292
8.86469
5.25
4.78245
5.93569
8.93566
13.3358
16.739
17.8365
18.5046
20.041
20.0893
16.9627
11.7303
7.51943
8.64751
12.1734
15.0611
19.0174
24.7033
29.1687
30.1641
28.1896
25.4236
24.0191
24.2214
23.5601
19.5027
12.6814
7.61892
7.76219
8.84387
9.19414
8.55443
6.73033
4.66507
3.10496
2.47028
4.21895
5.81682
6.12605
5.778
5.23741
4.49268
3.99618
4.22463
4.41776
3.79163
2.5084
1.46965
1.35958
1.315
1.48325
2.1756
2.64058
2.56276
2.20427
1.94856
2.49813
3.77383
5.0926
6.21288
6.87006
6.64164
5.52413
4.35458
4.02934
4.60861
5.99038
7.44132
7.71709
6.48366
5.01226
4.6708
5.43163
6.66346
6.93076
5.34137
2.61024
0.797283
0.870475
0.855954
1.41065
1.74223
2.74659
4.18778
5.15435
5.19075
4.66683
5.05985
6.38214
7.253
7.22395
6.54156
5.81131
6.0581
7.7736
9.67155
10.1167
8.68852
6.36034
4.67231
4.64534
5.96669
7.11537
6.72711
5.04265
3.93104
4.24066
4.56848
4.64041
4.92872
5.62519
6.99241
8.14072
7.83621
6.30925
4.84303
4.25225
4.33784
4.39634
4.26827
4.93064
5.86807
5.54876
4.04904
2.78104
2.59906
3.05964
3.14555
2.55969
3.6596
6.11095
8.00792
9.03644
9.53469
9.63014
9.30736
8.9265
8.73786
8.66308
8.58293
8.36769
8.02429
7.43053
6.5321
5.60573
4.89999
4.47511
4.69406
5.71167
6.52196
6.60256
6.30383
5.86346
5.36238
5.19977
5.71711
6.40463
6.31059
4.99678
2.89505
1.01978
1.60212
2.90971
3.4415
2.90686
1.9258
1.71179
2.28274
2.67748
2.23568
1.45269
1.50208
1.48997
1.94767
2.89999
3.18336
2.97005
3.02373
2.91122
2.74958
3.82953
5.11258
5.5631
5.30106
4.79765
4.41806
4.24554
4.23144
4.86143
6.19156
7.16594
7.30285
7.31033
7.96988
9.28293
10.9392
12.3604
13.1388
13.3503
12.984
11.9189
10.4852
9.32789
8.69292
8.40079
8.23014
7.86805
6.96951
5.39699
3.6125
2.54344
2.8488
4.10568
4.98738
4.71655
3.50912
1.95174
0.841443
2.42025
4.00506
4.5847
4.50746
4.82857
5.96087
7.57708
8.88218
9.01899
7.95073
6.54074
5.74352
5.72681
5.83853
5.18168
3.39056
1.655
2.21561
2.77233
2.68378
2.25719
1.44073
0.596424
0.425239
0.511866
2.11615
3.55087
3.92056
3.36079
2.89458
3.05472
3.34623
3.74221
4.0642
4.05317
4.72423
6.26964
7.12645
6.66889
5.71103
5.42786
6.15502
7.22323
7.61405
6.78102
5.09967
3.59779
3.20218
3.63354
3.57955
2.47337
0.809332
0.649981
1.37731
1.43362
1.08364
0.568834
1.95081
3.38952
3.68221
2.93232
2.08502
1.80041
2.27246
3.34244
4.16641
4.44553
4.49348
4.17413
3.25178
2.21647
1.76903
2.01669
2.66909
3.37038
3.79966
3.73466
3.38374
3.28879
3.49256
3.88874
4.55485
5.2073
5.41481
5.03952
4.13739
2.88233
1.7942
1.17474
0.728252
0.521665
1.20187
2.47955
3.72561
4.56133
4.8224
4.68782
4.42595
4.0679
3.81808
4.06209
4.92319
6.06434
6.80403
6.67316
5.8657
4.96542
4.25567
3.76478
3.59232
3.69834
4.01717
4.4046
4.57489
4.44429
3.94394
3.09815
2.36239
2.14073
2.35495
2.5208
2.43614
2.50583
2.85143
2.99615
2.68399
2.22
1.9301
1.91176
2.37485
3.27208
4.1257
4.40856
4.15872
3.84245
3.55727
3.22109
3.15323
3.36948
3.39118
3.11285
2.68216
1.89607
0.725634
1.28214
2.0866
1.94663
1.2041
0.646472
0.970157
1.94943
2.87439
3.12972
2.75027
2.17835
1.7315
1.73186
2.28951
3.0386
3.43763
3.2596
2.81109
2.46184
2.29279
2.58458
3.39115
4.09238
4.20975
3.66358
2.6627
1.55266
0.793148
0.915184
1.0915
1.03032
1.67443
2.55021
2.83304
2.55135
1.98028
1.33558
1.22246
1.9127
2.70656
2.97353
2.55694
1.75221
0.964158
0.626006
1.18365
1.89509
2.0207
1.44553
0.590417
0.162699
0.769964
1.35447
1.74419
1.53661
1.14109
1.79503
2.39686
2.39573
2.1912
1.92463
1.44462
1.20395
1.67891
2.31101
2.64608
2.42767
1.69427
0.974938
0.610494
0.314392
0.655365
0.863583
0.877791
1.06154
1.3361
1.27165
0.880535
0.908158
0.958863
0.85086
1.54599
2.30936
2.52121
2.36524
2.13962
1.67204
1.21317
1.44498
1.80329
1.98472
2.03792
1.8038
1.3906
1.18942
1.00289
0.637701
0.975975
1.52434
1.58808
1.69074
2.01934
1.8938
1.37109
0.975946
0.765099
0.770708
1.30024
1.80464
2.19533
2.58915
2.66955
2.25536
1.52008
0.9623
1.0188
1.0822
0.947029
0.639044
0.768675
1.56876
2.04101
1.8007
1.17877
0.824919
0.64895
0.819009
1.20157
1.30274
1.35926
1.45334
1.27937
1.38348
1.86171
1.96901
1.82129
1.90622
2.04617
2.02523
2.14338
2.11199
1.46199
0.703316
0.739605
0.614977
0.106856
0.373545
0.658491
1.13058
1.54826
1.43313
0.956332
0.724836
1.00023
1.4538
1.62196
1.3859
1.20785
1.62041
2.38135
3.07375
3.46897
3.49951
3.089
2.34686
1.70547
1.58346
2.04237
2.7631
3.26199
3.33584
3.21765
2.9127
2.22457
1.44272
1.06845
1.1441
1.34276
1.54509
1.70508
1.88047
2.1089
2.1092
1.80909
1.45927
1.38146
1.72972
2.08382
2.03154
1.64202
1.25412
0.775611
0.204111
0.908805
1.31252
1.23579
1.05684
1.26679
1.90867
2.46696
2.66793
2.7015
2.61606
2.24485
1.72871
1.48773
1.76249
2.28498
2.57566
2.40469
1.96007
1.46383
1.06653
0.955203
0.877526
0.940378
1.36223
1.7511
1.9664
2.04072
1.96262
1.80733
1.63576
1.3991
1.25736
1.57473
2.05434
2.29748
2.37166
2.28089
1.8282
1.05482
0.303209
0.368316
0.604515
0.778157
0.931208
1.2803
1.47185
1.11363
0.545072
0.249083
0.394431
1.04684
1.41254
1.21245
0.745194
0.875354
1.50186
2.15496
2.59579
2.72005
2.53579
2.14942
1.9041
2.0222
2.28159
2.46189
2.33571
1.71918
0.759857
0.18402
0.740117
0.789183
0.448389
0.0854695
0.343647
0.964557
1.53728
1.7974
1.74787
1.58901
1.4178
1.17032
1.01257
1.24731
1.76564
2.23324
2.60172
2.81609
2.57469
1.86255
1.10765
0.76621
1.00557
1.44784
1.62666
1.55026
1.40369
1.11623
1.03145
1.3279
1.39479
1.14869
0.94322
1.22818
1.98444
2.6365
2.81789
2.648
2.36078
1.95416
1.37869
0.851706
0.634294
0.670163
1.17432
1.65566
1.81395
1.82166
1.85403
1.67832
1.18618
0.773119
0.788739
1.12051
1.43973
1.59963
1.72688
1.82399
1.76652
1.49628
1.17362
1.14663
1.44454
1.83102
2.17388
2.21845
1.8288
1.28804
0.831142
0.481578
0.657209
0.742136
0.489695
0.624831
0.805116
0.808663
1.18365
1.46935
1.31992
0.951081
0.694099
0.811936
1.46732
2.24531
2.67608
2.65885
2.41771
2.10584
1.73074
1.58027
1.77511
1.9866
2.15519
2.11028
1.64469
0.919789
0.301753
0.356893
0.749114
0.948862
0.87646
0.774672
0.762802
0.76031
0.65555
0.492091
0.424097
0.230377
0.53429
0.908852
0.85542
0.568982
0.730946
0.814203
0.573427
0.587005
0.545214
0.103263
0.487018
0.954125
1.22938
1.29771
1.13079
0.725506
0.499893
0.977822
1.34056
1.36951
1.25219
1.07515
0.732121
0.482404
0.745544
1.15625
1.51805
1.6163
1.34569
0.895161
0.522109
0.663397
1.09684
1.30929
1.2959
1.10786
0.74981
0.30858
0.246623
0.861957
1.34787
1.50835
1.34167
0.966399
0.466881
0.368643
0.760512
0.957126
1.0963
1.16247
0.994613
0.755379
0.549674
0.171584
0.437257
0.787578
0.958265
1.04573
1.00537
0.928139
0.762641
0.390395
0.11149
0.37725
0.603355
0.920936
1.12807
0.970417
0.599524
0.403776
0.474562
0.575137
0.580557
0.588791
0.476028
0.263814
0.364181
0.3887
0.498025
0.94656
1.26067
1.22865
0.93349
0.544114
0.452
0.753797
1.05875
1.23818
1.14812
0.820521
0.492761
0.220132
0.238858
0.666518
0.828285
0.777696
0.686189
0.437197
0.271535
0.493427
0.800496
1.09822
1.11578
0.764203
0.362794
0.244041
0.181993
0.759572
1.2135
1.34477
1.20717
0.916908
0.572142
0.154741
0.413638
0.79784
0.859764
0.636843
0.44444
0.436948
0.583586
0.900593
1.13258
1.13931
0.888746
0.604321
0.815438
1.30115
1.749
1.99097
1.84499
1.28932
0.62689
0.189996
0.242553
0.47418
0.649643
0.826676
0.871701
0.835072
0.858971
0.793478
0.543146
0.264353
0.112224
0.478717
0.953432
1.18625
1.16915
1.07205
0.929743
0.70896
0.411493
0.0671688
0.330535
0.597403
0.754696
0.941983
1.04202
0.947087
0.733097
0.453331
0.208019
0.298198
0.622074
0.719814
0.401716
0.234757
0.770694
1.06201
1.22421
1.37085
1.25304
0.835694
0.521535
0.717407
1.12594
1.43672
1.54951
1.49508
1.27587
0.915863
0.547125
0.37842
0.679821
0.991432
1.09253
1.14939
1.16974
0.964077
0.627987
0.430902
0.166353
0.307121
0.661349
0.680271
0.587387
0.588469
0.549632
0.537495
0.678125
0.761201
0.626207
0.425967
0.25279
0.415859
0.807995
1.04481
1.12685
1.28104
1.44651
1.30271
0.89534
0.61777
0.799667
1.21575
1.44914
1.38398
1.24888
1.19047
1.03815
0.700812
0.414366
0.610619
0.864136
1.0851
1.27295
1.19355
0.779158
0.317824
0.268728
0.382247
0.686389
0.801205
0.573287
0.40833
0.296501
0.217871
0.770252
1.17216
1.26697
1.15633
0.97097
0.686732
0.524792
0.812967
1.11382
1.28465
1.37305
1.28806
0.959044
0.570494
0.301089
0.262565
0.605174
0.893601
1.08428
1.23143
1.13985
0.75671
0.432103
0.287125
0.0623649
0.277613
0.588507
0.947719
1.20835
1.21662
1.00312
0.687732
0.319506
0.326779
0.542687
0.64819
0.76099
0.789628
0.770321
0.837356
0.833495
0.595133
0.219495
0.265338
0.607579
0.823325
0.928609
1.03051
1.02348
0.901197
0.731111
0.439431
0.274482
0.693618
1.09494
1.24798
1.12491
0.869031
0.657341
0.382635
0.0552571
0.395842
0.466208
0.647317
0.948978
1.01262
0.825603
0.513441
0.118485
0.298435
0.573935
0.701695
0.795234
0.696009
0.437492
0.511166
0.568782
0.356362
0.212045
0.292982
0.379357
0.609473
0.817562
0.925478
0.837214
0.526224
0.211485
0.0754579
0.325855
0.607202
0.827704
0.94939
0.954831
0.809536
0.480901
0.0989204
0.216701
0.46659
0.636844
0.792649
0.871668
0.760432
0.672587
0.61929
0.371392
0.0671205
0.292935
0.547702
0.875608
1.09202
1.08482
0.980456
0.791735
0.489284
0.227418
0.0119744
0.341742
0.644648
0.828728
1.02326
1.20286
1.13709
0.866385
0.600997
0.34726
0.205374
0.503635
0.827059
0.965842
1.00401
1.11593
1.16663
0.992657
0.665931
0.361239
0.310028
0.613968
0.862292
1.02271
1.09883
0.995974
0.823075
0.704814
0.491448
0.152925
0.146981
0.332379
0.545831
0.683757
0.71467
0.77826
0.853116
0.867923
0.726911
0.406441
0.200005
0.341055
0.62104
1.02554
1.21586
1.07198
0.882178
0.74157
0.4523
0.132406
0.177443
0.435604
0.747199
0.960397
0.985267
0.878051
0.708215
0.473968
0.156205
0.238628
0.576448
0.728528
0.750741
0.700576
0.58091
0.550721
0.560431
0.460934
0.466022
0.482563
0.295107
0.383987
0.528564
0.435557
0.447175
0.665781
0.827842
0.855831
0.7567
0.510974
0.206782
0.511614
0.910009
1.04484
0.921626
0.771921
0.573913
0.258936
0.277442
0.336193
0.329483
0.430368
0.417188
0.390421
0.497187
0.571632
0.625695
0.620605
0.521849
0.363361
0.0967511
0.274804
0.572909
0.71272
0.778488
0.849239
0.803096
0.656577
0.474852
0.232898
0.396572
0.627304
0.792529
0.963647
1.00193
0.820095
0.509741
0.251981
0.0776036
0.246643
0.490305
0.611598
0.627583
0.782996
0.948275
0.829806
0.539274
0.361643
0.177898
0.165519
0.482389
0.712009
0.961319
1.12299
1.01791
0.738633
0.406039
0.0833369
0.344781
0.555865
0.662949
0.679267
0.635818
0.667307
0.72965
0.593373
0.358866
0.244521
0.0523756
0.355825
0.600883
0.736093
0.808766
0.777167
0.689448
0.605343
0.41074
0.0710876
0.282601
0.465656
0.589947
0.69064
0.699152
0.577731
0.361959
0.280222
0.325038
0.396423
0.534985
0.536916
0.308781
0.244695
0.331074
0.331443
0.55289
0.719794
0.740962
0.619697
0.337053
0.0451905
0.29131
0.484863
0.655336
0.67754
0.458405
0.521395
0.731242
0.660902
0.501984
0.322962
0.0646562
0.357974
0.629024
0.783814
0.821184
0.716151
0.525239
0.39304
0.271311
0.272864
0.392715
0.486181
0.59326
0.642336
0.590187
0.478667
0.396585
0.411119
0.4341
0.38285
0.386585
0.365656
0.334314
0.472572
0.49958
0.477969
0.531583
0.506951
0.443308
0.395588
0.262581
0.256938
0.377715
0.391262
0.500408
0.541352
0.427695
0.429456
0.415457
0.330833
0.376328
0.318978
0.205785
0.383459
0.511207
0.607522
0.640804
0.510468
0.351026
0.229522
0.201098
0.414087
0.569536
0.602624
0.567897
0.470696
0.390569
0.422248
0.448344
0.483647
0.454967
0.409097
0.423644
0.354007
0.406085
0.52934
0.533006
0.579791
0.632922
0.506825
0.335103
0.240485
0.166615
0.409409
0.637951
0.860954
1.01441
0.895375
0.533106
0.199432
0.0379453
0.368711
0.649421
0.724824
0.755812
0.760101
0.599981
0.372247
0.153764
0.137136
0.417471
0.600658
0.658603
0.695329
0.700268
0.580586
0.338932
0.0947771
0.37917
0.657531
0.883636
0.964298
0.780954
0.429633
0.14552
0.12632
0.406439
0.597149
0.599793
0.580157
0.510715
0.297322
0.204249
0.323124
0.486559
0.634096
0.678774
0.635308
0.530198
0.26966
0.114955
0.355904
0.533547
0.837317
0.968706
0.817994
0.596787
0.359025
0.0193152
0.328877
0.502672
0.545028
0.604177
0.578479
0.505576
0.54612
0.564782
0.481298
0.289671
0.117807
0.308322
0.57493
0.759196
0.732109
0.534471
0.480006
0.510372
0.310296
0.253983
0.357785
0.262823
0.319149
0.453181
0.541377
0.607188
0.608028
0.523651
0.332562
0.0689073
0.353571
0.497685
0.432562
0.43219
0.434814
0.39055
0.486345
0.524592
0.421848
0.303561
0.18609
0.266516
0.399088
0.362623
0.444924
0.564228
0.528123
0.486936
0.452003
0.288664
0.153284
0.414943
0.592596
0.61081
0.566807
0.604184
0.574508
0.360272
0.264767
0.219175
0.23207
0.543897
0.731678
0.735369
0.622781
0.460599
0.306519
0.256987
0.335478
0.506992
0.550652
0.434157
0.393094
0.360954
0.386833
0.576703
0.686103
0.665688
0.524594
0.218755
0.19829
0.427318
0.4523
0.50326
0.535984
0.466766
0.430004
0.38652
0.291205
0.244869
0.259024
0.307056
0.404577
0.463757
0.537608
0.5519
0.415227
0.281675
0.178316
0.32895
0.56267
0.576752
0.398415
0.247451
0.324994
0.499969
0.597601
0.55151
0.434448
0.257582
0.205771
0.385817
0.431774
0.429156
0.452936
0.416291
0.516496
0.69823
0.658324
0.418285
0.11534
0.297221
0.643707
0.800536
0.8301
0.811719
0.666274
0.422941
0.259723
0.154095
0.219803
0.470518
0.629809
0.731642
0.76138
0.72352
0.675557
0.502891
0.185428
0.106372
0.297593
0.550334
0.814899
0.896729
0.814131
0.673425
0.458918
0.190743
0.151693
0.417774
0.563856
0.589099
0.635254
0.663174
0.557136
0.375953
0.232055
0.121342
0.309914
0.423284
0.442492
0.487997
0.442692
0.425984
0.494177
0.396656
0.199804
0.318618
0.440373
0.503366
0.511841
0.387581
0.305894
0.326261
0.322536
0.336831
0.352123
0.471004
0.614607
0.586532
0.445664
0.357957
0.216941
0.23295
0.37529
0.456969
0.5572
0.606501
0.598444
0.552851
0.489995
0.354176
0.1255
0.258105
0.476262
0.560242
0.555633
0.583678
0.514126
0.387285
0.403631
0.328078
0.26663
0.362045
0.337445
0.372142
0.504367
0.457401
0.385554
0.464334
0.490082
0.469215
0.35731
0.198461
0.266125
0.363332
0.426135
0.51568
0.558719
0.517517
0.418941
0.264079
0.302067
0.350688
0.298349
0.393263
0.453815
0.44305
0.462939
0.428319
0.292216
0.267363
0.339321
0.336763
0.331395
0.403152
0.454478
0.349631
0.322231
0.428859
0.403509
0.385368
0.388397
0.298279
0.373492
0.494524
0.45678
0.448176
0.40774
0.26458
0.388522
0.514576
0.527902
0.485963
0.342857
0.256113
0.408903
0.467063
0.469312
0.488566
0.429777
0.364405
0.259367
0.258406
0.450609
0.542102
0.577372
0.590608
0.474536
0.240807
0.19755
0.23894
0.356619
0.573416
0.689139
0.675242
0.56397
0.435261
0.275407
0.0331086
0.328363
0.537994
0.59981
0.62226
0.585051
0.401761
0.265191
0.2952
0.307308
0.247099
0.16206
0.384375
0.573342
0.620244
0.606932
0.527519
0.289057
0.170812
0.318565
0.313774
0.345805
0.380043
0.423344
0.518289
0.541505
0.548059
0.543963
0.386797
0.219911
0.296869
0.27193
0.304309
0.416476
0.46693
0.540735
0.659473
0.71931
0.611028
0.348669
0.0433135
0.197559
0.425421
0.724411
0.895987
0.830105
0.692871
0.54873
0.301615
0.0361953
0.324216
0.519208
0.559524
0.554252
0.615238
0.588793
0.39978
0.316674
0.311475
0.20346
0.246858
0.323594
0.440399
0.552408
0.537983
0.491413
0.499227
0.407637
0.286742
0.234283
0.0969071
0.383875
0.594096
0.627147
0.604666
0.562273
0.434717
0.226967
0.171699
0.271355
0.328455
0.441295
0.627447
0.669719
0.544491
0.474928
0.391939
0.171811
0.158741
0.334805
0.45415
0.547965
0.612851
0.623175
0.501978
0.28029
0.261313
0.261095
0.186595
0.277512
0.393836
0.550133
0.687496
0.661824
0.499683
0.351811
0.177754
0.241851
0.362108
0.366592
0.493114
0.563753
0.514902
0.486949
0.464244
0.35318
0.264261
0.306426
0.313376
0.344097
0.426619
0.481588
0.42627
0.380158
0.437971
0.408061
0.349763
0.350857
0.281565
0.206579
0.347553
0.487076
0.588384
0.594312
0.459938
0.29656
0.140588
0.273035
0.433444
0.446145
0.439178
0.476248
0.463755
0.397349
0.352628
0.304485
0.341258
0.35879
0.347029
0.439574
0.434464
0.388855
0.420809
0.358601
0.318895
0.447016
0.419786
0.248726
0.275568
0.367772
0.446508
0.492484
0.463454
0.369752
0.307947
0.353766
0.391713
0.407573
0.433036
0.447233
0.390699
0.343555
0.30743
0.329957
0.443544
0.428827
0.414106
0.480715
0.453816
0.390929
0.370828
0.260234
0.165143
0.311537
0.438513
0.573165
0.586569
0.434949
0.277209
0.217539
0.303592
0.398334
0.400075
0.3707
0.372787
0.375873
0.465984
0.533258
0.456305
0.350301
0.276548
0.229589
0.300587
0.433978
0.533249
0.579792
0.565662
0.48418
0.335003
0.126475
0.247963
0.381388
0.47403
0.542092
0.471268
0.385016
0.401784
0.396826
0.329835
0.274745
0.296141
0.3633
0.389646
0.371751
0.42026
0.469737
0.495606
0.466013
0.284947
0.188357
0.382174
0.47431
0.55187
0.586383
0.454401
0.31637
0.22966
0.156885
0.369673
0.507843
0.536756
0.574682
0.568091
0.385922
0.119528
0.1783
0.355082
0.473022
0.507703
0.501392
0.397282
0.292934
0.349814
0.397629
0.408452
0.393684
0.36057
0.354826
0.388964
0.397008
0.446051
0.493277
0.464796
0.390796
0.24965
0.229465
0.351798
0.429302
0.485312
0.488523
0.419051
0.373752
0.305964
0.188795
0.326914
0.401115
0.414088
0.469616
0.440821
0.375774
0.372011
0.346436
0.296391
0.343958
0.403342
0.4345
0.392702
0.306963
0.34009
0.37763
0.459813
0.521788
0.414587
0.251608
0.298634
0.35431
0.393266
0.442745
0.391718
0.371757
0.425598
0.433947
0.377506
0.308552
0.318463
0.291032
0.304961
0.422636
0.45848
0.425665
0.481132
0.455888
0.262283
0.271191
0.352855
0.410823
0.494815
0.473737
0.389107
0.338009
0.297385
0.319143
0.368618
0.329707
0.368525
0.432792
0.399989
0.352475
0.283963
0.258787
0.336362
0.387435
0.404561
0.429684
0.394604
0.374022
0.387222
0.304192
0.280366
0.331611
0.388826
0.434368
0.449933
0.443032
0.369193
0.352882
0.405466
0.371415
0.333391
0.42573
0.40971
0.28111
0.368324
0.473161
0.523325
0.53712
0.434106
0.282256
0.259004
0.281185
0.351242
0.420098
0.431333
0.48437
0.469613
0.354879
0.273015
0.259506
0.322225
0.360392
0.357402
0.404119
0.426189
0.363448
0.418992
0.476691
0.404352
0.354704
0.277814
0.223749
0.363591
0.45011
0.432469
0.410784
0.381031
0.305645
0.293046
0.311342
0.324364
0.316615
0.352441
0.391736
0.380836
0.416801
0.386309
0.32416
0.422568
0.454812
0.344449
0.342632
0.354405
0.303106
0.412493
0.454569
0.448723
0.501109
0.473541
0.362926
0.278489
0.247402
0.33002
0.460738
0.502147
0.499902
0.442463
0.327419
0.262689
0.275761
0.422278
0.476827
0.348972
0.328157
0.447505
0.41401
0.344661
0.350949
0.286993
0.294713
0.381664
0.410257
0.369756
0.299202
0.296173
0.388134
0.490678
0.535173
0.477136
0.316671
0.248801
0.294066
0.37953
0.431013
0.341122
0.358566
0.452748
0.433094
0.405978
0.381235
0.225814
0.208067
0.421245
0.496803
0.480251
0.387181
0.289344
0.332109
0.376594
0.397477
0.406223
0.407437
0.460338
0.475756
0.378803
0.369651
0.383319
0.312911
0.324063
0.306399
0.291453
0.361154
0.418389
0.437582
0.45202
0.417191
0.299331
0.226926
0.266219
0.381278
0.428305
0.427891
0.430735
0.413162
0.447882
0.409771
0.294563
0.327283
0.374287
0.381589
0.44131
0.376894