
0
-16.026
78.7371
-203.339
325.215
-426.133
484.862
-462.219
403.644
-386.804
437.326
-570.352
735.101
-866.083
869.555
-796.619
757.848
-704.98
612.672
-621.327
729.681
-862.798
906.994
-824.254
683.618
-561.129
492.53
-501.946
500.789
-450.86
380.454
-348.86
275.639
-130.703
56.7929
-64.8495
44.9622
-44.1708
-10.5046
80.2052
-84.944
122.676
-151.483
62.4465
-61.1554
219.208
-395.545
438.252
-377.756
343.576
-350.67
278.84
-219.642
234.335
-298.988
390.701
-430.58
299.014
-196.934
194.635
-144.874
101.192
-221.346
317.584
-272.936
164.016
-97.5086
4.8848
45.0513
-4.66337
-39.0046
9.84414
-14.6512
-21.7481
78.6043
-116.415
149.75
-191.199
119.007
-57.7319
90.3007
-132.259
132.519
-242.211
289.946
-214.505
151.358
-146.272
98.4589
-116.973
171.869
-230.626
231.146
-194.064
98.6878
-56.0671
71.8982
-152.623
155.329
-107.063
93.5531
-166.439
142.231
-48.812
-12.3263
-65.8139
135.647
-141.795
109.598
-99.7496
16.5656
28.5577
-19.6767
-63.7343
128.757
-140.896
70.5447
-23.019
-26.1976
-5.20693
58.3083
-85.4429
47.316
-39.8896
29.2505
-22.3979
-9.9052
-5.95083
8.12406
-38.6256
60.2179
-69.3186
31.7664
-12.0774
-46.6991
43.257
3.75715
-28.2441
10.6367
-44.199
12.8324
32.8249
-60.412
39.5366
-5.60462
-53.4347
34.1567
4.96957
-53.0211
35.7014
-8.37028
2.91969
-24.5362
-25.4604
45.3081
-3.57594
-50.2457
19.7758
-8.90913
-3.19141
11.6392
-16.3409
-4.40099
2.73487
-35.831
5.24932
43.5076
-32.2008
-15.7816
-12.6534
17.2417
-11.8508
0.343325
-3.55095
-0.463353
-30.8942
26.8956
-13.1824
-8.91185
-15.9231
17.4418
-0.962331
-10.0816
-17.191
15.7287
-36.783
18.9323
13.6879
-18.2154
-7.33468
-3.36798
-37.8939
55.4521
-7.77155
-45.108
8.75323
14.4155
-34.2999
42.6544
-17.0615
-31.0555
-2.95841
23.442
-17.9422
9.66347
-15.2893
-4.52568
-8.37641
17.3711
-34.0205
29.5833
-19.9502
-16.0874
5.23397
39.4185
-68.0706
17.449
4.34779
0.502135
-10.2754
18.2571
-38.189
16.8013
-38.1678
45.5497
-3.93175
-34.0482
4.73145
23.7902
-59.7501
47.8621
-14.541
-13.5171
11.5552
-19.7725
-10.4322
54.9484
-76.5347
25.9546
18.1431
-40.7961
19.1821
13.391
-47.7355
38.6939
-25.9138
-4.08487
24.8674
-30.3642
-10.5747
31.8804
-34.4257
19.6772
-9.77193
-14.6768
5.01076
-2.4301
-2.43896
21.6894
-47.5398
12.0568
13.2163
-16.0636
-2.40639
17.3718
-29.9935
10.6777
-4.34447
-8.39117
2.46958
6.08591
-16.3445
11.937
-21.0235
6.47446
3.82618
-4.40876
-19.6492
17.4546
-3.16828
-6.60954
-10.227
5.69918
-3.50724
5.77442
-23.2288
17.2412
-3.80865
-19.8781
8.37136
20.6684
-41.4506
14.0079
7.60829
-13.8136
-3.327
8.74895
-10.2153
5.75413
-25.0778
24.8925
-9.79912
-11.9267
9.65837
0.170994
-29.8803
33.6019
-19.0084
-9.06743
13.3161
-3.23259
-21.6118
23.1373
-16.9578
-2.33298
1.50639
5.88108
-17.4302
10.2115
-7.67286
2.00465
-12.9653
9.71363
-8.02439
2.90492
-7.87994
6.64334
-15.6065
10.2983
-7.50622
-0.617652
-2.05759
0.545628
-10.7146
13.9674
-17.172
1.59002
0.654809
3.22601
-12.4322
6.03589
-10.2508
7.92138
-11.395
4.61716
-2.93918
2.31412
-15.4533
11.0993
-4.76183
-2.93016
-8.80319
14.1773
-12.227
-5.33374
0.566815
12.0913
-22.2304
5.99804
5.00328
-7.94912
-9.82528
16.9543
-16.9514
5.48655
-1.59015
-4.49018
-5.79546
6.25212
-8.97173
9.33796
-11.1557
-1.7542
1.30603
0.120933
-10.4913
10.531
-6.91756
-3.11382
-4.5488
5.83165
-6.32515
2.95237
-10.7478
7.93084
-5.95009
-1.87054
-4.34161
6.87524
-9.56137
2.6802
-8.08459
12.2649
-13.8994
-3.05992
8.21653
-0.575584
-19.4727
22.1216
-17.3027
-0.557161
7.34102
-5.90289
-7.90124
13.4775
-24.1719
15.779
-0.779242
-6.81712
-4.15672
7.93646
-16.4012
10.9443
-5.75405
5.12059
-10.0467
-0.912153
-1.71229
7.96192
-12.6962
4.83173
-6.51583
7.10223
-11.3738
2.59781
0.309917
-0.314267
-9.00448
12.4858
-14.7388
2.96887
-1.09758
-0.306961
-2.37359
1.63152
-9.60077
11.9356
-15.3056
1.1749
8.94899
-8.77265
-6.78856
13.883
-18.4316
6.36566
2.12003
-4.05731
-2.9942
2.97044
-11.5396
8.51875
-3.89902
-1.0224
-4.52141
5.14192
-8.69514
1.33135
-0.686912
1.32797
-9.43437
10.4979
-10.6851
-1.32498
4.54578
-0.521262
-11.7496
9.44893
-7.28598
3.89122
-7.35762
1.1665
-0.93395
2.22047
-10.6219
10.7703
-11.1804
1.71192
1.07075
-2.1432
-7.31561
11.8625
-13.993
2.96173
0.123667
-0.657543
-6.53607
9.02234
-13.444
3.91497
0.551907
0.688557
-9.77072
9.79281
-10.0311
0.864157
-1.767
4.16249
-8.25683
4.65096
-7.12192
4.11228
-5.98215
2.25125
-3.05283
2.24732
-9.67919
8.20136
-4.02681
-2.9134
-3.37789
7.43208
-11.4209
4.02684
0.738637
-3.37092
-8.60651
11.8913
-7.71435
-2.0897
0.321875
0.643368
-8.85941
9.20858
-6.851
0.428191
-2.23015
-0.833563
-3.54202
6.79186
-11.0691
5.87954
-2.98927
-3.67942
-1.90912
6.37506
-11.2859
7.53065
-5.34541
-0.182589
-2.24009
1.32741
-7.8151
8.73018
-6.83183
0.469191
-2.87078
3.16532
-7.69366
2.41387
-1.06376
3.27548
-11.9902
10.0244
-5.41962
-5.09696
3.15866
4.31199
-13.6053
10.2097
-6.38523
-1.58635
2.12747
-2.03011
-5.92929
8.58711
-10.22
4.41275
-3.26332
-1.87653
0.501442
0.769551
-7.40047
8.25049
-8.86861
1.0871
1.53262
-1.23196
-7.21597
6.65482
-5.00388
0.674463
-4.00051
4.47466
-6.04493
0.752894
-2.16398
2.5329
-6.73395
4.66533
-5.00881
2.79891
-4.91869
2.82064
-4.50451
1.22092
-4.81648
6.85993
-8.2014
3.14372
-4.00881
0.532128
-2.16269
4.04069
-10.0512
8.19406
-5.86711
-0.155927
-0.811999
-0.374132
-4.40663
7.60348
-11.5015
6.80474
-1.91728
-7.02893
2.07356
8.38811
-17.1593
10.0555
0.335463
-9.28465
1.35431
7.91901
-13.387
7.04177
-1.98699
-4.16189
0.701374
3.44553
-8.42326
5.49881
-5.62153
0.503708
0.077631
0.668602
-5.92194
4.49683
-3.87882
0.481568
-5.46373
6.4192
-4.06893
-2.95881
0.785672
3.59354
-11.8019
7.50137
-0.217638
-4.97526
-1.70181
6.22587
-9.11061
2.27546
-0.937952
2.67114
-6.49132
2.73149
-2.737
1.15337
-4.75856
4.14839
-5.25728
3.94916
-5.07038
0.347745
-1.7215
2.38772
-5.77619
5.68619
-7.19853
1.20054
-0.0559165
-0.458771
-3.1438
5.68071
-10.5857
4.19816
0.744857
-3.41338
-2.82799
7.64509
-10.2791
2.27584
0.714042
-0.55778
-5.77966
5.93593
-4.48735
0.817673
-3.96984
3.26829
-4.10896
2.09129
-4.33744
4.1647
-4.97295
0.350828
-2.43153
3.77684
-6.53528
4.87104
-4.27313
-0.432099
-1.35902
2.95446
-7.37504
6.24513
-4.64358
0.340558
-1.72831
1.23563
-4.52529
4.95583
-6.88832
3.53467
-2.75274
-0.492513
-0.433874
1.81187
-7.92611
7.27314
-4.87426
-0.583893
-0.425525
1.23607
-4.55968
3.93593
-5.37809
3.56075
-5.1303
2.20845
-0.80923
-1.41455
-2.51169
4.53095
-7.86263
5.02724
-2.47992
-2.13993
1.29751
0.508953
-7.32554
7.95104
-6.49355
0.777187
0.832302
-1.9189
-2.88506
4.62686
-7.20328
4.86763
-3.51457
-0.669619
0.0770059
0.454777
-4.42367
4.86007
-5.97157
2.50327
-2.45312
0.529672
-1.62674
1.33207
-4.5813
4.36502
-5.77361
3.09432
-2.02105
-1.18112
-1.20493
3.31114
-6.80365
5.2206
-4.03183
-0.853896
-0.193027
2.30329
-6.15148
4.42561
-3.92128
0.835911
-2.89109
3.55978
-4.05957
1.06799
-3.07602
3.14902
-5.41208
4.12793
-3.2261
0.298128
-2.77863
3.6884
-6.25629
4.48622
-3.71226
0.137943
-1.3665
2.33993
-5.46686
4.78672
-4.70408
0.218979
0.0483335
1.26974
-5.95587
5.00493
-3.88651
0.599535
-1.77573
1.68279
-3.65765
2.42729
-4.37045
3.18524
-2.65155
-0.124256
-1.2814
1.72973
-4.61735
3.53678
-2.74346
-0.335429
-1.63742
2.32204
-4.42409
3.02043
-2.94979
0.542744
-2.7039
2.90265
-3.84605
1.83378
-2.5993
1.78275
-4.20805
2.93556
-1.89888
0.659368
-4.2031
3.90402
-4.41617
1.74945
-1.67173
1.15502
-4.35578
4.32109
-4.51033
1.37614
-2.11399
1.67324
-3.44704
3.09094
-4.29962
2.56359
-3.43654
1.9919
-2.68686
1.81674
-3.3954
2.26615
-4.04008
2.86524
-1.92887
-0.110514
-2.44404
2.88256
-4.58186
2.35612
-1.34922
0.0603163
-2.57347
2.6216
-4.09716
2.41685
-2.75632
1.23774
-1.78508
0.884889
-3.48435
3.0817
-3.53002
1.97584
-2.15352
0.568581
-2.35424
2.0236
-3.89311
3.55512
-3.93826
1.43258
-1.63765
0.70401
-3.44197
4.16819
-4.88681
1.97209
-2.2111
1.69392
-3.21299
2.10116
-2.77969
2.38685
-4.4986
2.83976
-2.72396
1.16131
-1.795
1.45579
-3.67418
2.77102
-3.5628
2.01024
-2.54697
1.29706
-1.38684
0.64909
-4.08657
4.11481
-3.62089
1.11744
-1.28566
0.377561
-2.68446
2.03189
-2.86598
2.18055
-2.89773
1.30264
-1.96631
0.729735
-2.32906
2.14746
-2.95501
1.65324
-2.83507
2.39653
-3.01151
0.50333
-0.841586
1.00365
-4.1299
4.35309
-4.23873
0.653774
0.0521405
-0.0991029
-2.94244
3.52115
-5.22202
3.2822
-1.76834
-0.664069
-0.700832
1.80617
-4.86987
3.94442
-3.56758
1.46376
-1.82073
0.91579
-2.28814
2.08402
-4.00147
3.71052
-3.84072
1.29478
-0.915997
0.553319
-3.41597
3.3363
-3.55583
1.85397
-2.21392
1.65893
-3.1431
1.5146
-1.65222
1.24272
-3.68724
4.10985
-4.11106
1.20689
-0.831557
0.0915674
-2.76573
3.64947
-4.71854
2.52502
-1.34075
-0.326471
-1.69998
2.17061
-3.55068
2.55649
-3.29141
1.85246
-1.35272
-0.014465
-1.79289
2.16544
-3.74325
2.76814
-2.9108
0.977812
-0.794155
0.0560892
-2.718
3.3567
-3.84762
1.63875
-1.07598
-0.0249327
-2.01661
2.16382
-2.97428
1.85707
-2.40783
1.34337
-1.74299
1.06173
-2.81849
2.22137
-2.80115
1.52135
-1.99982
2.12044
-3.55728
1.67747
-1.29434
0.52113
-2.71285
3.54613
-4.42769
1.64436
-0.272983
-0.320697
-2.67679
3.54949
-4.28161
1.78483
-1.23192
1.02593
-2.84156
1.85503
-2.185
1.73933
-2.98679
2.52164
-3.13001
1.26945
-1.24633
0.747734
-2.30071
2.44057
-3.76596
2.62435
-2.05206
-0.157015
-0.439708
0.914088
-3.60242
3.67896
-3.08787
0.814187
-0.957361
0.382368
-2.33252
2.5324
-3.26128
2.06246
-2.34808
1.58818
-2.05019
0.549272
-1.31334
1.50494
-3.74129
3.65061
-2.72136
-0.0414974
-0.359061
0.680512
-3.13766
3.47441
-3.49505
1.78958
-2.18496
0.775167
-1.24807
1.32261
-2.9762
3.05036
-3.63905
1.42222
-1.15172
0.406604
-1.55057
1.75928
-3.14968
2.60899
-2.87373
0.964351
-0.590342
0.0910881
-2.1937
2.71858
-3.63643
1.91995
-1.03011
-0.111766
-1.35264
1.63959
-3.01955
1.83348
-1.88366
1.36318
-1.8769
0.973194
-1.62528
0.715295
-1.95079
2.16813
-2.88318
1.72891
-1.40569
-0.44476
-0.749009
2.25496
-4.11979
2.87295
-1.76784
-0.586376
-0.598673
2.00328
-3.76023
2.84129
-2.09371
0.298641
-1.33798
1.62886
-2.83422
2.19091
-2.3142
1.43761
-2.10745
1.50131
-2.15989
1.74953
-2.51779
1.95413
-2.56801
1.51915
-1.92601
1.78363
-2.38448
1.67732
-2.56933
1.8566
-2.36641
1.73112
-1.78733
1.1501
-2.35584
2.25258
-2.63744
1.18452
-1.11056
1.0726
-2.79378
2.25488
-1.99954
0.747352
-1.11159
1.14044
-2.66421
2.31908
-2.30961
0.700951
-0.789638
0.993395
-2.49627
2.24215
-2.11054
0.507625
-0.912887
0.975764
-2.17049
1.76811
-1.89213
0.712381
-1.039
1.26011
-2.6513
2.01632
-1.75177
0.502243
-1.25897
1.48789
-2.4113
1.89096
-2.08415
1.03021
-1.45588
0.973993
-2.04865
2.08237
-2.48258
1.52198
-1.68669
1.05265
-1.72683
1.58713
-2.54233
1.93684
-2.13756
1.32502
-1.57318
1.33727
-2.4363
1.90744
-2.13202
1.49661
-2.06832
1.57923
-2.09182
1.41359
-1.67872
1.23109
-1.77617
1.36479
-2.3751
1.80544
-1.47375
0.36061
-1.21166
1.55509
-2.56841
1.8474
-1.63752
0.578376
-1.31204
1.19994
-2.0055
1.56145
-1.59609
0.793679
-1.43238
1.15867
-1.86603
1.17199
-1.36733
0.712989
-1.5384
1.6888
-2.14629
1.19867
-1.5275
0.745153
-1.45212
1.78766
-2.6056
1.63628
-1.52691
0.714987
-1.4181
1.57823
-2.37489
1.45703
-1.73895
1.40372
-2.05651
1.61636
-1.8171
0.851124
-1.46148
1.886
-3.05893
2.12196
-1.43339
0.107695
-1.00247
2.00402
-3.14632
2.07204
-1.87407
1.01947
-1.40342
1.0751
-1.8292
1.64932
-2.13497
1.66393
-1.82447
0.915259
-1.22183
0.799746
-1.68988
1.98916
-2.44451
1.43251
-1.40426
0.693963
-1.22154
1.15801
-2.05014
1.73486
-1.8961
1.13346
-1.22249
0.652681
-1.39443
1.36548
-1.96014
1.39441
-1.48511
0.867266
-1.63659
1.31602
-1.17322
0.653875
-1.5955
1.6976
-2.44211
1.44146
-0.780888
0.136149
-1.14728
1.68254
-2.63069
1.85057
-1.4191
0.292275
-0.696243
0.821705
-1.99768
2.02552
-2.02075
0.976549
-1.01506
0.486429
-1.34143
1.39329
-1.96202
1.65434
-1.63477
0.827872
-1.43367
1.15381
-1.59528
1.23887
-1.59198
1.29855
-1.92543
1.3671
-1.40872
0.590552
-0.822953
1.00451
-2.09426
1.89066
-2.272
1.27712
-0.670539
0.206083
-1.42365
2.00165
-2.82199
1.65092
-1.19541
0.503766
-0.883606
0.952235
-2.20208
2.12174
-1.93296
0.879305
-0.901481
0.612331
-1.74061
1.80632
-1.86803
1.21215
-1.41419
1.12066
-1.90643
1.4343
-1.6038
1.08668
-1.24593
1.32625
-2.36268
1.85916
-1.59163
0.566657
-0.763816
1.13096
-2.4299
2.11317
-1.91125
0.770222
-0.726386
0.730407
-1.72135
1.72652
-2.29404
1.53423
-1.24895
0.502212
-0.934122
1.25881
-2.0586
1.53177
-1.73287
1.03142
-0.978202
0.396906
-0.931724
1.27129
-2.06283
1.38328
-1.04468
0.195047
-0.786257
0.925325
-1.50638
1.25885
-1.50076
0.991792
-1.15843
0.429701
-0.768787
0.938096
-1.77387
1.44096
-1.40685
0.685367
-0.750403
0.415572
-1.11218
1.24056
-1.97372
1.40081
-0.965068
0.176831
-0.97982
1.34937
-1.92019
1.49825
-1.51492
0.734309
-1.16058
0.979632
-1.47503
1.59148
-1.95234
1.11393
-1.0617
0.767112
-1.56804
1.49864
-1.79919
1.21662
-1.26635
1.07527
-1.48591
0.998688
-1.55987
1.41527
-1.7179
1.32261
-1.38534
0.76665
-1.13119
1.26923
-1.90832
1.41686
-1.45573
0.785695
-0.923721
0.77191
-1.50491
1.51463
-1.75125
0.898141
-0.853367
0.570332
-1.17262
1.13776
-1.6712
1.2778
-1.27808
0.781499
-0.882734
0.584426
-1.36838
1.38534
-1.86548
1.39258
-1.12636
0.430258
-0.803137
0.868834
-1.62791
1.46553
-1.75936
1.14898
-1.00857
0.520441
-0.844076
0.982396
-1.9304
1.73345
-1.75174
1.00895
-0.831042
0.398554
-1.15098
1.38224
-1.89076
1.67862
-1.67076
0.665842
-0.599028
0.435195
-1.2716
1.55977
-1.92971
1.26968
-1.01772
0.396585
-0.7773
0.671362
-1.39158
1.41609
-1.60357
1.09173
-1.06816
0.569778
-0.869914
0.644338
-1.14286
1.25133
-1.75435
1.04776
-0.738921
0.264394
-0.465788
0.613029
-1.65481
1.41124
-1.34895
0.643045
-0.497001
0.29002
-0.855941
0.955597
-1.65323
1.35741
-1.18718
0.525672
-0.705579
0.631956
-1.32759
1.35314
-1.41811
0.775476
-0.895334
0.689186
-1.12043
0.895909
-1.22399
1.0671
-1.26986
1.11922
-1.33588
0.860333
-1.23133
1.0212
-1.15686
1.06307
-1.62702
1.46221
-1.42967
0.648198
-0.673837
0.924724
-1.875
1.53572
-1.28208
0.704727
-0.845263
0.849438
-1.31286
1.02172
-1.34848
1.01618
-1.23593
1.0146
-1.15291
0.787988
-1.00831
0.883764
-1.35646
1.25937
-1.40592
0.711314
-0.648645
0.521936
-0.994718
1.06704
-1.50773
1.13327
-0.99239
0.233053
-0.507188
0.739545
-1.36631
1.3798
-1.41281
0.627186
-0.648759
0.541389
-1.0217
1.08322
-1.47436
1.08593
-1.20909
0.805105
-0.653465
0.469548
-1.11395
1.07343
-1.46947
1.16756
-1.0176
0.481384
-0.569285
0.724285
-1.58874
1.5214
-1.41199
0.671122
-0.682739
0.646788
-1.13576
1.08242
-1.29791
1.10424
-1.28499
0.718402
-0.773238
0.551027
-0.872341
1.03106
-1.43331
1.08125
-1.01241
0.509896
-0.667245
0.496207
-1.04559
1.20642
-1.34901
0.84159
-0.842397
0.483726
-0.814283
0.872277
-1.19833
0.844206
-0.956652
0.657093
-0.929129
0.932914
-1.01659
0.593913
-0.848898
0.584107
-0.970679
1.05584
-1.2756
0.74166
-0.64191
0.533014
-1.07287
1.09175
-1.37092
0.886576
-1.01418
0.97885
-0.935188
0.555769
-0.91802
0.944171
-1.43218
1.13262
-0.971093
0.488938
-0.740781
0.8418
-1.25902
1.07163
-1.20045
0.810604
-0.915675
0.720309
-1.02098
1.00473
-1.25006
0.94572
-1.0288
0.831376
-1.03201
0.772724
-0.983728
0.757319
-1.00805
0.932936
-1.04415
0.826676
-0.964412
0.671484
-0.881355
0.721318
-1.0655
0.981013
-1.06119
0.838928
-0.891941
0.674488
-0.986711
0.781988
-1.01584
0.838339
-0.945744
0.83237
-0.823012
0.487688
-0.713678
0.704669
-1.06543
0.835347
-0.795797
0.487598
-0.590263
0.63005
-1.01284
0.855876
-0.900118
0.607773
-0.792331
0.686124
-0.854274
0.654065
-0.770374
0.657674
-0.816618
0.724986
-0.914048
0.602774
-0.73567
0.53494
-0.731189
0.839105
-1.08371
0.913541
-0.918104
0.478721
-0.53772
0.573955
-1.26544
1.4106
-1.13256
0.599373
-0.564202
0.47375
-1.05491
1.13149
-1.28035
0.930913
-0.71541
0.450925
-0.712016
0.85599
-1.28182
1.06574
-0.99105
0.620189
-0.594728
0.537461
-1.08939
1.25035
-1.26182
0.647559
-0.382581
0.289805
-1.01789
1.10903
-1.07509
0.640673
-0.488045
0.390963
-0.766875
0.733109
-0.934433
0.561085
-0.5311
0.400351
-0.71501
0.789098
-0.984039
0.66736
-0.559239
0.233282
-0.66955
0.803172
-1.13769
0.984629
-0.612799
0.1606
-0.47043
0.646931
-1.17045
0.968653
-0.850594
0.586358
-0.666695
0.602264
-0.845112
0.703225
-0.982872
1.01136
-1.1405
0.750752
-0.644785
0.49386
-0.976866
1.10446
-1.09604
0.867382
-0.988315
0.57851
-0.745301
0.683012
-0.742579
0.730011
-0.98735
0.831163
-0.846346
0.48408
-0.498863
0.464242
-0.941922
0.846419
-0.713406
0.532931
-0.662869
0.498162
-0.664755
0.41519
-0.599334
0.628449
-0.798725
0.590027
-0.499915
0.339708
-0.501686
0.307358
-0.599505
0.591635
-0.717287
0.580253
-0.514074
0.25615
-0.613188
0.770835
-0.906516
0.706738
-0.79651
0.457335
-0.534552
0.585484
-0.795037
0.934513
-1.14331
0.689895
-0.559977
0.486908
-0.823399
0.881006
-1.03337
0.820698
-0.751787
0.694316
-0.952646
0.821037
-0.915611
0.677023
-0.76371
0.902989
-1.20135
1.01924
-0.72908
0.456322
-0.783702
0.75569
-0.909775
0.791439
-0.758409
0.582978
-0.598784
0.461466
-0.643372
0.61084
-0.796511
0.692293
-0.719834
0.48387
-0.43978
0.439913
-0.696765
0.699827
-0.698473
0.283892
-0.423286
0.563813
-0.648369
0.371389
-0.333658
0.375217
-0.669017
0.6244
-0.567898
0.262964
-0.398178
0.436261
-0.552157
0.520759
-0.591237
0.625443
-0.860936
0.458821
-0.235405
0.216746
-0.774423
1.06363
-0.991718
0.551209
-0.336966
0.184987
-0.545727
0.66557
-0.901973
0.869771
-0.727876
0.37347
-0.336758
0.347206
-0.663867
0.865452
-1.16129
0.85864
-0.574384
0.307667
-0.283072
0.513311
-1.05297
1.07583
-0.916468
0.439488
-0.216327
0.195536
-0.634245
0.831934
-0.902698
0.780442
-0.648507
0.335137
-0.424447
0.493674
-0.794396
0.836163
-0.780337
0.632819
-0.612687
0.55161
-0.643919
0.519584
-0.769225
0.790799
-0.654776
0.485329
-0.562948
0.645552
-0.786958
0.620839
-0.629475
0.538422
-0.567761
0.486603
-0.604353
0.776685
-0.830673
0.582219
-0.528024
0.374583
-0.562802
0.670338
-0.803367
0.752362
-0.683867
0.455663
-0.413613
0.318861
-0.495539
0.703084
-0.850157
0.565974
-0.424755
0.3269
-0.380204
0.477497
-0.620979
0.540183
-0.661683
0.484629
-0.46771
0.431224
-0.37965
0.4272
-0.569366
0.427224
-0.533146
0.535878
-0.544225
0.323357
-0.264921
0.333857
-0.505505
0.523004
-0.615719
0.450293
-0.353722
0.233707
-0.4219
0.487541
-0.496374
0.512185
-0.54365
0.380389
-0.43236
0.362697
-0.504281
0.587398
-0.579382
0.450663
-0.506318
0.420331
-0.407912
0.4567
-0.547383
0.375218
-0.477538
0.488159
-0.505563
0.488563
-0.435276
0.451798
-0.649468
0.559773
-0.587239
0.451304
-0.486603
0.647971
-0.686523
0.512272
-0.447638
0.447414
-0.694951
0.634652
-0.562785
0.488644
-0.500027
0.537194
-0.668456
0.722992
-0.68192
0.42745
-0.441766
0.496769
-0.714
0.846022
-0.71392
0.482691
-0.429247
0.318396
-0.509984
0.768663
-0.8504
0.638515
-0.438867
0.207856
-0.210654
0.504928
-0.756252
0.647146
-0.501146
0.223519
-0.219486
0.358701
-0.439297
0.397152
-0.481077
0.604264
-0.567269
0.226674
-0.12992
0.154404
-0.414312
0.594559
-0.45246
0.272859
-0.305602
0.211119
-0.230296
0.179579
-0.285247
0.391436
-0.494009
0.521515
-0.35613
0.170765
-0.280676
0.242652
-0.343249
0.459011
-0.543429
0.562523
-0.550734
0.2291
-0.0101756
0.150425
-0.578328
0.752079
-0.839292
0.525861
-0.0623195
-0.0200554
-0.275629
0.568877
-0.885512
0.754448
-0.41806
0.165905
-0.284796
0.345861
-0.501316
0.685595
-0.645719
0.468472
-0.471181
0.296018
-0.287189
0.313858
-0.46933
0.594671
-0.571343
0.453824
-0.405025
0.213432
-0.265814
0.260605
-0.470518
0.718713
-0.619765
0.310826
-0.212873
0.143544
-0.341448
0.546192
-0.620435
0.48052
-0.432909
0.250226
-0.114311
0.255948
-0.522474
0.557838
-0.66023
0.461138
-0.228576
0.150401
-0.269419
0.40644
-0.604513
0.641269
-0.465311
0.211024
-0.288371
0.25
-0.289398
0.415112
-0.588973
0.650208
-0.53508
0.173155
-0.150113
0.227354
-0.479472
0.549329
-0.468309
0.403763
-0.304851
0.142304
-0.257094
0.273141
-0.405214
0.47401
-0.444144
0.319781
-0.32623
0.227821
-0.265281
0.343424
-0.416389
0.316612
-0.404504
0.353553
-0.313961
0.27003
-0.218859
0.175938
-0.397137
0.498496
-0.514645
0.246433
-0.122008
0.14878
-0.390587
0.5347
-0.469927
0.312776
-0.327902
0.226917
-0.261603
0.307875
-0.395882
0.389627
-0.354393
0.31852
-0.312397
0.234906
-0.359525
0.328731
-0.379034
0.371628
-0.280052
0.350369
-0.425577
0.214236
-0.219316
0.2977
-0.42357
0.437278
-0.372135
0.243963
-0.300488
0.350368
-0.384995
0.341743
-0.344637
0.242399
-0.266735
0.291297
-0.37384
0.368983
-0.266666
0.224999
-0.258717
0.175428
-0.290387
0.327433
-0.387866
0.409171
-0.254
0.0583399
-0.0434468
0.160329
-0.411363
0.340905
-0.16054
0.0293347
-0.0727808
0.173259
-0.199692
0.155175
-0.179248
0.184965
-0.284673
0.180231
-0.0395161
0.0201566
-0.11278
0.213771
-0.339586
0.27547
-0.145947
-0.0146119
0.00444825
0.117845
-0.369181
0.4622
-0.306866
0.134616
-0.0809021
0.137399
-0.328082
0.321925
-0.325176
0.368983
-0.35095
0.261056
-0.226813
0.276221
-0.337984
0.332537
-0.394623
0.450409
-0.440348
0.300412
-0.151413
0.317498
-0.512198
0.484347
-0.396142
0.166501
-0.130442
0.268245
-0.387568
0.540444
-0.447707
0.204298
-0.120232
0.0912961
-0.24419
0.531038
-0.495428
0.248035
-0.0420578
0.0267866
-0.12919
0.267152
-0.284482
0.151595
-0.113268
0.176223
-0.194438
0.195897
-0.149764
0.160389
-0.194655
0.214651
-0.255792
0.22016
-0.10452
0.0319299
-0.101489
0.28798
-0.337129
0.269858
-0.174194
0.0959635
-0.165654
0.22755
-0.336803
0.419511
-0.26599
0.181929
-0.17558
0.170791
-0.280229
0.298533
-0.28118
0.288255
-0.211062
0.164922
-0.208639
0.274253
-0.253924
0.149279
-0.16309
0.204485
-0.287165
0.26873
-0.0558339
0.0314219
-0.168199
0.186688
-0.205581
0.125436
-0.0847074
0.119698
-0.0833724
0.0167766
-0.0716919
0.143078
-0.152659
0.165811
-0.141398
-0.00475828
-0.0111866
0.0500789
-0.0629682
0.232874
-0.211836
0.030357
-0.0246058
0.041982
-0.165428
0.244145
-0.16609
0.104326
-0.0501567
0.082214
-0.129932
0.099976
-0.168627
0.18175
-0.0977541
0.06561
-0.0858961
0.19366
-0.25329
0.206354
-0.175534
0.113088
-0.121566
0.145523
-0.139824
0.228799
-0.237579
0.161321
-0.0930618
0.0674486
-0.0971211
0.173198
-0.211331
0.149482
-0.164095
0.204774
-0.119735
0.187972
-0.230304
0.100139
-0.135027
0.28557
-0.328191
0.280867
-0.0740284
0.0301737
-0.113472
0.197144
-0.274362
0.253646
-0.207443
0.133354
-0.034328
0.118344
-0.233512
0.279738
-0.233467
0.170902
-0.162653
0.0942162
-0.0979464
0.138791
-0.0550603
0.11607
-0.202649
0.184804
-0.137453
-0.0311377
0.0768222
0.0528622
-0.0875561
0.0719858
-0.0197217
-0.0729082
0.0948741
-0.0691994
0.0606732
-0.05082
-0.00157969
0.00535978
0.0119839
-0.0216782
0.0874533
-0.00997134
0.00636689
-0.130436
0.0457961
0.000784567
0.007202
0.0592074
0.0426281
-0.0809487
0.055404
-0.0433308
-0.107444
0.210793
-0.175371
0.0940415
0.0188089
0.0456517
-0.185827
0.297595
-0.292004
0.184801
-0.0897368
0.103135
-0.250838
0.309208
-0.137661
0.215966
-0.268473
0.15328
-0.135787
0.142197
-0.144994
0.246446
-0.205703
0.119161
-0.0931807
0.161333
-0.179366
0.0847762
0.0741967
-0.117778
-0.0135691
0.14964
-0.0577615
-0.0483325
0.150004
-0.0799292
0.06668
-0.162764
0.106291
-0.0310933
0.0633764
-0.0636657
0.263797
-0.323874
0.11349
0.0309074
0.0343795
-0.145128
0.161804
-0.0388286
0.00903491
0.0140694
-0.00123405
0.0251852
-0.00368828
-0.0750078
-0.00152258
0.0688524
-0.0741535
0.177552
-0.193574
0.230537
-0.240131
0.16161
-0.138739
0.173994
-0.241898
0.355891
-0.353665
0.230693
-0.117558
0.129534
-0.222451
0.257349
-0.271212
0.250949
-0.264507
0.177669
-0.0539433
0.114983
-0.12122
0.109638
-0.0671444
-0.0934732