
-0
-0
-0
-0
-0
-0
-0
-0
-0
-0
-0
-0
-0
-0
-0
-0
-0
-0
-0
-0
-0
-0
-0
-0
-0
-0
-0
-0
-0
-0
-0
-0
-0
-0
-0
-0
-0
-0
-0
-0
-0
-0
-0
-0
-0
-0
-0
-0
-0
-0
-0
-0
-0
-0
-0
-0
-0
-0
-0
-0
-0
-0
-0
-0
-0
-0
-0
-0
-0
-0
-0
-0
-0
-0
-0
-0
-0
-0
-0
-0
-0
-0
-0
-0
-0
-0
-0
-0
-0
-0
-0
-0
-0
-0
-0
-0
-0
-0
-0
-0
-0
-0
-0
-0
-0
-0
-0
-0
-0
-0
-0
-0
-0
-0
-0
-0
-0
-0
-0
-0
-0
-0
-0
-0
-0
-0
-0
-0
-0
-0
-0
-0
-0
-0
-0
-0
-0
-0
-0
-0
-0
-0
-0
-0
-0
-0
-0
-0
-0
-0
-0
-0
-0
-0
-0
-0
-0
-0
-0
-0
3.62767e-05
3.38872e-05
3.33025e-05
2.92029e-05
2.72364e-05
2.57048e-05
2.42405e-05
2.28157e-05
2.13061e-05
2.05163e-05
2.00983e-05
2.00274e-05
1.97676e-05
1.92566e-05
1.90911e-05
1.885e-05
1.83422e-05
1.73999e-05
1.69727e-05
1.6619e-05
1.6507e-05
1.72284e-05
1.79902e-05
1.88501e-05
2.00012e-05
2.01196e-05
1.53162e-05
1.01223e-05
1.23995e-05
1.01416e-05
6.23401e-06
1.9193e-06
-2.82583e-06
-6.74428e-06
-7.96799e-06
-8.38182e-06
-8.07096e-06
-6.89378e-06
-5.76292e-06
-5.01051e-06
-5.38204e-06
-7.26278e-06
-1.06651e-05
-1.44427e-05
-1.89666e-05
-2.3716e-05
-2.56386e-05
-2.9508e-05
-3.33962e-05
-3.63605e-05
-3.77325e-05
-3.76453e-05
-3.63477e-05
-3.43423e-05
-3.16253e-05
-2.81124e-05
-2.40291e-05
-1.99463e-05
-1.59294e-05
-1.19286e-05
-7.78556e-06
-3.66242e-06
2.36912e-07
4.14368e-06
8.20003e-06
1.24315e-05
1.67514e-05
2.08968e-05
2.46574e-05
2.75849e-05
2.94304e-05
2.98598e-05
2.88316e-05
2.67843e-05
2.43573e-05
2.29201e-05
2.40726e-05
2.76982e-05
2.30376e-05
2.09261e-05
2.04361e-05
2.06989e-05
2.14156e-05
2.23039e-05
2.30511e-05
2.34483e-05
2.35518e-05
2.34369e-05
2.34169e-05
2.33424e-05
2.2903e-05
2.19245e-05
2.0054e-05
1.73848e-05
1.4063e-05
1.09432e-05
8.20756e-06
6.32306e-06
5.31645e-06
4.79549e-06
4.45993e-06
3.39296e-06
7.62509e-07
-4.48125e-06
-1.18932e-05
-2.15507e-05
-3.4562e-05
-4.62053e-05
-5.26631e-05
-6.1023e-05
-6.71626e-05
-6.86273e-05
-6.50701e-05
-5.73994e-05
-4.68005e-05
-3.69866e-05
-3.0212e-05
-2.42717e-05
-1.92733e-05
-9.81244e-06
-7.35895e-06
-8.16623e-06
-9.37727e-06
-7.53917e-06
-7.07799e-06
-4.69141e-06
3.90031e-06
1.47235e-05
2.44437e-05
3.12029e-05
3.46208e-05
3.49758e-05
3.34167e-05
3.07001e-05
2.8687e-05
2.82007e-05
2.97845e-05
3.25288e-05
3.44974e-05
3.38842e-05
2.7048e-05
2.29789e-05
1.22912e-05
-1.08238e-06
-1.38332e-05
-2.27525e-05
-2.56559e-05
-2.19202e-05
-1.2808e-05
-1.10789e-06
1.08795e-05
1.65127e-05
1.12976e-05
-6.11103e-06
-3.46264e-05
-7.08108e-05
-0.000103621
-9.81596e-05
-9.60276e-05
-9.77805e-05
-9.89504e-05
-9.11097e-05
-6.76728e-05
-2.92388e-05
1.54394e-05
5.93777e-05
9.36468e-05
0.000116856
0.000132564
0.000143555
0.000145601
0.000141829
0.000133098
0.000123133
0.000118184
0.000116405
0.000115825
0.000113838
0.000108965
0.000102171
9.16592e-05
7.7869e-05
5.55853e-05
4.07853e-05
2.77433e-05
1.50484e-05
4.31296e-06
-4.67151e-06
-1.16897e-05
-1.73721e-05
-2.26239e-05
-2.72545e-05
-3.10973e-05
-3.40564e-05
-3.61892e-05
-3.73442e-05
-3.75341e-05
-3.66041e-05
-3.47275e-05
-3.22789e-05
-2.95296e-05
-2.6719e-05
-2.35467e-05
-1.96873e-05
-1.76435e-05
-1.53794e-05
-5.12262e-06
-3.75293e-06
-7.87684e-07
1.41568e-06
1.41242e-06
-1.42933e-06
-6.82764e-06
-9.21481e-06
-1.32089e-05
-1.88835e-05
-2.38003e-05
-2.67802e-05
-2.756e-05
-2.66759e-05
-2.43736e-05
-2.14555e-05
-1.8201e-05
-1.54953e-05
-1.38846e-05
-1.34934e-05
-1.4009e-05
-1.47723e-05
-1.52167e-05
-1.54038e-05
-1.49452e-05
-1.38329e-05
-1.2133e-05
-9.97681e-06
-7.96762e-06
-6.42928e-06
-5.94736e-06
-6.06212e-06
-6.32215e-06
-6.18068e-06
-4.17712e-06
-3.48732e-06
1.37635e-06
2.43742e-06
5.75984e-06
9.25129e-06
1.22823e-05
1.4265e-05
1.50261e-05
1.44664e-05
1.25862e-05
9.55289e-06
6.42131e-06
3.02359e-06
-6.02405e-07
-4.17241e-06
-8.36639e-06
-1.23296e-05
-1.59979e-05
-1.92609e-05
-2.18507e-05
-2.35353e-05
-2.47133e-05
-2.35149e-05
-2.29322e-05
-2.27898e-05
-2.33419e-05
-2.49885e-05
-2.81008e-05
-3.22904e-05
-3.20459e-05
-3.16976e-05
-3.6181e-05
-4.1752e-05
-4.68293e-05
-5.04116e-05
-5.17723e-05
-5.04317e-05
-4.61931e-05
-4.00534e-05
-3.21682e-05
-2.35092e-05
-1.45087e-05
-6.29398e-06
-1.33059e-06
3.71516e-06
1.05378e-05
1.75891e-05
2.37579e-05
2.83868e-05
3.12176e-05
3.27838e-05
3.35519e-05
3.42682e-05
3.4941e-05
3.59305e-05
3.63616e-05
3.65149e-05
3.63903e-05
3.58425e-05
3.50132e-05
3.37332e-05
3.19827e-05
3.00666e-05
2.80471e-05
2.56996e-05
2.25491e-05
1.93051e-05
1.65647e-05
1.48074e-05
1.43341e-05
1.49878e-05
1.63064e-05
1.78186e-05
1.86848e-05
1.81768e-05
1.56317e-05
1.29271e-05
7.06937e-06
-3.44152e-07
-5.1306e-06
-9.13291e-06
-1.22477e-05
-1.3248e-05
-1.22268e-05
-1.00519e-05
-7.43986e-06
-4.9523e-06
-3.97498e-06
-5.03907e-06
-8.20404e-06
-1.2964e-05
-1.82538e-05
-1.77002e-05
-1.64446e-05
-1.49441e-05
-1.0846e-05
-5.73849e-06
-3.56622e-06
-1.8261e-06
4.29519e-06
7.31439e-06
1.06744e-05
1.26577e-05
1.0158e-05
5.83521e-06
1.46174e-06
-1.49972e-06
-2.25524e-06
-1.52282e-06
6.59094e-07
5.36737e-06
7.67334e-06
7.37509e-06
5.07678e-06
1.93448e-06
-7.85897e-07
-1.74177e-06
3.97802e-07
-2.27681e-07
8.20759e-06
1.96581e-05
3.12629e-05
3.98146e-05
4.42094e-05
4.39102e-05
3.9313e-05
3.27413e-05
2.59902e-05
2.09403e-05
1.81631e-05
1.75552e-05
1.80374e-05
1.94954e-05
1.81716e-05
1.33499e-05
3.24274e-06
-1.13119e-05
-2.88829e-05
-4.6927e-05
-6.16233e-05
-6.99388e-05
-7.39981e-05
-7.4733e-05
-7.30975e-05
-7.59793e-05
-8.59877e-05
-0.000106302
-0.00014174
-0.000192257
-0.000250841
-0.000309446
-0.000370415
-0.000428408
-0.00048441
-0.000549577
-0.000623716
-0.000697404
-0.000772202
-0.000851884
-0.000928508
-0.000998302
-0.00102478
-0.00101145
-0.000976704
-0.000898024
-0.000769071
-0.000677677
-0.000422315
-0.00039686
-0.000344009
-0.000188937
-6.40599e-05
1.48307e-05
5.84676e-05
7.15088e-05
7.05392e-05
6.96857e-05
8.25039e-05
0.000103865
0.000146464
0.000196236
0.00025518
0.000312122
0.000356186
0.000393315
0.000414259
0.00042597
0.000435329
0.000451208
0.000471204
0.000496648
0.000530357
0.000570587
0.000614368
0.000652505
0.000680916
0.000703192
0.000715016
0.00071873
0.000722265
0.000726258
0.000732481
0.00074431
0.000760808
0.000778653
0.000793729
0.000806837
0.000815516
0.00081875
0.00081523
0.00081712
0.000813131
0.00081149
0.000812802
0.000817937
0.000822776
0.000825787
0.000829375
0.000828594
0.000823862
0.000816461
0.000809062
0.000800015
0.000796779
0.000798331
0.000811713
0.00082701
0.000847114
0.000861664
0.000876806
0.000887823
0.000894568
0.000899577
0.000899578
0.000902337
0.000901451
0.000904426
0.000910217
0.000917319
0.000918808
0.00092089
0.000914327
0.000893931
0.000869006
0.000844979
0.000838186
0.000816632
0.00079587
0.000773447
0.000752911
0.000734752
0.000716629
0.000704459
0.000691692
0.000682177
0.000676941
0.000678362
0.000680973
0.000688845
0.000700504
0.000713589
0.000722702
0.000735349
0.000731147
0.000719803
0.000700995
0.000670654
0.000646043
0.00061981
0.000594291
0.000568452
0.000536519
0.000510464
0.000473879
0.000461902
0.000468744
0.000514955
0.00060582
0.000746525
0.000919952
0.00110218
0.00127286
0.0013936
0.0014239
0.00136124
0.00116339
0.00083722
0.000604201
0.000270076
-0.000145904
-0.000637728
-0.00115536
-0.00164203
-0.00206878
-0.00240302
-0.0026254
-0.00272196
-0.00271846
-0.00260377
-0.00241386
-0.00228065
-0.00214032
-0.00191984
-0.00166524
-0.00142846
-0.00120165
-0.001005
-0.000830634
-0.000659479
-0.000520604
-0.000402935
-0.000309793
-0.000234288
-0.000152884
-0.000105298
-6.59903e-05
-4.74601e-05
-4.05028e-05
-5.69844e-05
-8.97428e-05
-0.000129745
-0.000167344
-0.00020223
-0.000225794
-0.000241148
-0.000243996
-0.000249112
-0.000256431
-0.000271014
-0.00029962
-0.000334962
-0.000371502
-0.000407487
-0.000432629
-0.00044786
-0.000447119
-0.000436676
-0.000418911
-0.0004061
-0.000397387
-0.000402425
-0.000411291
-0.000416992
-0.000396713
-0.000340954
-0.000236813
-8.75677e-05
0.000118247
0.000335434
0.000575419
0.000780247
0.0009617
0.00105699
0.00111272
0.0011617
0.0012153
0.00126199
0.0013012
0.00133889
0.00134978
0.00143477
0.00158943
0.00177708
0.00194781
0.00209441
0.00217671
0.00217542
0.00212072
0.00202511
0.00191916
0.00184198
0.00181547
0.00185551
0.001938
0.00204858
0.00215601
0.0022297
0.00224304
0.00218505
0.00206155
0.00190223
0.00173077
0.00151875
0.00132239
0.00110982
0.000864268
0.000503093
8.56691e-05
-0.000425155
-0.00094578
-0.00142168
-0.00178082
-0.00197651
-0.00195377
-0.00170482
-0.00124813
-0.00091817
-0.000640673
-0.000357461
-4.14548e-05
0.00017236
0.000269607
0.000207459
-1.15202e-05
-0.000372067
-0.000804591
-0.00128176
-0.00172313
-0.00212448
-0.00246336
-0.0028005
-0.0031548
-0.00354684
-0.00395396
-0.00433543
-0.00461794
-0.00472707
-0.00458609
-0.00416168
-0.00380191
-0.00332884
-0.0026627
-0.00187042
-0.0010325
-0.00031908
0.00019845
0.000494949
0.000582851
0.00052978
0.000394196
0.000248937
0.000193448
0.000199527
0.000291751
0.000414258
0.000545476
0.000623775
0.000587699
0.00039792
8.15823e-05
-0.00014833
-0.000405213
-0.000726496
-0.0010868
-0.00138696
-0.00162145
-0.0017761
-0.00184065
-0.00182681
-0.0017739
-0.00171493
-0.00163582
-0.00153843
-0.00141411
-0.00126672
-0.00105442
-0.000787078
-0.000479377
-0.000154894
0.000176695
0.000464204
0.000701375
0.000889387
0.00104982
0.00117976
0.00127514
0.00133915
0.00137883
0.00139726
0.00138647
0.00135031
0.00127414
0.00116998
0.00103987
0.000901119
0.000753916
0.00060653
0.000474119
0.000364427
0.00028521
0.000232809
0.000209152
0.00019545
0.000182366
0.00018244
0.000228884
0.000317096
0.000454805
0.000647158
0.000893988
0.00115196
0.00142315
0.00171282
0.00199229
0.00226804
0.00253087
0.0027792
0.00300342
0.00322227
0.00343841
0.0036581
0.00385137
0.00398583
0.00404583
0.00400358
0.00386564
0.00363837
0.0033989
0.00314538
0.0028671
0.00259021
0.00232528
0.0020205
0.00167403
0.00127923
0.000819394
0.000329689
-0.000185925
-0.000720121
-0.00123741
-0.00168974
-0.00206796
-0.0023699
-0.00261045
-0.00283707
-0.00304422
-0.00324512
-0.00345523
-0.00365091
-0.00378485
-0.00382599
-0.00371128
-0.00338861
-0.00289422
-0.00218664
-0.0012717
-0.000355109
0.000521374
0.00126408
0.00195237
0.00236609
0.00269779
0.00295337
0.00281147
0.00238862
0.00177488
0.00111883
0.00053406
2.14739e-06
-0.000424021
-0.000750468
-0.000932545
-0.00102992
-0.000981709
-0.000721658
-0.000196309
0.00060027
0.00143927
0.00242175
0.00353206
0.00467165
0.00584283
0.00683143
0.00757673
0.0079139
0.00779748
0.00734022
0.00650114
0.00532233
0.00394759
0.00254134
0.00123371
6.66676e-05
-0.00092235
-0.00168671
-0.00220438
-0.00263833
-0.0030615
-0.00339069
-0.0035635
-0.00354942
-0.00336304
-0.00305032
-0.00265727
-0.00215555
-0.00159743
-0.00100478
-0.000483555
-9.71004e-05
4.74226e-05
-3.38656e-07
-0.000188637
-0.000450519
-0.000931618
-0.00159801
-0.00238789
-0.00326064
-0.00410318
-0.00491583
-0.00560663
-0.00609079
-0.00643971
-0.00665029
-0.00670557
-0.00674571
-0.00673508
-0.00663381
-0.00644291
-0.00613353
-0.00564716
-0.00499818
-0.00423263
-0.00343874
-0.00259722
-0.00172897
-0.000849498
4.06189e-06
0.000825143
0.00155595
0.00219959
0.00274044
0.0031984
0.00358178
0.0039169
0.00421144
0.00448606
0.00469956
0.00486877
0.00496065
0.00497378
0.00489758
0.00478352
0.00465916
0.00454383
0.00449586
0.00451108
0.00450566
0.00448025
0.0044494
0.00438187
0.00432929
0.00432653
0.00428777
0.00419718
0.00405406
0.00388626
0.00370689
0.0035379
0.00339004
0.00321778
0.00301889
0.00279296
0.00256749
0.00230382
0.00196934
0.00158227
0.00116695
0.000756773
0.000369597
-1.2066e-05
-0.00031436
-0.000525372
-0.000646402
-0.000666484
-0.000650467
-0.000644582
-0.000703817
-0.000876409
-0.00117968
-0.00159044
-0.00197308
-0.00236382
-0.00275026
-0.00312002
-0.00347165
-0.0038342
-0.00414299
-0.00438084
-0.00456113
-0.00466004
-0.00470696
-0.00467141
-0.00455256
-0.00433627
-0.00404444
-0.00367229
-0.00323679
-0.00275228
-0.00226394
-0.00181478
-0.00144331
-0.00116464
-0.000979647
-0.000844627
-0.000788495
-0.000775973
-0.000759622
-0.000750705
-0.000696437
-0.000595692
-0.000464252
-0.000329313
-0.000224196
-0.000164
-0.000157141
-0.000239271
-0.000405069
-0.000630509
-0.000869883
-0.00109377
-0.00127476
-0.00140812
-0.00150689
-0.00160245
-0.00171673
-0.00188458
-0.00210821
-0.00238331
-0.00268082
-0.00290064
-0.00298919
-0.00297164
-0.00279015
-0.00243455
-0.00200725
-0.00158131
-0.00116792
-0.000779198
-0.000464313
-0.000200672
-2.15211e-05
5.16082e-05
4.94901e-05
-6.29872e-06
-7.48211e-05
-0.000130239
-0.000133788
-0.000113426
-5.90007e-05
3.55873e-05
0.000182415
0.000379976
0.000604593
0.000875972
0.0012103
0.0015959
0.00196234
0.00229842
0.00249745
0.00259073
0.00256612
0.00234757
0.00193591
0.0014051
0.000828474
0.000316605
-6.40268e-05
-0.000263011
-0.00031644
-0.000352636
-0.000359834
-0.000362347
-0.000429443
-0.000494798
-0.000574097
-0.000698333
-0.000962411
-0.00136135
-0.00188994
-0.00251046
-0.00312882
-0.00367402
-0.00410723
-0.00439217
-0.00461698
-0.00480676
-0.00497029
-0.00512913
-0.00527311
-0.00541886
-0.00551567
-0.00560457
-0.00573299
-0.00584005
-0.00594551
-0.0060328
-0.00612851
-0.00620649
-0.00624785
-0.00620411
-0.00602022
-0.00574384
-0.00542323
-0.00497739
-0.00434662
-0.00351408
-0.00250839
-0.00147405
-0.000359194
0.000785821
0.00194947
0.00307528
0.00407585
0.0048844
0.00546177
0.00573833
0.00591319
0.00592538
0.00572469
0.00528269
0.00467296
0.00391775
0.00308233
0.00225237
0.00146837
0.000665174
-9.28428e-05
-0.000752784
-0.00125496
-0.00162061
-0.00185504
-0.00194397
-0.00191315
-0.00179606
-0.00165912
-0.00152866
-0.00144178
-0.00142221
-0.00142346
-0.00139647
-0.00135646
-0.00126599
-0.00110875
-0.000884613
-0.000659599
-0.000414366
-0.000163897
9.71411e-05
0.000365025
0.000572164
0.000694419
0.000744277
0.000758977
0.00077641
0.000836299
0.000967871
0.00113183
0.00127447
0.00138055
0.00143443
0.00138353
0.00125723
0.00114148
0.0010517
0.00102966
0.000916938
0.00078825
0.000768285
0.000892741
0.00113668
0.00145073
0.00179687
0.00206192
0.00231406
0.00245853
0.00246105
0.00234385
0.00214203
0.00194789
0.00184212
0.0018563
0.00191443
0.00198644
0.00210469
0.00225039
0.00241347
0.00255059
0.00264806
0.00270333
0.0027281
0.00271313
0.00270866
0.0027324
0.0028259
0.00298605
0.00318748
0.00344166
0.00373707
0.00404156
0.0043168
0.00457528
0.00484135
0.00512338
0.00541514
0.00572523
0.00599436
0.00617244
0.00637278
0.00654958
0.00664282
0.00662805
0.00649338
0.00625538
0.00588433
0.00534928
0.00490728
0.00430166
0.00353972
0.00259442
0.00154199
0.000525472
-0.00043249
-0.00135102
-0.00220553
-0.00296815
-0.00361067
-0.00414851
-0.00461141
-0.00504057
-0.00548004
-0.0059774
-0.00649145
-0.00702066
-0.00757913
-0.00811209
-0.00854003
-0.00885471
-0.00895622
-0.00878573
-0.00835618
-0.00768072
-0.00678208
-0.00576132
-0.00474893
-0.00379916
-0.0030415
-0.00249382
-0.00205728
-0.00182241
-0.00181212
-0.00198564
-0.00223125
-0.00248179
-0.00265941
-0.00283251
-0.00296311
-0.00299483
-0.00291571
-0.00276406
-0.00256955
-0.0023411
-0.00212104
-0.00196554
-0.00178698
-0.00149741
-0.00108053
-0.000638378
-6.99292e-05
0.000583231
0.00124721
0.00182119
0.00219326
0.00255675
0.00281022
0.00290224
0.00281591
0.00263829
0.00246631
0.00238052
0.00241672
0.00261738
0.00294526
0.00331064
0.0036049
0.0037177
0.00363795
0.00331439
0.00272184
0.00198387
0.00126407
0.000612329
0.000109662
-0.000437086
-0.00082821
-0.00102325
-0.00109299
-0.000976743
-0.000689947
-0.000179813
0.00047753
0.00121189
0.0017052
0.00214794
0.00271676
0.0035384
0.00469389
0.00607953
0.00759294
0.00906135
0.0103652
0.0114044
0.0121511
0.0124964
0.012575
0.0124253
0.0120682
0.0115368
0.0108388
0.0099912
0.00907197
0.007832
0.00615783
0.00416517
0.00172688
-0.00106223
-0.00389443
-0.00657579
-0.00881837
-0.0104033
-0.0110208
-0.0107827
-0.0100173
-0.008727
-0.00686393
-0.00473707
-0.00264084
-0.000944418
-8.03832e-05
-0.000367512
-0.00180506
-0.0038337
-0.00607318
-0.00815217
-0.00966811
-0.0106582
-0.0109728
-0.0110647
-0.0109792
-0.0106946
-0.0103008
-0.00991004
-0.00939127
-0.00871831
-0.00794882
-0.00712304
-0.00617583
-0.00524216
-0.00434175
-0.00334447
-0.00238588
-0.0016611
-0.00102835
-0.000700743
-0.000814035
-0.00142857
-0.0022242
-0.00301222
-0.00350841
-0.00393668
-0.00415873
-0.00427515
-0.0042607
-0.00403759
-0.00355659
-0.00294595
-0.00226339
-0.00155965
-0.000756717
-0.000301465
-0.000342842
-0.000762029
-0.00143009
-0.00204479
-0.00249236
-0.0028154
-0.00316752
-0.00351605
-0.00383843
-0.00399526
-0.00398526
-0.00384901
-0.00350937
-0.00304256
-0.00264203
-0.00217843
-0.00194696
-0.00209658
-0.00266305
-0.00348081
-0.00428739
-0.00473258
-0.00454775
-0.00380533
-0.00288309
-0.00156217
0.000120574
0.00202104
0.00389891
0.00541829
0.00630026
0.00664297
0.0065771
0.00619148
0.00554153
0.00476193
0.0040274
0.00344244
0.00306897
0.00289632
0.00270559
0.00242483
0.00205775
0.00168381
0.00141709
0.00133145
0.00134662
0.00139695
0.00147392
0.0015993
0.00127216
0.000322077
-0.00103441
-0.00238033
-0.00327949
-0.00387602
-0.00456628
-0.0055787
-0.0067846
-0.00792399
-0.00883312
-0.00947339
-0.00963102
-0.00937871
-0.0088618
-0.0083844
-0.00815281
-0.007982
-0.00741315
-0.00663097
-0.00568355
-0.00457369
-0.00336641
-0.00229334
-0.00132511
-0.000777519
-0.000251529
0.000301378
0.00103989
0.0022071
0.00317133
0.00381784
0.00397134
0.00372356
0.0036433
0.00358503
0.0036244
0.00367287
0.00372303
0.00338661
0.00256386
0.00141437
0.000240814
-0.000574653
-0.00111149
-0.00130144
-0.00106505
-0.000367982
0.000999671
0.00285356
0.00478925
0.00632903
0.00710126
0.00710352
0.00643368
0.00533064
0.0038885
0.00279401
0.00254504
0.0026348
0.00265657
0.00298646
0.00340753
0.00411935
0.00507635
0.00597953
0.00716034
0.00851219
0.00945207
0.00956758
0.0086892
0.00700495
0.00511814
0.00336167
0.00187701
0.000629332
-0.000604711
-0.0014215
-0.00165367
-0.00131123
-0.000552299
0.00034781
0.0013689
0.00254409
0.00365281
0.00491484
0.00627676
0.00714815
0.00749539
0.00763413
0.00788759
0.00815821
0.00839282
0.00866381
0.00897897
0.00906166
0.00886969
0.00868386
0.0087447
0.00919246
0.00949197
0.00926538
0.00855326
0.00768863
0.00706054
0.00665062
0.00614954
0.0053858
0.00429393
0.00313378
0.00190811
0.000846854
-7.78848e-05
-0.000729106
-0.00096452
-0.000594452
0.000425174
0.00168829
0.00278739
0.00359001
0.00401292
0.00398741
0.00372731
0.00304302
0.00191517
0.000456046
-0.00116737
-0.00290632
-0.00472231
-0.00643053
-0.00764395
-0.00810385
-0.00802549
-0.00770575
-0.00732725
-0.0070302
-0.00693828
-0.00699366
-0.00670765
-0.00599994
-0.00494059
-0.0036966
-0.00238668
-0.00104853
-9.41095e-05
0.000439194
0.000535991
0.000495748
0.000570064
0.000878876
0.00116635
0.00124301
0.00108588
0.000499404
-0.000281827
-0.00127154
-0.0021047
-0.00327676
-0.00460112
-0.00543184
-0.00631298
-0.0080208
-0.00966608
-0.0100206
-0.00867396
-0.0063216
-0.004143
-0.00238362
-0.00076785
0.000430056
0.000543367
-3.18497e-05
-0.000803944
-0.00184486
-0.00311895
-0.00514614
-0.00753225
-0.00966773
-0.01064
-0.0105458
-0.00975836
-0.0084163
-0.00689209
-0.00522747
-0.00365948
-0.00246422
-0.00174763
-0.000893395
0.000217321
0.00157572
0.002921
0.00465472
0.00630182
0.00739552
0.0080514
0.00837157
0.00922672
0.0104338
0.0119841
0.0132298
0.0138905
0.0133765
0.0112587
0.00847645
0.0060068
0.00407257
0.00237369
0.000822515
7.10781e-06
-0.000131591
-1.10981e-06
-0.000266707
-0.000900242
-0.00183808
-0.00303701
-0.00486511
-0.00693828
-0.00854657
-0.0094247
-0.00935052
-0.00836087
-0.00733607
-0.00628117
-0.00527859
-0.00470468
-0.00472094
-0.00513578
-0.00543831
-0.00581651
-0.00643686
-0.00676788
-0.00631752
-0.0060458
-0.00580333
-0.00502518
-0.00419772
-0.00371158
-0.0034034
-0.0032576
-0.00323125
-0.0034019
-0.00364088
-0.00298956
-0.00156621
-0.000286176
0.000737336
0.00203038
0.00384983
0.00605751
0.00825206
0.00985048
0.0104131
0.00932528
0.00756149
0.00545112
0.00311345
0.00117818
4.16571e-05
-0.000695379
-0.00168723
-0.00288386
-0.00434803
-0.00640562
-0.00830618
-0.00958952
-0.00979006
-0.0092864
-0.00925756
-0.00891917
-0.00780662
-0.00625562
-0.00462414
-0.00293699
-0.00124241
0.000645491
0.00239159
0.00331944
0.00364499
0.00359642
0.00311089
0.00361319
0.00471193
0.00584882
0.006935
0.00712804
0.00621081
0.00431256
0.00163838
-0.00126699
-0.00406243
-0.00646486
-0.00810723
-0.00890611
-0.00909541
-0.00863888
-0.007272
-0.005193
-0.00294036
-0.000687376
0.00122949
0.00307509
0.00479363
0.00586301
0.00574186
0.00437738
0.00222767
0.000231959
-0.00153946
-0.00337391
-0.00485692
-0.0062211
-0.00750096
-0.00846465
-0.00888395
-0.00834593
-0.00703923
-0.00530896
-0.00216494
0.00177159
0.00560149
0.00921782
0.0116614
0.0126902
0.0125196
0.0120938
0.0113085
0.00978627
0.00765334
0.00456092
0.00073371
-0.00287524
-0.00550493
-0.00665422
-0.00627663
-0.00539068
-0.00368962
-0.00105384
0.00217556
0.00627206
0.0104266
0.0137191
0.0158136
0.016703
0.0161888
0.0138245
0.0107253
0.00849954
0.00659609
0.00453882
0.00301771
0.00172924
0.0009785
0.000389648
-9.02417e-05
-0.00121422
-0.00276474
-0.00402058
-0.00515115
-0.0062304
-0.00677677
-0.00624129
-0.00569592
-0.00526375
-0.00513137
-0.00447577
-0.00319273
-0.00199634
-0.000456157
-0.000234008
-0.00166057
-0.00429275
-0.00748903
-0.0105427
-0.0126675
-0.012266
-0.010517
-0.0095771
-0.00866894
-0.00764003
-0.00578177
-0.00379643
-0.0023531
-0.00145836
-0.000477484
0.000978907
0.00198692
0.00222938
0.00169727
0.000458256
-0.00135475
-0.0039433
-0.00776169
-0.0146818
-0.02235
-0.0283699
-0.0344822
-0.040908
-0.0467964
-0.0516622
-0.0552186
-0.0570456
-0.0572883
-0.056468
-0.0550182
-0.0534116
-0.0518818
-0.05055
-0.0493635
-0.0482061
-0.0470718
-0.0452312
-0.0430144
-0.0404643
-0.0378028
-0.0351849
-0.0326132
-0.0303305
-0.0281508
-0.0257879
-0.0234976
-0.0212358
-0.0183478
-0.0148795
-0.0108865
-0.00688359
-0.00300407
0.000139332
0.00274051
0.00522224
0.00688046
0.00774598
0.00797667
0.00754344
0.00687488
0.00610033
0.00549771
0.00513711
0.0049621
0.00493905
0.00483039
0.00452839
0.00399768
0.00321075
0.00224413
0.00118097
0.000124864
-0.000837278
-0.00168759
-0.00237769
-0.00299277
-0.00362382
-0.0042693
-0.00497145
-0.00573408
-0.00655213
-0.00741791
-0.00828045
-0.00911612
-0.00989804
-0.0104411
-0.0110712
-0.0117362
-0.0122957
-0.0129185
-0.0135256
-0.0140812
-0.014593
-0.0150244
-0.0153497
-0.0155978
-0.015787
-0.0159471
-0.016103
-0.0162725
-0.0164589
-0.0166451
-0.0168074
-0.0169417
-0.017044
-0.0171168
-0.0171752
-0.0172334
-0.0172925
-0.0173473
-0.017351
-0.0172471
-0.0169852
-0.0165121
-0.0158116
-0.0149349
-0.0137504
-0.0123799
-0.010873
-0.00934354
-0.00781758
-0.00644305
-0.00530044
-0.00443874
-0.00385779
-0.00348642
-0.00321736
-0.00296413
-0.00263927
-0.00213008
-0.0014056
-0.000570985
0.000363345
0.00127089
0.00224984
0.0031668
0.00394968
0.00459304
0.00517681
0.00565851
0.00610302
0.00650826
0.00689698
0.00730967
0.00776177
0.00825215
0.00879987
0.00936058
0.00992623
0.0104684
0.0109974
0.0115091
0.0119898
0.012398
0.0128297
0.013232
0.0136271
0.013993
0.0143367
0.0146499
0.0149129
0.0151261
0.0152715
0.0153908
0.0154922
0.0155656
0.0156093
0.0156248
0.0156161
0.0155833
0.0155286
0.0154539
0.0153697
0.0152832
0.0152008
0.0151118
0.0150245
0.0149402
0.0148422
0.0147513
0.0146589
0.0145546
0.014416
0.0142317
0.0140001
0.0137322
0.0134351
0.0131324
0.0128064
0.0124757
0.0121458
0.011824
0.0115271
0.0112446
0.0109498
0.010656
0.0103594
0.0100285
0.00967481
0.00927508
0.00887833
0.00849811
0.00811008
0.00768855
0.00725418
0.0067867
0.0063524
0.00600098
0.00569996
0.0054042
0.00513909
0.00492442
0.00474304
0.0045834
0.00443372
0.00428501
0.00413318
0.00397545
0.00381909
0.00366786
0.00353024
0.00340496
0.00330194
0.00322943
0.00315339
0.00308447
0.00301694
0.00294896
0.00288629
0.00283491
0.00280671
0.00281558
0.00286044
0.00292057
0.00304639
0.00322353
0.0034186
0.00364898
0.00388754
0.00410913
0.0043151
0.0045049
0.00467842
0.00484771
0.00501876
0.00519793
0.00538431
0.00556702
0.00572337
0.00582381
0.00587653
0.00586026
0.00575283
0.00555931
0.00530037
0.00498178
0.00462613
0.00425744
0.003898
0.00355653
0.00325044
0.00293799
0.00263453
0.00232902
0.00205243
0.00181674
0.00163214
0.00151642
0.00150786
0.00159468
0.00178479
0.00209497
0.00248681
0.00294918
0.00343947
0.00394301
0.00445629
0.00490936
0.0052906
0.00559027
0.00584469
0.00605663
0.00623638
0.00638363
0.00659259
0.00681008
0.00706738
0.00734103
0.00762879
0.00780093
0.00799811
0.00818509
0.00836731
0.00851719
0.00863317
0.00866925
0.00862967
0.00846966
0.00819858
0.00782002
0.00736052
0.00681109
0.00622107
0.00561564
0.00508108
0.00455402
0.00407203
0.00370318
0.00346017
0.00330353
0.00323846
0.003236
0.00326752
0.00330245
0.00331152
0.00328063
0.00320372
0.00308962
0.00294969
0.00278771
0.00261006
0.00241018
0.00217026
0.00189822
0.0016062
0.00126669
0.000895178
0.000477718
4.05813e-05
-0.000409058
-0.000880139
-0.00136391
-0.00184217
-0.00234159
-0.00283171
-0.00334691
-0.00386229
-0.00435736
-0.00484243
-0.00529967
-0.00573339
-0.00614223
-0.00652832
-0.00688332
-0.00723036
-0.00755661
-0.00786232
-0.00814141
-0.00836161
-0.00854484
-0.00870555
-0.00883353
-0.00893661
-0.00901666
-0.00906989
-0.00910861
-0.00910603
-0.00908821
-0.00905953
-0.00888415
-0.00864131
-0.00822954
-0.00783913
-0.00736206
-0.00678077
-0.00612002
-0.0054552
-0.00482355
-0.00420962
-0.0036056
-0.00301501
-0.00246947
-0.00192346
-0.00139641
-0.000914593
-0.000492294
-5.35918e-05
0.000453643
0.000985318
0.0015343
0.0020734
0.00255238
0.00297287
0.00336565
0.0037492
0.00410665
0.00442741
0.00469808
0.00491968
0.00509807
0.00524303
0.00536344
0.00543776
0.00546071
0.00544676
0.00541937
0.00541659
0.00546608
0.00560234
0.00580747
0.00599788
0.00619605
0.00640465
0.00663694
0.00685238
0.00703016
0.00715917
0.00723285
0.00725348
0.00723858
0.00720379
0.00716097
0.00712035
0.00708486
0.00705463
0.00702535
0.00697346
0.00692694
0.0068658
0.00678765
0.00669386
0.00658651
0.00647337
0.00637122
0.0062364
0.00607777
0.00589366
0.00574908
0.00551811
0.00527865
0.00502172
0.00475647
0.00449216
0.00424123
0.00402205
0.00384075
0.00370837
0.00360545
0.00350793
0.00336129
0.00323227
0.00307652
0.00291163
0.00272835
0.00259963
0.00251729
0.00249359
0.00250452
0.00256625
0.00260668
0.00259716
0.00248649
0.00224525
0.00189759
0.00146081
0.000842555
0.000370232
-7.90035e-05
-0.00082602
-0.00153471
-0.00212643
-0.00261315
-0.00292438
-0.00316113
-0.00334937
-0.00347108
-0.00354882
-0.00356478
-0.00362012
-0.00367512
-0.00372627
-0.00376908
-0.0037944
-0.00380132
-0.00379324
-0.00376865
-0.00373791
-0.00371283
-0.00370295
-0.00371371
-0.00374644
-0.00380117
-0.00386959
-0.00394211
-0.00401431
-0.00407982
-0.00413785
-0.00419421
-0.00425024
-0.00431444
-0.00438848
-0.00447952
-0.00458922
-0.00470145
-0.00481975
-0.00494006
-0.00505407
-0.00516863
-0.00527954
-0.00539076
-0.00550589
-0.00562917
-0.00575511
-0.00588292
-0.0060036
-0.0061169
-0.00622227
-0.00631583
-0.00640099
-0.00647479
-0.00653836
-0.00660074
-0.0066581
-0.00670982
-0.00675266
-0.00678781
-0.00681669
-0.00683717
-0.00684726
-0.00684678
-0.00683642
-0.00681775
-0.00679102
-0.00675781
-0.00671985
-0.00667282
-0.0066216
-0.00656203
-0.00648864
-0.00640435
-0.00629965
-0.00617418
-0.00602723
-0.00585914
-0.00566601
-0.00544343
-0.00520381
-0.00494617
-0.00467652
-0.00442228
-0.00414629
-0.00384118
-0.00351377
-0.00317229
-0.00284657
-0.00251852
-0.00217473
-0.0017838
-0.00136108
-0.000927163
-0.00050409
-7.04008e-05
0.00034078
0.000734978
0.00109958
0.00145886
0.00179594
0.00208071
0.00237573
0.00264759
0.00289529
0.00312596
0.00333583
0.00351575
0.00367586
0.00382343
0.00395671
0.00407548
0.00419231
0.00432307
0.00447269
0.00463828
0.00481787
0.0049998
0.00518132
0.00537001
0.00555828
0.00576543
0.00598246
0.00624827
0.00659571
0.00708662
0.00777577
0.00870659
0.00996453
0.0115107
0.0134467
0.015746
0.0186204
0.0220856
0.0258928
0.0300043
0.0343346
0.0391639
0.0441021
0.0495571
0.0549252
0.0604168
0.06582
0.0713597
0.0769616
0.0831065
0.0890287
0.0953065
0.101608
0.107926
0.114223
0.120538
0.126485
0.132474
0.138284
0.144165
0.150056
0.156391
0.16293
0.16967
0.175384
0.181584
0.187722
0.193531
0.19892
0.203966
0.208345
0.212503
0.216096
0.219157
0.221772
0.223909
0.225516
0.226468
0.226858
0.226722
0.225926
0.224165
0.221659
0.21862
0.214877
0.21059
0.205718
0.200696
0.195488
0.189536
0.183204
0.176019
0.168357
0.160223
0.151455
0.142527
0.132858
0.122799
0.112932
0.10327
0.0937063
0.0847805
0.0765379
0.069121
0.0621188
0.0559918
0.0505729
0.0458237
0.0418817
0.0387034
0.0363558
0.034714
0.0337812
0.0334423
0.0336256
0.0342447
0.0351697
0.0363047
0.0374441
0.0386845
0.039886
0.041125
0.042329
0.0435041
0.0446223
0.0456644
0.0466532
0.0474843
0.0481447
0.0486449
0.0489583
0.0491369
0.0492406
0.0492539
0.0491807
0.0490277
0.048731
0.0482789
0.0476691
0.0468791
0.0459772
0.0449517
0.0439055
0.0428864
0.0419035
0.041036
0.0402244
0.0395115
0.038877
0.038276
0.03773
0.0372081
0.0367349
0.0363191
0.0359839
0.0357592
0.0356311
0.0355506
0.0354427
0.0352291
0.0347243
0.0338347
0.0325418
0.0308647
0.0289056
0.0267787
0.024468
0.0223313
0.0201058
0.0180368
0.0162672
0.0148323
0.0137768
0.0130234
0.0124612
0.0119924
0.0115247
0.0110017
0.0104119
0.00977763
0.00911249
0.0085167
0.00808312
0.00784874
0.00780828
0.00791911
0.00810942
0.00831178
0.00853979
0.00874008
0.0088711
0.00891898
0.00889215
0.00885359
0.00879533
0.00874685
0.00872195
0.0087254
0.00874971
0.00878221
0.00880809
0.00881335
0.0087962
0.00876343
0.00872811
0.00870494
0.00870083
0.00872642
0.0087797
0.00885113
0.00892731
0.00899568
0.00904321
0.00906847
0.00907538
0.00907477
0.00907589
0.0090905
0.00912438
0.00917667
0.00924321
0.00931352
0.00937656
0.00941956
0.00944588
0.00945214
0.00944856
0.00944692
0.00945787
0.0094876
0.00953489
0.00958931
0.00963812
0.00965572
0.00961957
0.00953657
0.00939715
0.00923133
0.00903458
0.00881749
0.00861619
0.00846008
0.00835073
0.00825459
0.00812982
0.00791485
0.00750397
0.00680144
0.00560983
0.00406688
0.00202603
-0.000554376
-0.00368885
-0.00732944
-0.0114398
-0.0157702
-0.020193
-0.0247675
-0.0293881
-0.0341599
-0.0387346
-0.0429174
-0.0466885
-0.050269
-0.0533231
-0.0559004
-0.0582782
-0.0602683
-0.0619338
-0.0631508
-0.0640108
-0.0645543
-0.064888
-0.0650788
-0.0652225
-0.0653916
-0.0656531
-0.06604
-0.066546
-0.0670306
-0.0676708
-0.0683392
-0.0690276
-0.069821
-0.0707644
-0.0719057
-0.0733687
-0.0751835
-0.0774383
-0.0800834
-0.0829179
-0.0866948
-0.0908339
-0.0947143
-0.0990486
-0.103689
-0.108215
-0.11264
-0.116892
-0.12112
-0.125197
-0.129369
-0.133587
-0.138121
-0.142693
-0.14705
-0.151342
-0.155341
-0.159245
-0.162816
-0.165999
-0.168743
-0.171454
-0.174044
-0.176367
-0.178493
-0.180387
-0.182097
-0.183539
-0.184678
-0.185206
-0.185547
-0.185883
-0.186003
-0.186073
-0.18618
-0.185865
-0.18509
-0.183457
-0.180421
-0.175937
-0.169087
-0.162681
-0.154631
-0.145714
-0.133553
-0.123715
-0.114403
-0.105183
-0.0975158
-0.0914415
-0.0871228
-0.0844247
-0.0830545
-0.0824773
-0.0824678
-0.0827005
-0.0828703
-0.0828225
-0.0825636
-0.0821831
-0.0818059
-0.0814794
-0.0813561
-0.0814868
-0.0818413
-0.0823078
-0.082762
-0.0830472
-0.083079
-0.0828386
-0.0822535
-0.0814249
-0.0803903
-0.0795508
-0.078178
-0.0771935
-0.0760683
-0.0747595
-0.0734256
-0.0721732
-0.0713741
-0.0709873
-0.0709753
-0.0712415
-0.0716341
-0.0719752
-0.0721412
-0.0720133
-0.0715982
-0.0709511
-0.0702808
-0.0697827
-0.0697142
-0.0703213
-0.0714309
-0.0731295
-0.0747217
-0.0760818
-0.0774377
-0.0786419
-0.0793054
-0.0795047
-0.0791466
-0.0782286
-0.0769079
-0.0753872
-0.0739992
-0.0728643
-0.072004
-0.0715094
-0.0713519
-0.0714253
-0.0716191
-0.0718334
-0.0720238
-0.0722403
-0.0723984
-0.0726059
-0.0728895
-0.0732306
-0.0735943
-0.0739229
-0.0741532
-0.0742718
-0.0742811
-0.0742461
-0.0742419
-0.0743533
-0.0746686
-0.0750995
-0.0756235
-0.0761084
-0.0764132
-0.0764542
-0.0761211
-0.0754866
-0.0746827
-0.0741466
-0.0737863
-0.0737719
-0.0740081
-0.0741864
-0.0739156
-0.0727011
-0.0702023
-0.0661633
-0.0617921
-0.0571697
-0.0491016
-0.0409348
-0.0329999
-0.0255679
-0.0203459
-0.014685
-0.00942278
-0.00612595
-0.00506029
-0.0050347
-0.00553692
-0.00629182
-0.00688467
-0.00708722
-0.00687616
-0.00637483
-0.00576515
-0.00525351
-0.00498707
-0.0050297
-0.00533233
-0.00578114
-0.00622977
-0.00653995
-0.0066345
-0.00648964
-0.00616639
-0.00574244
-0.00536177
-0.00502668
-0.00491964
-0.00481199
-0.00474566
-0.00463635
-0.00450853
-0.00424844
-0.00385346
-0.00328925
-0.00283679
-0.00241324
-0.00207969
-0.00187952
-0.00182367
-0.00187306
-0.00199674
-0.00211494
-0.00217265
-0.00215624
-0.00207698
-0.00196775
-0.00186676
-0.00180685
-0.00181093
-0.00187252
-0.00196728
-0.00206383
-0.00213233
-0.00215121
-0.00211941
-0.00205129
-0.00198457
-0.00194126
-0.00194799
-0.00201806
-0.00212367
-0.00224175
-0.00234585
-0.00239726
-0.00238015
-0.00230514
-0.00220242
-0.00211515
-0.00208587
-0.00216092
-0.00233789
-0.00257931
-0.00279836
-0.00286011
-0.00285341
-0.0022184
-0.000641714
0.00170508
0.00498598
0.00945891
0.0129803
0.0203086
0.0287405
0.0388636
0.0507946
0.0632056
0.0724365
0.0859768
0.0987896
0.110245
0.117793
0.1273
0.135244
0.141886
0.147472
0.152005
0.155593
0.158948
0.161919
0.163779
0.166555
0.168512
0.170583
0.172151
0.173053
0.173399
0.173457
0.173213
0.172831
0.172508
0.172255
0.172154
0.172195
0.172327
0.172436
0.172465
0.172423
0.17233
0.172227
0.172165
0.172125
0.172165
0.172272
0.172412
0.17254
0.172635
0.17265
0.17259
0.172419
0.172091
0.171656
0.17099
0.169813
0.167421
0.163851
0.158894
0.151339
0.141743
0.130346
0.117139
0.101694
0.0856708
0.0700175
0.0540119
0.0403092
0.0281902
0.0185957
0.0114384
0.00658009
0.00336711
0.00188718
0.00133556
0.00147504
0.00176733
0.00195106
0.00200743
0.00176653
0.00134048
0.000892863
0.000583964
0.000579057
0.000925623
0.00155724
0.00230764
0.00306376
0.0036739
0.00414719
0.0045137
0.0049263
0.00563019
0.00680355
0.00821406
0.0101215
0.0127829
0.0156947
0.0190972
0.0219767
0.0248217
0.0286469
0.0314887
0.0344039
0.0366377
0.0381928
0.039375
0.0405948
0.0418793
0.0434332
0.0454245
0.0481214
0.0511917
0.0543082
0.0576514
0.0609088
0.0628301
0.0644968
0.0663274
0.0675408
0.0683976
0.0689686
0.0694081
0.0697749
0.0701557
0.0703837
0.0702789
0.069625
0.0682857
0.0666295
0.0641012
0.0622949
0.0590175
0.0556364
0.0523744
0.0492903
0.0466879
0.0445056
0.0427784
0.0412974
0.0399266
0.0386233
0.0373963
0.0362738
0.0353292
0.0348333
0.0345874
0.0344952
0.0345884
0.0347053
0.0346765
0.0344076
0.0339862
0.0334158
0.0330565
0.033319
0.0346455
0.0375753
0.0408845
0.0465262
0.0532646
0.0585011
0.0659857
0.071052
0.0756813
0.0808731
0.0846089
0.0871684
0.0885733
0.0898385
0.0911647
0.0928745
0.0954342
0.0978919
0.102206
0.107498
0.113127
0.118672
0.12553
0.130112
0.137534
0.145625
0.154388
0.164276
0.174315
0.185523
0.195601
0.207306
0.219041
0.23004
0.242328
0.255354
0.268361
0.282009
0.293952
0.304013
0.313979
0.322698
0.330387
0.333547
0.341408
0.350038
0.359929
0.36762
0.379947
0.392115
0.4005
0.407252
0.411098
0.414047
0.414636
0.414171
0.414103
0.415115
0.418714
0.423603
0.428325
0.430778
0.427139
0.419169
0.397265
0.365294
0.331295
0.293573
0.241213
0.204454
0.169804
0.124899
0.0868949
0.0568604
0.0341252
0.022408
0.00712708
-0.00704271
-0.0235387
-0.0416142
-0.0563816
-0.0731137
-0.09735
-0.119266
-0.13819
-0.14875
-0.163006
-0.175419
-0.186671
-0.199864
-0.21417
-0.230631
-0.247556
-0.264872
-0.281906
-0.297838
-0.31252
-0.326015
-0.340249
-0.349576
-0.365134
-0.381748
-0.39856
-0.410282
-0.426102
-0.439361
-0.449713
-0.457042
-0.462228
-0.466205
-0.470246
-0.474857
-0.480027
-0.484948
-0.488391
-0.487692
-0.479335
-0.46247
-0.436169
-0.401262
-0.368584
-0.332219
-0.293837
-0.256737
-0.215766
-0.182643
-0.155997
-0.136816
-0.122123
-0.110846
-0.0992577
-0.0859623
-0.0712642
-0.0584561
-0.0436735
-0.028958
-0.0151314
-0.00353374
0.00425506
0.00837051
0.00924574
0.00808613
0.00622042
0.00478805
0.00445523
0.00549611
0.00754767
0.0099937
0.0120772
0.0132542
0.0132493
0.0121677
0.0103234
0.00835579
0.00675131
0.00578672
0.00576226
0.00645709
0.00753653
0.00842934
0.00890059
0.00869674
0.00778613
0.00635696
0.00478504
0.00329405
0.00219195
0.00162431
0.00159291
0.00199657
0.00247387
0.00269026
0.00266832
0.00221243
0.00129934
0.000178945
-0.00092779
-0.00172501
-0.00212604
-0.00207177
-0.00162985
-0.000957932
-0.000302781
7.03501e-05
-6.46353e-05
-0.000888806
-0.00240884
-0.00440612
-0.00668048
-0.00887089
-0.0109855
-0.0130684
-0.0154202
-0.0175448
-0.0192975
-0.020796
-0.0219041
-0.0225977
-0.0228424
-0.0227633
-0.0224705
-0.0220585
-0.0215995
-0.0211446
-0.0207141
-0.0204281
-0.0201479
-0.0198214
-0.0194389
-0.0189839
-0.0184636
-0.0178074
-0.0173065
-0.0168598
-0.0165016
-0.0161561
-0.0159166
-0.0158166
-0.0156816
-0.0156128
-0.0154684
-0.0153454
-0.0152
-0.0150574
-0.0149516
-0.0149003
-0.0149241
-0.0150238
-0.0151899
-0.0153991
-0.0156353
-0.0158774
-0.0161817
-0.0164191
-0.0166635
-0.0169202
-0.0172019
-0.0175003
-0.0178449
-0.0182112
-0.0186006
-0.0189851
-0.0193675
-0.019725
-0.0200585
-0.0203682
-0.0206339
-0.0209
-0.0211528
-0.0213885
-0.0216131
-0.0218268
-0.0220274
-0.022214
-0.0223777
-0.0225185
-0.0226258
-0.0227031
-0.0227412
-0.0227445
-0.0227181
-0.0226754
-0.0226346
-0.022626
-0.0226802
-0.022829
-0.0230171
-0.0232666
-0.0236168
-0.0241095
-0.0247496
-0.0255857
-0.0265621
-0.0277576
-0.0293019
-0.0306517
-0.0323955
-0.0343726
-0.0365809
-0.0389105
-0.0411934
-0.0434798
-0.0457673
-0.0481135
-0.0505458
-0.0530793
-0.0555737
-0.0579688
-0.0603586
-0.062655
-0.0648558
-0.0668961
-0.0693232
-0.0710265
-0.0731298
-0.0745561
-0.075961
-0.0772174
-0.0784267
-0.0796255
-0.0809376
-0.0823908
-0.0838975
-0.0855296
-0.08713
-0.088794
-0.0903515
-0.0917249
-0.0929492
-0.0937878
-0.0946008
-0.0952928
-0.0961099
-0.0969995
-0.0981182
-0.0995005
-0.100892
-0.102493
-0.104152
-0.105787
-0.107445
-0.108961
-0.110276
-0.111384
-0.112272
-0.112957
-0.113451
-0.113793
-0.114054
-0.114253
-0.114431
-0.114621
-0.114832
-0.115075
-0.115362
-0.115702
-0.116052
-0.116477
-0.116955
-0.117446
-0.117925
-0.118329
-0.118682
-0.119033
-0.1194
-0.11972
-0.120006
-0.12029
-0.120594
-0.120893
-0.121224
-0.12154
-0.121879
-0.122243
-0.122557
-0.122816
-0.123017
-0.123155
-0.123234
-0.12327
-0.123319
-0.123401
-0.123515
-0.123683
-0.123893
-0.124123
-0.124377
-0.124643
-0.124933
-0.125238
-0.12555
-0.12586
-0.126182
-0.126507
-0.126857
-0.127228
-0.127573
-0.127936
-0.128285
-0.128612
-0.12892
-0.129203
-0.129451
-0.129673
-0.129894
-0.1301
-0.130281
-0.130437
-0.130559
-0.130662
-0.130737
-0.130786
-0.130821
-0.130856
-0.130901
-0.130963
-0.13104
-0.131122
-0.131195
-0.13125
-0.131289
-0.131315
-0.131343
-0.131392
-0.131491
-0.131646
-0.131837
-0.132003
-0.132077
-0.132008
-0.131772
-0.131233
-0.130183
-0.128545
-0.126376
-0.12358
-0.120392
-0.116343
-0.111725
-0.106677
-0.101309
-0.0953879
-0.089499
-0.083737
-0.07815
-0.0728838
-0.0681152
-0.0637517
-0.0600791
-0.0566125
-0.0538097
-0.0514837
-0.0495317
-0.0478784
-0.0465534
-0.0452827
-0.0441081
-0.0429417
-0.0417969
-0.0406984
-0.0396193
-0.0386218
-0.0377236
-0.0369273
-0.0362156
-0.035661
-0.0350959
-0.0345874
-0.034084
-0.033603
-0.0331349
-0.0326729
-0.0322387
-0.0319132
-0.031638
-0.0313974
-0.0312062
-0.0310368
-0.0308678
-0.0306808
-0.0304729
-0.0302493
-0.0300557
-0.0298623
-0.0296648
-0.029455
-0.0292552
-0.0290788
-0.0289432
-0.0288575
-0.0287897
-0.0287398
-0.0286664
-0.0285769
-0.0284375
-0.0282419
-0.0280077
-0.0277561
-0.027462
-0.027137
-0.0268119
-0.026509
-0.0262399
-0.0259871
-0.0257666
-0.0255785
-0.0254331
-0.0252924
-0.0251677
-0.0250541
-0.0249525
-0.0248658
-0.0247774
-0.0246939
-0.0246122
-0.0245398
-0.0244845
-0.0244493
-0.0244369
-0.0244493
-0.0244846
-0.0245408
-0.0246138
-0.0246979
-0.0247933
-0.0249026
-0.0250226
-0.0251539
-0.0252991
-0.0254582
-0.0256277
-0.0257967
-0.0259598
-0.0260983
-0.0262102
-0.0262771
-0.0263
-0.0262831
-0.0262429
-0.0261873
-0.0261447
-0.0261267
-0.0261304
-0.0261023
-0.0261383
-0.0262312
-0.0263774
-0.0265646
-0.0268052
-0.0271149
-0.0274564
-0.0278539
-0.0281665
-0.028504
-0.0288307
-0.0293151
-0.0298667
-0.0304035
-0.0308706
-0.0313482
-0.0317305
-0.0321532
-0.0325673
-0.0330233
-0.0333422
-0.0339282
-0.0345876
-0.0353396
-0.0362001
-0.0371338
-0.0380977
-0.0390997
-0.0397316
-0.0407767
-0.041796
-0.042849
-0.0438908
-0.0449326
-0.0459515
-0.0469363
-0.0478212
-0.0486177
-0.0493342
-0.0500067
-0.0507256
-0.0515094
-0.0522311
-0.0531499
-0.054141
-0.0550166
-0.0556672
-0.0558278
-0.0554655
-0.0545092
-0.0529903
-0.0509659
-0.0485426
-0.0458827
-0.0428999
-0.0399476
-0.0370009
-0.0340248
-0.0308085
-0.0273107
-0.0235508
-0.019616
-0.0155625
-0.0115355
-0.0081533
-0.00446524
-0.000919791
0.00243962
0.00565576
0.00894419
0.012431
0.016205
0.0203727
0.0247692
0.0293743
0.0338261
0.0384047
0.0425896
0.0465829
0.050411
0.0543941
0.0582142
0.0627783
0.0678429
0.0730453
0.0779743
0.0823536
0.0859176
0.0885755
0.0902654
0.0912699
0.0918236
0.0923471
0.0930944
0.0940934
0.0950887
0.0956281
0.0949269
0.0922011
0.0878941
0.0811002
0.0724536
0.058848
0.0473559
0.0319271
0.0169435
0.00791684
-0.0060758
-0.0186163
-0.0339825
-0.0454535
-0.0687499
-0.096846
-0.130964
-0.171143
-0.203411
-0.241701
-0.284826
-0.330258
-0.377485
-0.42378
-0.466976
-0.5167
-0.551218
-0.586993
-0.618256
-0.64764
-0.675407
-0.70992
-0.735274
-0.763459
-0.79322
-0.825562
-0.858635
-0.890803
-0.920641
-0.947246
-0.968055
-0.98459
-0.995459
-1
-0.999875
-0.996082
-0.989824
-0.981711
-0.97255
-0.959688
-0.940772
-0.912035
-0.871225
-0.817147
-0.75298
-0.683265
-0.607337
-0.529427
-0.446131
-0.365141
-0.290254
-0.224433
-0.170357
-0.130345
-0.105429
-0.0888315
-0.0790603
-0.0732714
-0.0689341
-0.0642063
-0.0589301
-0.0531943
-0.0483122
-0.0453046
-0.0447646
-0.0467756
-0.0507967
-0.0560617
-0.0615727
-0.0667797
-0.0711654
-0.0749955
-0.0782131
-0.0822822
-0.0881511
-0.0965905
-0.107687
-0.121109
-0.13482
-0.150424
-0.166392
-0.181777
-0.195314
-0.207903
-0.219355
-0.231327
-0.242689
-0.253042
-0.262582
-0.271402
-0.280372
-0.287458
-0.293041
-0.297143
-0.30011
-0.302212
-0.303039
-0.304222
-0.305915
-0.306406
-0.306925
-0.306137
-0.303377
-0.30019
-0.295137
-0.287816
-0.27872
-0.267577
-0.255455
-0.242588
-0.229382
-0.216452
-0.203169
-0.19037
-0.179079
-0.167745
-0.156563
-0.146208
-0.136632
-0.128052
-0.120395
-0.113357
-0.107047
-0.101496
-0.0967497
-0.0925289
-0.0888327
-0.0858477
-0.0829907
-0.0806465
-0.0788822
-0.0777662
-0.0773057
-0.0774795
-0.078223
-0.0793892
-0.080871
-0.0824832
-0.0840597
-0.0856145
-0.0870116
-0.0883548
-0.089584
-0.0908314
-0.0921225
-0.0934891
-0.0949473
-0.09645
-0.097877
-0.0984055
-0.0994811
-0.100144
-0.100319
-0.100046
-0.0994468
-0.0986298
-0.0977591
-0.0968168
-0.096442
-0.0958022
-0.0951945
-0.0944166
-0.0929594
-0.0915512
-0.0890398
-0.0861136
-0.0836403
-0.080982
-0.0787281
-0.0767229
-0.074545
-0.0729959
-0.0710637
-0.0687961
-0.0659952
-0.0621458
-0.0573572
-0.0532023
-0.0484172
-0.0435928
-0.0392568
-0.0357853
-0.0334934
-0.032242
-0.0315227
-0.0304127
-0.0279625
-0.0232254
-0.0157432
-0.00525723
0.00829342
0.0239115
0.0414686
0.0603408
0.0801157
0.104884
0.123877
0.149126
0.167565
0.18657
0.20497
0.222545
0.239625
0.256467
0.271807
0.287714
0.3028
0.316728
0.330406
0.343323
0.35563
0.366852
0.377395
0.387199
0.395734
0.403029
0.408974
0.413651
0.417446
0.420061
0.422035
0.422921
0.422507
0.420889
0.418088
0.414441
0.410593
0.407023
0.403866
0.401164
0.399364
0.398529
0.398385
0.398247
0.397124
0.394331
0.388707
0.378122
0.363179
0.343357
0.318263
0.29315
0.259502
0.224813
0.187448
0.151919
0.120486
0.0942245
0.0736894
0.0589862
0.0509049
0.0476773
0.0474116
0.0497428
0.0552693
0.0622711
0.0702347
0.0784577
0.0868353
0.094121
0.100421
0.105157
0.10981
0.113708
0.11672
0.119058
0.120637
0.121478
0.121471
0.120636
0.119407
0.117737
0.115747
0.113077
0.1103
0.107615
0.105572
0.104228
0.103776
0.104272
0.10556
0.107319
0.108956
0.109926
0.109753
0.108026
0.104481
0.0992758
0.0931569
0.0862042
0.0778847
0.06964
0.061352
0.0524595
0.0436406
0.0342262
0.0251633
0.0163337
0.00783299
-0.000515112
-0.00848787
-0.0170029
-0.0257839
-0.0354783
-0.0457991
-0.0577059
-0.0706866
-0.0849171
-0.0987618
-0.114241
-0.129823
-0.145862
-0.161746
-0.177607
-0.192511
-0.206306
-0.2192
-0.231397
-0.242565
-0.252478
-0.261117
-0.268964
-0.276133
-0.282347
-0.287688
-0.291872
-0.295304
-0.297974
-0.300203
-0.30203
-0.303805
-0.305459
-0.30699
-0.308217
-0.308877
-0.308628
-0.307546
-0.305612
-0.302652
-0.298436
-0.292873
-0.287128
-0.278796
-0.268596
-0.256984
-0.24308
-0.227386
-0.20944
-0.189889
-0.169636
-0.149141
-0.13027
-0.110495
-0.0915915
-0.0744872
-0.0601435
-0.0481561
-0.0390235
-0.0317689
-0.0260386
-0.021643
-0.018193
-0.0153441
-0.0126098
-0.010087
-0.00780611
-0.00579898
-0.0041645
-0.00290523
-0.0020269
-0.00145043
-0.00104619
-0.000658193
-0.000226323
0.000341186
0.00105349
0.00183647
0.00267049
0.0034934
0.00422539
0.00484281
0.00530676
0.00559681
0.00572687
0.00572828
0.00567195
0.00562429
0.00572476
0.0060297
0.00663425
0.00795492
0.00985363
0.0122339
0.0150781
0.0185123
0.0221816
0.0266799
0.032041
0.038009
0.0447521
0.0520188
0.0597462
0.0680973
0.0768464
0.085778
0.0950846
0.104525
0.114733
0.12507
0.135321
0.145386
0.155757
0.165985
0.176203
0.185842
0.195031
0.203934
0.211338
0.218383
0.224204
0.22941
0.233649
0.236818
0.239358
0.240663
0.240723
0.239249
0.235701
0.229213
0.221044
0.208831
0.193762
0.175044
0.155552
0.13494
0.114984
0.0922428
0.0706348
0.0515087
0.0352453
0.0224148
0.0112187
0.00250924
-0.00384607
-0.00856306
-0.0127418
-0.0169635
-0.021968
-0.028124
-0.0351594
-0.0438791
-0.0543353
-0.0665991
-0.0807576
-0.0950796
-0.108994
-0.126155
-0.143227
-0.1595
-0.175273
-0.189832
-0.202833
-0.214607
-0.223729
-0.232271
-0.239051
-0.244822
-0.249219
-0.252507
-0.255184
-0.257069
-0.258343
-0.25926
-0.259894
-0.2603
-0.260627
-0.26097
-0.261337
-0.261666
-0.261879
-0.261896
-0.261645
-0.261089
-0.260307
-0.259398
-0.258142
-0.256756
-0.254688
-0.25198
-0.247817
-0.241811
-0.234204
-0.225277
-0.213327
-0.199375
-0.185447
-0.169445
-0.150718
-0.132329
-0.115008
-0.098852
-0.0834754
-0.0696236
-0.0572094
-0.0463478
-0.0369477
-0.0289169
-0.0224171
-0.0168842
-0.0122221
-0.00848185
-0.00548897
-0.00320272
-0.00134403
0.000119527
0.00122936
0.00223652
0.00315647
0.00451681
0.00617873
0.00804035
0.0100864
0.01206
0.0140914
0.0161938
0.0179641
0.0194683
0.0209716
0.0224875
0.0241634
0.0261267
0.0281914
0.0306125
0.03325
0.0365522
0.0404455
0.0448988
0.0499579
0.0556921
0.0620715
0.0687102
0.075571
0.0830008
0.0896821
0.0972657
0.10423
0.111147
0.117741
0.123458
0.128494
0.132568
0.136078
0.138964
0.141051
0.142739
0.144059
0.145033
0.145775
0.146392
0.146875
0.147262
0.147537
0.147672
0.14762
0.147511
0.147343
0.147064
0.146681
0.14628
0.145934
0.145688
0.145548
0.145516
0.145551
0.145607
0.145654
0.145552
0.14529
0.144951
0.14457
0.1442
0.143881
0.1436
0.143342
0.142839
0.141845
0.140271
0.137947
0.134941
0.131228
0.127252
0.122738
0.11829
0.113972
0.110114
0.106434
0.102612
0.0985337
0.0942051
0.0896051
0.0848229
0.0792333
0.0733851
0.0669806
0.0603507
0.0538273
0.0480292
0.0419662
0.0367874
0.0322098
0.0285613
0.0254989
0.0229496
0.0203883
0.0182999
0.015616
0.0133848
0.0109278
0.00872379
0.00694181
0.00565913
0.00497965
0.00448949
0.00420885
0.00397529
0.00370184
0.00315523
0.00242854
0.0012963
-0.000216753
-0.00195998
-0.00401188
-0.00584865
-0.00822373
-0.0110207
-0.0141705
-0.0176824
-0.0216959
-0.0258161
-0.0296807
-0.0331743
-0.0367868
-0.0401723
-0.0433749
-0.046424
-0.0489952
-0.0513507
-0.0538152
-0.056443
-0.0590048
-0.0614149
-0.0636307
-0.0661384
-0.06892
-0.0720893
-0.0762112
-0.0820899
-0.0893672
-0.0975922
-0.108966
-0.122834
-0.137495
-0.152381
-0.16934
-0.185408
-0.199462
-0.215853
-0.231869
-0.247808
-0.263052
-0.279684
-0.29564
-0.313189
-0.331386
-0.350738
-0.370754
-0.391555
-0.412267
-0.431956
-0.45048
-0.468218
-0.482727
-0.494499
-0.502907
-0.507902
-0.510179
-0.509824
-0.507976
-0.505188
-0.501411
-0.497667
-0.493996
-0.490063
-0.485679
-0.479594
-0.471668
-0.461348
-0.447858
-0.433287
-0.416703
-0.395692
-0.37351
-0.353435
-0.33263
-0.313649
-0.29722
-0.284385
-0.275154
-0.269108
-0.265189
-0.262586
-0.260994
-0.259723
-0.259296
-0.259903
-0.262039
-0.266564
-0.27318
-0.283503
-0.296106
-0.310941
-0.32627
-0.3423
-0.358233
-0.372926
-0.386114
-0.397391
-0.406814
-0.413835
-0.419203
-0.422987
-0.425463
-0.427049
-0.427952
-0.428424
-0.428638
-0.42871
-0.428724
-0.428732
-0.42876
-0.428802
-0.428809
-0.428703
-0.428485
-0.428071
-0.427411
-0.426542
-0.425528
-0.424284
-0.423256
-0.42205
-0.419885
-0.41599
-0.410283
-0.4016
-0.389085
-0.371349
-0.349488
-0.323953
-0.295706
-0.2701
-0.245368
-0.218169
-0.191881
-0.168192
-0.14883
-0.134003
-0.123357
-0.116082
-0.111062
-0.107563
-0.10535
-0.103847
-0.102777
-0.102148
-0.102225
-0.103711
-0.106382
-0.110073
-0.114152
-0.117454
-0.119518
-0.121039
-0.122504
-0.123826
-0.124936
-0.126067
-0.127621
-0.129915
-0.133201
-0.137306
-0.142449
-0.148266
-0.154315
-0.160227
-0.166665
-0.173455
-0.180614
-0.187932
-0.195095
-0.201722
-0.207111
-0.211758
-0.214923
-0.216332
-0.216043
-0.214248
-0.210695
-0.205487
-0.198418
-0.189186
-0.178117
-0.165443
-0.151124
-0.133976
-0.113575
-0.0902275
-0.0629287
-0.0331418
-0.0022453
0.0299056
0.063464
0.0958695
0.127181
0.157608
0.184363
0.208577
0.230511
0.249204
0.264718
0.276798
0.285327
0.290501
0.292623
0.292403
0.290693
0.288514
0.287022
0.287543
0.290372
0.297151
0.304903
0.314505
0.324985
0.335858
0.346419
0.356735
0.365717
0.3723
0.376403
0.37776
0.377053
0.375213
0.373169
0.372023
0.371704
0.372386
0.373804
0.375798
0.377749
0.379664
0.382128
0.383891
0.385673
0.387851
0.390446
0.393498
0.396892
0.401208
0.404723
0.407867
0.41036
0.412921
0.414142
0.415595
0.416835
0.418354
0.420347
0.422782
0.425469
0.428205
0.430437
0.431394
0.430491
0.427311
0.421876
0.414913
0.405925
0.398163
0.39134
0.383981
0.3776
0.372951
0.370434
0.369569
0.369559
0.368996
0.36741
0.363441
0.356227
0.345566
0.331431
0.312914
0.292543
0.27086
0.249564
0.228642
0.206767
0.186854
0.168396
0.151933
0.137816
0.12597
0.116771
0.110123
0.105912
0.104051
0.104154
0.106329
0.109429
0.113563
0.118373
0.123297
0.127915
0.131809
0.134644
0.136554
0.137634
0.138189
0.138346
0.138289
0.138135
0.137981
0.137832
0.137637
0.137297
0.136849
0.136344
0.135438
0.134261
0.132546
0.130101
0.1268
0.122909
0.118513
0.1137
0.109197
0.10518
0.100804
0.0966224
0.0934271
0.0909522
0.0894967
0.0889134
0.0891639
0.0898997
0.0907062
0.0911916
0.0911217
0.0903734
0.089072
0.0873362
0.0853916
0.0835839
0.081991
0.0807533
0.0796352
0.0785632
0.0771547
0.0751084
0.0721831
0.0681659
0.0634797
0.0584769
0.0530621
0.0477451
0.0426868
0.038317
0.0347386
0.0319001
0.0299138
0.0287943
0.0282327
0.0279
0.0274458
0.0267157
0.0256487
0.0243609
0.0231021
0.0221528
0.0216972
0.0219375
0.0230475
0.0247876
0.0268979
0.029272
0.0314583
0.0340117
0.0369291
0.0398401
0.0427763
0.0460094
0.0495532
0.0538444
0.0584156
0.0633081
0.0684567
0.0736549
0.0790358
0.0840879
0.0887627
0.0932484
0.0973456
0.101107
0.104496
0.107655
0.110767
0.114288
0.118321
0.123319
0.130036
0.138145
0.147236
0.157521
0.16862
0.180287
0.192619
0.204074
0.216156
0.227963
0.23899
0.248437
0.258101
0.267464
0.27648
0.285081
0.293417
0.301362
0.308679
0.316025
0.322428
0.328022
0.333189
0.337827
0.342257
0.346426
0.350323
0.353795
0.356356
0.357431
0.356528
0.353425
0.348446
0.340674
0.329756
0.316905
0.30144
0.284968
0.267287
0.248411
0.227786
0.208381
0.191114
0.175125
0.161723
0.150398
0.140219
0.131591
0.124457
0.118835
0.114387
0.111002
0.108338
0.105881
0.10352
0.100918
0.0977967
0.0939798
0.0896111
0.0847711
0.079953
0.0752537
0.0709038
0.0673468
0.0643431
0.0616934
0.0591476
0.0563253
0.0529664
0.0490542
0.0445406
0.0395083
0.0344808
0.0297721
0.0254227
0.0207985
0.0158774
0.0107172
0.00512814
-0.00108656
-0.0081456
-0.0167698
-0.0263973
-0.0374087
-0.0494387
-0.0618703
-0.0741523
-0.0867913
-0.0988084
-0.109699
-0.119224
-0.12736
-0.134536
0
0
0
0
0
0
0
0
0
0
0
0
0
0
0
0
0
0
0
0
0
0
0
0
0
0
0
0
0
0
0
0
0
0
0
0
0
0
0
0
0
0
0
0
0
0
0
0
0
0
0
0
0
0
0
0
0
0
0
0
0
0
0
0
0
0
0
0
0
0
0
0
0
0
0
0
0
0
0
0
0
0
0
0
0
0
0
0
0
0
0
0
0
0
0
0
0
0
0
0
0
0
0
0
0
0
0
0
0
0
0
0
0
0
0
0
0
0
0
0
0
0
0
0
0
0
0
0
0
0
0
0
0
0
0
0
0
0
0
0
0
0
0
0
0
0
0
0
0
0
0
0
0
0
0
0
0
0
0
0
0
0
0
0
0
0
0
0
0
0
0
0
0
0
0
0
0
0
0
0
0
0
0
0
0
0
0
0
0
0
0
0
0
0
0
0
0
0
0
0
0
0
0
0
0
0
0
0
0
0
0
0
0
0
0
0
0
0
0
0
0
0
0
0
0
0
0
0
0
0
0
0
0
0
0
0
0
0
0
0
0
0
0
0
0
0
0
0
0
0
0
0
0
0
0
0
0
0
0
0
0
0
0
0
0
0
0
0
0
0
0
0
0
0
0
0
0
0
0
0
0
0
0
0
0
0
0
0
0
0
0
0
0
0
0
0
0
0
0
0
0
0
0
0
0
0
0
0
0
0
0
0
0
0
0
0
0
0
0
0