
0
0
0
0
0
0
0
0
0
0
0
0
0
0
0
0
0
0
0
0
0
0
0
0
0
0
0
0
0
0
0
0
0
0
0
0
0
0
0
0
0
0
0
0
0
0
0
0
0
0
0
0
0
0
0
0
0
0
0
0
0
0
0
0
0
0
0
0
0
0
0
0
0
0
0
0
0
0
0
0
0
0
0
0
0
0
0
0
0
0
0
0
0
0
0
0
0
0
0
0
0
0
0
0
0
0
0
0
0
0
0
0
0
0
0
0
0
0
0
0
0
0
0
0
0
0
0
0
0
0
0
0
0
0
0
0
0
0
0
0
0
0
0
0
0
0
0
0
0
0
0
0
0
0
0
0
0
0
0
0
7.68749e-09
2.32981e-08
3.78824e-08
5.1068e-08
6.32864e-08
7.45807e-08
8.54451e-08
9.53628e-08
1.04995e-07
1.14312e-07
1.23232e-07
1.31949e-07
1.40735e-07
1.49269e-07
1.57361e-07
1.65619e-07
1.73926e-07
1.82117e-07
1.90089e-07
1.978e-07
2.06832e-07
2.1519e-07
2.24195e-07
2.33358e-07
2.43236e-07
2.53199e-07
2.61762e-07
2.67845e-07
2.72785e-07
2.77802e-07
2.81389e-07
2.83168e-07
2.82975e-07
2.80856e-07
2.77641e-07
2.73928e-07
2.70293e-07
2.6708e-07
2.63895e-07
2.61636e-07
2.5937e-07
2.56649e-07
2.52293e-07
2.46577e-07
2.39211e-07
2.2967e-07
2.18806e-07
2.06679e-07
1.91867e-07
1.762e-07
1.59814e-07
1.4323e-07
1.26562e-07
1.11084e-07
9.65072e-08
8.29997e-08
7.14927e-08
6.15241e-08
5.34942e-08
4.73491e-08
4.30511e-08
4.0456e-08
3.97053e-08
4.06854e-08
4.34435e-08
4.7906e-08
5.45382e-08
6.28462e-08
7.30816e-08
8.4272e-08
9.6816e-08
1.10454e-07
1.23557e-07
1.36854e-07
1.48374e-07
1.59177e-07
1.69619e-07
1.81533e-07
1.92521e-07
2.02827e-07
2.12207e-07
2.21367e-07
2.30774e-07
2.40713e-07
2.50644e-07
2.61243e-07
2.72023e-07
2.8254e-07
2.93009e-07
3.03029e-07
3.13553e-07
3.23582e-07
3.33318e-07
3.4157e-07
3.48797e-07
3.54182e-07
3.5847e-07
3.61828e-07
3.64373e-07
3.66619e-07
3.68754e-07
3.70491e-07
3.7144e-07
3.70588e-07
3.66771e-07
3.59187e-07
3.46408e-07
3.27205e-07
3.03076e-07
2.76958e-07
2.46385e-07
2.16159e-07
1.87458e-07
1.60536e-07
1.37065e-07
1.18191e-07
1.03311e-07
9.15572e-08
8.19599e-08
7.56912e-08
7.18591e-08
6.83116e-08
6.43615e-08
6.06428e-08
5.73238e-08
5.46356e-08
5.44626e-08
5.87696e-08
6.7828e-08
8.15352e-08
9.92879e-08
1.16392e-07
1.34805e-07
1.51265e-07
1.66302e-07
1.80804e-07
1.99413e-07
2.18768e-07
2.34108e-07
2.49167e-07
2.622e-07
2.73107e-07
2.80968e-07
2.83574e-07
2.80234e-07
2.71958e-07
2.61012e-07
2.50707e-07
2.43083e-07
2.4007e-07
2.42301e-07
2.48498e-07
2.54733e-07
2.55884e-07
2.4658e-07
2.23363e-07
1.83239e-07
1.39132e-07
9.55204e-08
5.15865e-08
7.21728e-10
-4.54059e-08
-8.03559e-08
-1.01326e-07
-1.04443e-07
-8.72545e-08
-5.1967e-08
-4.10909e-09
5.00524e-08
1.10198e-07
1.74174e-07
2.40757e-07
3.0334e-07
3.65873e-07
4.19355e-07
4.72601e-07
5.23828e-07
5.73613e-07
6.23354e-07
6.70654e-07
7.15128e-07
7.53251e-07
7.82065e-07
8.04674e-07
8.20503e-07
8.30118e-07
8.34333e-07
8.34253e-07
8.30695e-07
8.24212e-07
8.15432e-07
8.04425e-07
7.91575e-07
7.76762e-07
7.61052e-07
7.44643e-07
7.28262e-07
7.11887e-07
6.96316e-07
6.81829e-07
6.68383e-07
6.55756e-07
6.44725e-07
6.35007e-07
6.26873e-07
6.19544e-07
6.14977e-07
6.12999e-07
6.12007e-07
6.12146e-07
6.12791e-07
6.12787e-07
6.10927e-07
6.07336e-07
6.02411e-07
5.95344e-07
5.86043e-07
5.74668e-07
5.61795e-07
5.49361e-07
5.38353e-07
5.28139e-07
5.19441e-07
5.12056e-07
5.05318e-07
4.99255e-07
4.93191e-07
4.86565e-07
4.79778e-07
4.73074e-07
4.66555e-07
4.60419e-07
4.54714e-07
4.49263e-07
4.45188e-07
4.41926e-07
4.39275e-07
4.36612e-07
4.33786e-07
4.30599e-07
4.27307e-07
4.25283e-07
4.24613e-07
4.25523e-07
4.27557e-07
4.31303e-07
4.36909e-07
4.43122e-07
4.4974e-07
4.5626e-07
4.62175e-07
4.67272e-07
4.70848e-07
4.72964e-07
4.73603e-07
4.72524e-07
4.69687e-07
4.65073e-07
4.58697e-07
4.50849e-07
4.41534e-07
4.31388e-07
4.20064e-07
4.08676e-07
3.98647e-07
3.88187e-07
3.77817e-07
3.66958e-07
3.5425e-07
3.3999e-07
3.25013e-07
3.09882e-07
2.93316e-07
2.75799e-07
2.55626e-07
2.32441e-07
2.08216e-07
1.85671e-07
1.63749e-07
1.44534e-07
1.28769e-07
1.15882e-07
1.07348e-07
1.02513e-07
1.00837e-07
1.01418e-07
1.04542e-07
1.1096e-07
1.20475e-07
1.32102e-07
1.45466e-07
1.59724e-07
1.74698e-07
1.92744e-07
2.10042e-07
2.26927e-07
2.443e-07
2.60417e-07
2.77152e-07
2.93547e-07
3.09643e-07
3.25261e-07
3.40258e-07
3.5527e-07
3.69131e-07
3.81433e-07
3.9202e-07
4.01261e-07
4.08975e-07
4.16406e-07
4.23202e-07
4.29949e-07
4.36951e-07
4.44628e-07
4.52736e-07
4.60976e-07
4.68717e-07
4.75284e-07
4.797e-07
4.81155e-07
4.79908e-07
4.76726e-07
4.71965e-07
4.66169e-07
4.60423e-07
4.55417e-07
4.51424e-07
4.48689e-07
4.46738e-07
4.44785e-07
4.41697e-07
4.36876e-07
4.30061e-07
4.22147e-07
4.14661e-07
4.07692e-07
4.01743e-07
3.97923e-07
3.95856e-07
3.94544e-07
3.95127e-07
3.97748e-07
4.0192e-07
4.07184e-07
4.12091e-07
4.15739e-07
4.17339e-07
4.17331e-07
4.16309e-07
4.15138e-07
4.14881e-07
4.16448e-07
4.19655e-07
4.233e-07
4.26617e-07
4.28272e-07
4.28518e-07
4.27957e-07
4.27653e-07
4.27693e-07
4.29568e-07
4.35797e-07
4.47272e-07
4.63839e-07
4.82253e-07
5.02153e-07
5.21551e-07
5.37686e-07
5.5105e-07
5.61303e-07
5.70138e-07
5.78385e-07
5.86477e-07
5.94763e-07
6.02961e-07
6.10115e-07
6.13921e-07
6.12116e-07
6.02813e-07
5.85982e-07
5.61178e-07
5.31631e-07
4.98191e-07
4.63596e-07
4.29789e-07
3.96535e-07
3.60067e-07
3.17871e-07
2.61832e-07
1.87071e-07
8.86148e-08
-3.43892e-08
-1.88828e-07
-3.72507e-07
-5.77423e-07
-7.98903e-07
-1.06599e-06
-1.36057e-06
-1.69005e-06
-2.06426e-06
-2.46004e-06
-2.89206e-06
-3.33716e-06
-3.79216e-06
-4.29839e-06
-4.75376e-06
-5.15345e-06
-5.4955e-06
-5.73908e-06
-5.92868e-06
-6.09027e-06
-6.21169e-06
-6.26726e-06
-6.27824e-06
-6.26221e-06
-6.23196e-06
-6.19766e-06
-6.16418e-06
-6.12306e-06
-6.08071e-06
-6.02136e-06
-5.94031e-06
-5.83595e-06
-5.7106e-06
-5.55763e-06
-5.37022e-06
-5.18777e-06
-4.99497e-06
-4.80753e-06
-4.61282e-06
-4.38674e-06
-4.15525e-06
-3.92351e-06
-3.66366e-06
-3.39922e-06
-3.09633e-06
-2.79049e-06
-2.47093e-06
-2.14796e-06
-1.82183e-06
-1.5055e-06
-1.18431e-06
-8.56837e-07
-5.24319e-07
-1.79666e-07
1.68868e-07
5.12414e-07
8.60897e-07
1.23067e-06
1.6041e-06
1.96842e-06
2.32166e-06
2.67752e-06
3.07401e-06
3.46762e-06
3.87072e-06
4.28083e-06
4.73489e-06
5.21017e-06
5.6978e-06
6.14929e-06
6.58762e-06
7.01843e-06
7.41955e-06
7.78929e-06
8.14328e-06
8.51502e-06
8.89119e-06
9.28873e-06
9.69809e-06
1.01043e-05
1.05186e-05
1.09441e-05
1.13631e-05
1.17921e-05
1.21961e-05
1.26242e-05
1.30465e-05
1.34662e-05
1.38913e-05
1.43348e-05
1.47796e-05
1.51889e-05
1.56085e-05
1.6006e-05
1.64122e-05
1.67984e-05
1.71669e-05
1.75135e-05
1.78555e-05
1.8186e-05
1.85138e-05
1.88292e-05
1.9144e-05
1.94587e-05
1.97722e-05
2.00758e-05
2.03827e-05
2.06818e-05
2.0978e-05
2.12851e-05
2.15978e-05
2.19059e-05
2.22389e-05
2.25746e-05
2.29031e-05
2.3225e-05
2.35469e-05
2.38402e-05
2.41252e-05
2.44341e-05
2.47012e-05
2.49883e-05
2.52407e-05
2.54701e-05
2.56795e-05
2.58796e-05
2.61002e-05
2.63527e-05
2.66554e-05
2.70338e-05
2.74807e-05
2.80021e-05
2.8665e-05
2.93145e-05
2.99501e-05
3.05132e-05
3.09812e-05
3.13021e-05
3.15082e-05
3.1536e-05
3.13639e-05
3.09607e-05
3.03338e-05
2.95064e-05
2.85136e-05
2.73857e-05
2.62199e-05
2.49477e-05
2.37047e-05
2.25605e-05
2.14395e-05
2.04032e-05
1.9494e-05
1.86847e-05
1.79504e-05
1.73504e-05
1.68466e-05
1.6432e-05
1.60884e-05
1.58247e-05
1.56213e-05
1.54592e-05
1.53379e-05
1.52477e-05
1.519e-05
1.51524e-05
1.51273e-05
1.51075e-05
1.50861e-05
1.50521e-05
1.50032e-05
1.49377e-05
1.48544e-05
1.47602e-05
1.4619e-05
1.44951e-05
1.43484e-05
1.42094e-05
1.40761e-05
1.39298e-05
1.37718e-05
1.36152e-05
1.34422e-05
1.32552e-05
1.30632e-05
1.28562e-05
1.26352e-05
1.24401e-05
1.22587e-05
1.20815e-05
1.1904e-05
1.17043e-05
1.15135e-05
1.13314e-05
1.1156e-05
1.10224e-05
1.09478e-05
1.09546e-05
1.10585e-05
1.12653e-05
1.15625e-05
1.19836e-05
1.24295e-05
1.29139e-05
1.34611e-05
1.40242e-05
1.45771e-05
1.51571e-05
1.58201e-05
1.64378e-05
1.70777e-05
1.77549e-05
1.85627e-05
1.94203e-05
2.03154e-05
2.12718e-05
2.22758e-05
2.32952e-05
2.42326e-05
2.51508e-05
2.59883e-05
2.68614e-05
2.77779e-05
2.87442e-05
2.97183e-05
3.07355e-05
3.18146e-05
3.28921e-05
3.39403e-05
3.50078e-05
3.59786e-05
3.68572e-05
3.76143e-05
3.8257e-05
3.88624e-05
3.93178e-05
3.96695e-05
3.98064e-05
3.97271e-05
3.94059e-05
3.88432e-05
3.81096e-05
3.72425e-05
3.63212e-05
3.54677e-05
3.47967e-05
3.42861e-05
3.39103e-05
3.36733e-05
3.35776e-05
3.36087e-05
3.37104e-05
3.3822e-05
3.38688e-05
3.37713e-05
3.34898e-05
3.29823e-05
3.22638e-05
3.1319e-05
3.02335e-05
2.89825e-05
2.76052e-05
2.60278e-05
2.42074e-05
2.21512e-05
2.00148e-05
1.77734e-05
1.56054e-05
1.34963e-05
1.15666e-05
9.81204e-06
8.37669e-06
7.34393e-06
6.66926e-06
6.35616e-06
6.32828e-06
6.49049e-06
6.72791e-06
6.9915e-06
7.25294e-06
7.41523e-06
7.53783e-06
7.64175e-06
7.78507e-06
7.9907e-06
8.23215e-06
8.50646e-06
8.77739e-06
9.00703e-06
9.11449e-06
9.09938e-06
8.97279e-06
8.71161e-06
8.30676e-06
7.74766e-06
7.07487e-06
6.19741e-06
5.3472e-06
4.53224e-06
3.71222e-06
2.91668e-06
2.16544e-06
1.45917e-06
7.13289e-07
7.87385e-08
-4.4964e-07
-8.75694e-07
-1.16473e-06
-1.30149e-06
-1.29649e-06
-1.14595e-06
-8.62831e-07
-4.94331e-07
-5.60223e-08
4.43877e-07
1.0294e-06
1.62801e-06
2.22807e-06
2.84148e-06
3.4927e-06
4.10266e-06
4.68358e-06
5.22107e-06
5.77135e-06
6.22595e-06
6.59972e-06
6.9089e-06
7.14789e-06
7.33662e-06
7.48804e-06
7.6026e-06
7.7011e-06
7.79251e-06
7.90154e-06
7.98879e-06
8.08937e-06
8.22308e-06
8.4256e-06
8.69211e-06
9.09512e-06
9.59229e-06
1.01829e-05
1.09102e-05
1.17526e-05
1.27253e-05
1.38333e-05
1.5154e-05
1.65558e-05
1.80212e-05
1.96531e-05
2.14275e-05
2.32917e-05
2.51183e-05
2.7021e-05
2.88956e-05
3.06217e-05
3.24015e-05
3.40269e-05
3.5468e-05
3.68287e-05
3.82256e-05
3.93712e-05
4.03427e-05
4.11742e-05
4.1846e-05
4.23421e-05
4.26014e-05
4.26333e-05
4.24352e-05
4.19713e-05
4.12723e-05
4.04302e-05
3.94428e-05
3.8346e-05
3.70655e-05
3.55965e-05
3.41e-05
3.25856e-05
3.08426e-05
2.9091e-05
2.72961e-05
2.5645e-05
2.39759e-05
2.2478e-05
2.13155e-05
2.03921e-05
1.99401e-05
1.99919e-05
2.04574e-05
2.1301e-05
2.26411e-05
2.42691e-05
2.56439e-05
2.69749e-05
2.81562e-05
2.91044e-05
2.9799e-05
3.01772e-05
3.0306e-05
3.02082e-05
2.99223e-05
2.95175e-05
2.90541e-05
2.85383e-05
2.81333e-05
2.79116e-05
2.80074e-05
2.84894e-05
2.94092e-05
3.09031e-05
3.28763e-05
3.55936e-05
3.86155e-05
4.228e-05
4.65051e-05
5.10392e-05
5.51508e-05
5.87807e-05
6.17181e-05
6.40007e-05
6.56257e-05
6.65402e-05
6.6843e-05
6.66422e-05
6.59816e-05
6.49863e-05
6.38331e-05
6.2423e-05
6.08939e-05
5.9295e-05
5.75598e-05
5.59282e-05
5.43973e-05
5.30344e-05
5.18052e-05
5.09021e-05
5.02788e-05
4.99255e-05
4.97726e-05
4.97608e-05
4.97721e-05
4.97199e-05
4.95613e-05
4.92401e-05
4.86462e-05
4.77099e-05
4.63142e-05
4.45683e-05
4.24396e-05
3.97021e-05
3.67569e-05
3.38375e-05
3.06579e-05
2.75043e-05
2.43165e-05
2.10986e-05
1.79367e-05
1.47504e-05
1.19198e-05
9.22787e-06
6.61072e-06
4.46975e-06
2.70294e-06
1.27649e-06
2.60755e-07
-3.52274e-07
-5.4756e-07
-3.48758e-07
2.15085e-07
1.09722e-06
2.22083e-06
3.57733e-06
5.13177e-06
7.03897e-06
8.86449e-06
1.09208e-05
1.30328e-05
1.53023e-05
1.75408e-05
1.97928e-05
2.20945e-05
2.43241e-05
2.66502e-05
2.88505e-05
3.10506e-05
3.32109e-05
3.53263e-05
3.7527e-05
4.01388e-05
4.25955e-05
4.50761e-05
4.73058e-05
4.96727e-05
5.19602e-05
5.42816e-05
5.61732e-05
5.79148e-05
5.96054e-05
6.11607e-05
6.26605e-05
6.40647e-05
6.53927e-05
6.66718e-05
6.77812e-05
6.8767e-05
6.95867e-05
7.02009e-05
7.06688e-05
7.09255e-05
7.10114e-05
7.09375e-05
7.07429e-05
7.04797e-05
7.01901e-05
6.98978e-05
6.95998e-05
6.92872e-05
6.89243e-05
6.84435e-05
6.78229e-05
6.70521e-05
6.60773e-05
6.4919e-05
6.3595e-05
6.21032e-05
6.03997e-05
5.85366e-05
5.65572e-05
5.452e-05
5.24208e-05
5.03448e-05
4.82197e-05
4.61823e-05
4.41505e-05
4.22857e-05
4.05689e-05
3.90521e-05
3.77241e-05
3.66344e-05
3.57133e-05
3.49477e-05
3.43067e-05
3.38158e-05
3.3374e-05
3.30057e-05
3.26391e-05
3.22884e-05
3.19444e-05
3.16118e-05
3.13077e-05
3.10672e-05
3.08859e-05
3.0761e-05
3.06728e-05
3.05991e-05
3.05041e-05
3.0356e-05
3.01152e-05
2.97812e-05
2.93312e-05
2.88192e-05
2.82074e-05
2.75789e-05
2.68879e-05
2.61279e-05
2.52899e-05
2.43421e-05
2.33175e-05
2.19981e-05
2.06903e-05
1.92765e-05
1.79485e-05
1.66727e-05
1.54897e-05
1.44815e-05
1.36688e-05
1.30477e-05
1.26001e-05
1.2323e-05
1.21761e-05
1.21258e-05
1.21324e-05
1.21552e-05
1.21647e-05
1.21464e-05
1.20992e-05
1.20376e-05
1.19801e-05
1.19407e-05
1.19353e-05
1.19844e-05
1.21147e-05
1.23509e-05
1.27109e-05
1.31938e-05
1.39873e-05
1.48791e-05
1.61355e-05
1.74605e-05
1.89284e-05
2.02975e-05
2.1603e-05
2.27836e-05
2.35729e-05
2.4082e-05
2.43395e-05
2.43945e-05
2.43226e-05
2.41805e-05
2.40266e-05
2.38669e-05
2.37012e-05
2.3526e-05
2.33078e-05
2.29968e-05
2.26681e-05
2.22856e-05
2.17045e-05
2.09042e-05
1.98987e-05
1.85833e-05
1.70067e-05
1.51338e-05
1.32346e-05
1.12482e-05
9.05163e-06
6.744e-06
4.51228e-06
1.98558e-06
-4.39095e-07
-3.02743e-06
-5.65111e-06
-8.25138e-06
-1.08727e-05
-1.36893e-05
-1.64847e-05
-1.92356e-05
-2.22259e-05
-2.49839e-05
-2.79978e-05
-3.06208e-05
-3.32618e-05
-3.58231e-05
-3.81877e-05
-4.02818e-05
-4.20555e-05
-4.35069e-05
-4.44161e-05
-4.4856e-05
-4.47522e-05
-4.41225e-05
-4.29724e-05
-4.12709e-05
-3.91679e-05
-3.65433e-05
-3.40268e-05
-3.11677e-05
-2.83711e-05
-2.57114e-05
-2.30314e-05
-2.07574e-05
-1.88149e-05
-1.7148e-05
-1.58639e-05
-1.50336e-05
-1.45573e-05
-1.44348e-05
-1.46251e-05
-1.50865e-05
-1.57203e-05
-1.64976e-05
-1.73551e-05
-1.82038e-05
-1.90329e-05
-1.98159e-05
-2.0557e-05
-2.12632e-05
-2.19215e-05
-2.25755e-05
-2.32202e-05
-2.38392e-05
-2.44389e-05
-2.49866e-05
-2.54278e-05
-2.57796e-05
-2.60271e-05
-2.61596e-05
-2.61741e-05
-2.60673e-05
-2.58519e-05
-2.55581e-05
-2.52379e-05
-2.4898e-05
-2.45482e-05
-2.41763e-05
-2.37876e-05
-2.33134e-05
-2.2742e-05
-2.21371e-05
-2.1481e-05
-2.08626e-05
-2.02793e-05
-1.96933e-05
-1.90721e-05
-1.84818e-05
-1.80002e-05
-1.75666e-05
-1.71852e-05
-1.67562e-05
-1.62123e-05
-1.56231e-05
-1.48107e-05
-1.39326e-05
-1.2974e-05
-1.18767e-05
-1.05278e-05
-9.37216e-06
-8.38392e-06
-7.34135e-06
-6.4804e-06
-5.63037e-06
-4.76154e-06
-3.86464e-06
-2.86425e-06
-1.87075e-06
-7.53932e-07
3.36362e-07
1.49845e-06
2.66867e-06
3.90507e-06
5.10792e-06
6.35249e-06
7.52524e-06
8.77565e-06
1.00638e-05
1.14232e-05
1.2878e-05
1.44991e-05
1.61816e-05
1.81138e-05
2.01542e-05
2.22852e-05
2.45498e-05
2.68382e-05
2.92479e-05
3.21627e-05
3.52155e-05
3.80389e-05
4.09326e-05
4.39734e-05
4.70033e-05
5.01029e-05
5.30708e-05
5.58794e-05
5.93644e-05
6.16827e-05
6.38141e-05
6.55902e-05
6.69889e-05
6.79041e-05
6.83808e-05
6.84018e-05
6.79882e-05
6.71731e-05
6.59835e-05
6.44476e-05
6.26206e-05
6.06591e-05
5.84969e-05
5.6129e-05
5.3464e-05
5.05495e-05
4.74696e-05
4.42157e-05
4.06049e-05
3.66775e-05
3.17192e-05
2.73742e-05
2.32237e-05
1.9145e-05
1.54759e-05
1.20718e-05
8.96993e-06
6.59843e-06
4.63461e-06
3.06955e-06
1.80155e-06
7.51668e-07
-3.93471e-07
-1.20179e-06
-2.05292e-06
-2.98148e-06
-4.1119e-06
-5.37541e-06
-6.66437e-06
-8.06162e-06
-9.5838e-06
-1.09208e-05
-1.22794e-05
-1.35128e-05
-1.4618e-05
-1.56449e-05
-1.6611e-05
-1.74853e-05
-1.83122e-05
-1.90709e-05
-1.94776e-05
-1.9641e-05
-1.95143e-05
-1.90254e-05
-1.80898e-05
-1.69903e-05
-1.57536e-05
-1.42458e-05
-1.28719e-05
-1.15145e-05
-1.03057e-05
-9.02778e-06
-7.83661e-06
-6.77246e-06
-5.69082e-06
-4.42087e-06
-2.95019e-06
-1.2908e-06
3.26484e-07
2.00514e-06
3.69386e-06
5.03172e-06
6.13615e-06
6.8876e-06
7.3407e-06
7.50278e-06
7.42431e-06
7.1306e-06
6.66341e-06
6.13686e-06
5.62031e-06
5.24295e-06
5.04173e-06
5.11166e-06
5.5262e-06
6.19473e-06
7.0678e-06
8.22949e-06
9.68327e-06
1.16522e-05
1.4113e-05
1.72893e-05
2.10217e-05
2.57072e-05
3.0721e-05
3.5991e-05
4.16913e-05
4.73386e-05
5.32181e-05
5.92799e-05
6.46196e-05
6.95574e-05
7.44581e-05
7.86468e-05
8.23965e-05
8.57932e-05
8.82407e-05
8.96185e-05
8.97738e-05
8.86342e-05
8.61808e-05
8.2606e-05
7.80745e-05
7.32179e-05
6.82337e-05
6.33241e-05
5.87158e-05
5.48023e-05
5.2178e-05
5.05266e-05
4.97221e-05
4.94867e-05
4.93795e-05
4.88578e-05
4.75651e-05
4.53183e-05
4.17463e-05
3.76862e-05
3.30396e-05
2.79961e-05
2.28195e-05
1.78078e-05
1.26673e-05
7.76961e-06
3.02814e-06
-1.59404e-06
-5.86338e-06
-9.56848e-06
-1.30555e-05
-1.60917e-05
-1.88717e-05
-2.10661e-05
-2.28701e-05
-2.4232e-05
-2.51447e-05
-2.57772e-05
-2.62728e-05
-2.66462e-05
-2.74166e-05
-2.82641e-05
-2.98646e-05
-3.13801e-05
-3.31658e-05
-3.50403e-05
-3.70487e-05
-3.92238e-05
-4.11065e-05
-4.30258e-05
-4.48501e-05
-4.62298e-05
-4.72733e-05
-4.78999e-05
-4.81663e-05
-4.83326e-05
-4.86249e-05
-4.91327e-05
-4.99241e-05
-5.09465e-05
-5.22023e-05
-5.36305e-05
-5.52195e-05
-5.68432e-05
-5.86631e-05
-6.05231e-05
-6.24322e-05
-6.41269e-05
-6.5584e-05
-6.7071e-05
-6.81684e-05
-6.92114e-05
-7.01511e-05
-7.12605e-05
-7.27077e-05
-7.44946e-05
-7.65032e-05
-7.86069e-05
-8.0502e-05
-8.20272e-05
-8.30874e-05
-8.34242e-05
-8.29244e-05
-8.15029e-05
-7.90043e-05
-7.63635e-05
-7.32911e-05
-7.01442e-05
-6.72314e-05
-6.45516e-05
-6.21569e-05
-6.00815e-05
-5.84138e-05
-5.69223e-05
-5.56155e-05
-5.42879e-05
-5.31181e-05
-5.20716e-05
-5.12081e-05
-5.04744e-05
-4.98592e-05
-4.91606e-05
-4.85531e-05
-4.79097e-05
-4.72034e-05
-4.65261e-05
-4.61687e-05
-4.63335e-05
-4.71252e-05
-4.84346e-05
-5.00833e-05
-5.20268e-05
-5.44447e-05
-5.7331e-05
-6.08028e-05
-6.49481e-05
-6.92343e-05
-7.3503e-05
-7.80553e-05
-8.23086e-05
-8.62672e-05
-9.04482e-05
-9.44983e-05
-9.91538e-05
-0.000102703
-0.00010577
-0.000108162
-0.000110032
-0.000111368
-0.000112377
-0.000112878
-0.000113127
-0.000113115
-0.000112797
-0.000112042
-0.000110786
-0.000109193
-0.000107259
-0.000105444
-0.000103622
-0.000101794
-0.000100118
-9.83547e-05
-9.6633e-05
-9.49108e-05
-9.33922e-05
-9.24688e-05
-9.20901e-05
-9.2166e-05
-9.25831e-05
-9.31727e-05
-9.37342e-05
-9.40689e-05
-9.39143e-05
-9.28336e-05
-9.07504e-05
-8.77117e-05
-8.42752e-05
-8.04266e-05
-7.70868e-05
-7.38387e-05
-7.12548e-05
-6.8986e-05
-6.76499e-05
-6.64534e-05
-6.50758e-05
-6.37466e-05
-6.22855e-05
-6.05563e-05
-5.81376e-05
-5.55018e-05
-5.24628e-05
-4.88413e-05
-4.49574e-05
-4.06533e-05
-3.64937e-05
-3.29406e-05
-3.03058e-05
-2.83617e-05
-2.71241e-05
-2.65684e-05
-2.65626e-05
-2.7009e-05
-2.76867e-05
-2.83761e-05
-2.88577e-05
-2.89131e-05
-2.85244e-05
-2.75176e-05
-2.59378e-05
-2.40129e-05
-2.15271e-05
-1.84006e-05
-1.4746e-05
-1.13104e-05
-7.59044e-06
-3.95627e-06
-2.78421e-07
3.50666e-06
7.4002e-06
1.19577e-05
1.62209e-05
2.18692e-05
2.5825e-05
2.9934e-05
3.42246e-05
3.84411e-05
4.2832e-05
4.6675e-05
4.99565e-05
5.29497e-05
5.57596e-05
5.82405e-05
6.04088e-05
6.20693e-05
6.32824e-05
6.3913e-05
6.40841e-05
6.39083e-05
6.3506e-05
6.31367e-05
6.30979e-05
6.35762e-05
6.45583e-05
6.59353e-05
6.76907e-05
6.95592e-05
7.1369e-05
7.29684e-05
7.41344e-05
7.46998e-05
7.45414e-05
7.3632e-05
7.18786e-05
6.91664e-05
6.59263e-05
6.22391e-05
5.86106e-05
5.50446e-05
5.13571e-05
4.77245e-05
4.46061e-05
4.15767e-05
3.84158e-05
3.55328e-05
3.28941e-05
3.07278e-05
2.93522e-05
2.8489e-05
2.82291e-05
2.83097e-05
2.85295e-05
2.87559e-05
2.90019e-05
2.93165e-05
2.97572e-05
3.03203e-05
3.08656e-05
3.12504e-05
3.12987e-05
3.0878e-05
3.00376e-05
2.82116e-05
2.55144e-05
2.24679e-05
1.95546e-05
1.59282e-05
1.18781e-05
7.15452e-06
2.92206e-06
-5.78837e-07
-3.08576e-06
-4.69098e-06
-5.43457e-06
-5.51115e-06
-5.28046e-06
-5.16211e-06
-5.34233e-06
-5.94758e-06
-7.06804e-06
-9.05124e-06
-1.21018e-05
-1.61075e-05
-2.15264e-05
-2.63411e-05
-3.12304e-05
-3.62743e-05
-3.99649e-05
-4.27573e-05
-4.47693e-05
-4.61925e-05
-4.71622e-05
-4.78467e-05
-4.80019e-05
-4.75816e-05
-4.64173e-05
-4.46393e-05
-4.21994e-05
-3.89299e-05
-3.51645e-05
-3.13743e-05
-2.75258e-05
-2.29078e-05
-1.7674e-05
-1.14462e-05
-5.18718e-06
1.11864e-06
6.77365e-06
1.1029e-05
1.42182e-05
1.69809e-05
1.84982e-05
1.92334e-05
1.94227e-05
1.93947e-05
1.9364e-05
1.93e-05
1.90411e-05
1.83801e-05
1.71964e-05
1.53018e-05
1.23898e-05
8.87357e-06
4.75343e-06
-1.13753e-06
-5.31299e-06
-9.25135e-06
-1.23707e-05
-1.50771e-05
-1.73451e-05
-1.94062e-05
-2.16914e-05
-2.42145e-05
-2.67174e-05
-2.95314e-05
-3.28069e-05
-3.59541e-05
-3.8831e-05
-4.15951e-05
-4.44463e-05
-4.66268e-05
-4.84197e-05
-5.00767e-05
-5.1628e-05
-5.30809e-05
-5.45138e-05
-5.60679e-05
-5.75774e-05
-5.86301e-05
-5.9073e-05
-5.89703e-05
-5.83089e-05
-5.68873e-05
-5.45932e-05
-5.12062e-05
-4.70767e-05
-4.21372e-05
-3.7706e-05
-3.39537e-05
-3.10349e-05
-2.91604e-05
-2.81986e-05
-2.79095e-05
-2.8064e-05
-2.87172e-05
-3.00913e-05
-3.20501e-05
-3.51123e-05
-3.90507e-05
-4.38259e-05
-4.86829e-05
-5.36223e-05
-5.79585e-05
-6.19733e-05
-6.5677e-05
-6.89493e-05
-7.15308e-05
-7.32967e-05
-7.42725e-05
-7.44239e-05
-7.37221e-05
-7.24194e-05
-7.07748e-05
-6.87079e-05
-6.71913e-05
-6.56599e-05
-6.28415e-05
-6.02924e-05
-5.72822e-05
-5.39025e-05
-5.07758e-05
-4.82316e-05
-4.68849e-05
-4.67977e-05
-4.80495e-05
-5.05905e-05
-5.40731e-05
-5.80759e-05
-6.21121e-05
-6.61998e-05
-6.9846e-05
-7.31651e-05
-7.50514e-05
-7.59077e-05
-7.57833e-05
-7.47911e-05
-7.29721e-05
-7.04862e-05
-6.78832e-05
-6.56529e-05
-6.36889e-05
-6.31114e-05
-6.34012e-05
-6.45365e-05
-6.64118e-05
-6.90467e-05
-7.24622e-05
-7.615e-05
-8.01821e-05
-8.42817e-05
-8.79541e-05
-9.07393e-05
-9.28946e-05
-9.3016e-05
-9.13453e-05
-8.79026e-05
-8.31434e-05
-7.73517e-05
-7.1418e-05
-6.58104e-05
-6.04071e-05
-5.51363e-05
-5.09801e-05
-4.81438e-05
-4.65062e-05
-4.70349e-05
-4.8889e-05
-5.17173e-05
-5.47226e-05
-5.73707e-05
-5.95183e-05
-6.06678e-05
-6.04075e-05
-5.84426e-05
-5.4705e-05
-4.93604e-05
-4.21504e-05
-3.46118e-05
-2.69924e-05
-2.00256e-05
-1.43153e-05
-9.76669e-06
-6.39923e-06
-3.86242e-06
-2.1725e-06
-1.05477e-06
-4.38388e-07
-1.1819e-07
-4.91174e-08
-3.61732e-07
-1.28043e-06
-2.86514e-06
-5.01258e-06
-7.60559e-06
-1.11683e-05
-1.45687e-05
-1.75581e-05
-2.01335e-05
-2.28647e-05
-2.54723e-05
-2.76808e-05
-2.89794e-05
-2.96142e-05
-2.97867e-05
-3.02946e-05
-3.19292e-05
-3.4892e-05
-3.9358e-05
-4.46993e-05
-5.13191e-05
-5.66706e-05
-6.11606e-05
-6.58256e-05
-6.98788e-05
-7.30623e-05
-7.53076e-05
-7.6691e-05
-7.76114e-05
-7.80598e-05
-7.79445e-05
-7.7272e-05
-7.62482e-05
-7.53132e-05
-7.47162e-05
-7.49387e-05
-7.64004e-05
-7.91107e-05
-8.47911e-05
-9.52165e-05
-0.000107667
-0.000123264
-0.000142245
-0.000164317
-0.000187689
-0.000214139
-0.000241516
-0.000269048
-0.000296267
-0.000325611
-0.000352125
-0.00037738
-0.000400756
-0.000424082
-0.000452081
-0.00047396
-0.000496187
-0.000517185
-0.000537716
-0.000559407
-0.000576739
-0.000594242
-0.00061051
-0.000623303
-0.000634584
-0.000653921
-0.000670644
-0.000685216
-0.000697203
-0.000706017
-0.000712322
-0.000715819
-0.000716928
-0.000715836
-0.000712943
-0.000708334
-0.000702648
-0.000696666
-0.000693355
-0.000687373
-0.00068465
-0.000681958
-0.000679371
-0.000676434
-0.000673958
-0.000671685
-0.000669518
-0.000667563
-0.000665879
-0.000664606
-0.000663799
-0.000663481
-0.000663649
-0.000664294
-0.000665329
-0.000666577
-0.000668157
-0.000670043
-0.000672299
-0.000674944
-0.000677952
-0.000681318
-0.000685116
-0.000689307
-0.00069585
-0.000701973
-0.000707583
-0.000715321
-0.000721734
-0.000728202
-0.000734979
-0.000741153
-0.000747409
-0.000754378
-0.000761341
-0.000768483
-0.000775502
-0.000782536
-0.000789697
-0.000797459
-0.000805532
-0.000813421
-0.000821263
-0.00082892
-0.000836831
-0.000844842
-0.000853296
-0.000861562
-0.0008701
-0.000878729
-0.000887048
-0.000895943
-0.000904013
-0.000912006
-0.000921042
-0.000928319
-0.00093521
-0.000941306
-0.000946932
-0.000951763
-0.00095595
-0.00095939
-0.000962334
-0.000964716
-0.000966802
-0.0009686
-0.000970249
-0.000971804
-0.000973119
-0.000974245
-0.000975101
-0.000975591
-0.000975651
-0.000975251
-0.00097439
-0.000973071
-0.00097134
-0.000969234
-0.000966914
-0.00096433
-0.000961399
-0.000958389
-0.000955178
-0.000951658
-0.00094798
-0.000944282
-0.000940134
-0.000935705
-0.000930719
-0.000925703
-0.000920519
-0.000915091
-0.000908462
-0.000902936
-0.000896758
-0.000890524
-0.000883836
-0.000877167
-0.000870699
-0.000863689
-0.00085664
-0.00084916
-0.000841933
-0.000834655
-0.000827197
-0.000819719
-0.000811867
-0.000804271
-0.000797028
-0.000789423
-0.000782281
-0.00077472
-0.000767304
-0.000760253
-0.000752921
-0.000745555
-0.000738163
-0.000730579
-0.000723018
-0.000715282
-0.000707126
-0.000699528
-0.000692503
-0.000685787
-0.000678784
-0.000671575
-0.000663502
-0.000656184
-0.000648053
-0.000640403
-0.000633506
-0.000626546
-0.000619852
-0.000614214
-0.000608685
-0.000603099
-0.000598193
-0.000593163
-0.000588622
-0.000582967
-0.000575848
-0.000568309
-0.000561477
-0.000555171
-0.000550494
-0.000546023
-0.000540734
-0.000535637
-0.000532062
-0.000529287
-0.000526564
-0.000524043
-0.000521628
-0.000519305
-0.000517062
-0.000514874
-0.000512815
-0.000510923
-0.000509044
-0.000507151
-0.000505477
-0.000503773
-0.000501645
-0.000500063
-0.000498473
-0.000496944
-0.000495511
-0.000494024
-0.000492601
-0.000491244
-0.000489898
-0.00048854
-0.000486993
-0.00048561
-0.000484189
-0.000482532
-0.000480969
-0.000479328
-0.000477531
-0.000475567
-0.000473572
-0.000471451
-0.000469236
-0.000467003
-0.00046457
-0.000462021
-0.000459427
-0.000456742
-0.000453848
-0.000450727
-0.000447943
-0.000445034
-0.000442237
-0.00043942
-0.000436801
-0.000434379
-0.00043203
-0.000429817
-0.000427782
-0.000425877
-0.000424251
-0.000422797
-0.000421457
-0.000420233
-0.000419094
-0.000418111
-0.000417257
-0.000416509
-0.000415777
-0.000415054
-0.000414276
-0.000413362
-0.000412334
-0.000411082
-0.00040958
-0.000407913
-0.000405839
-0.00040358
-0.000400955
-0.000398176
-0.000395406
-0.000392064
-0.000387487
-0.000384119
-0.000380388
-0.00037715
-0.000373711
-0.000370248
-0.000366723
-0.000360734
-0.000354891
-0.000348996
-0.000342906
-0.000336151
-0.000332575
-0.000326237
-0.000319694
-0.0003136
-0.000307841
-0.000302395
-0.000297053
-0.000291942
-0.000287512
-0.000283402
-0.000279343
-0.000276107
-0.000273182
-0.000270493
-0.000268009
-0.000265638
-0.000263567
-0.00026132
-0.000259163
-0.000256731
-0.00025448
-0.000252387
-0.000250234
-0.000248098
-0.000246043
-0.000244129
-0.00024231
-0.000240639
-0.00023913
-0.000237724
-0.000236531
-0.000235551
-0.00023482
-0.000234354
-0.00023417
-0.000234299
-0.000234722
-0.00023547
-0.00023658
-0.000238056
-0.000239895
-0.000241937
-0.000244429
-0.000247278
-0.000250495
-0.000253895
-0.000257868
-0.000261992
-0.000266625
-0.000271203
-0.000275998
-0.000280979
-0.000286211
-0.000291573
-0.00029773
-0.000303621
-0.000309529
-0.000315699
-0.000322165
-0.00032839
-0.000334703
-0.000338803
-0.000342786
-0.000351103
-0.000358536
-0.00036278
-0.000369744
-0.000373749
-0.000379349
-0.000384627
-0.00038981
-0.000394457
-0.000398526
-0.000402244
-0.000405445
-0.000408166
-0.000410609
-0.000412632
-0.000414257
-0.000415446
-0.000416312
-0.000416847
-0.000417045
-0.000416903
-0.000416378
-0.000415459
-0.000414159
-0.000412491
-0.000410263
-0.000407865
-0.000405232
-0.000402434
-0.000399279
-0.000395837
-0.000392475
-0.000389006
-0.000385202
-0.000381451
-0.000377452
-0.000373413
-0.000368927
-0.000364822
-0.000360692
-0.00035661
-0.000352409
-0.000348163
-0.000343542
-0.000338986
-0.000334313
-0.000329518
-0.000323937
-0.000318681
-0.000313335
-0.000308022
-0.00030244
-0.000296871
-0.000291438
-0.000286013
-0.000280747
-0.000275451
-0.000270125
-0.000264799
-0.000259194
-0.000254292
-0.000249308
-0.000244027
-0.000239037
-0.0002341
-0.000229427
-0.000224324
-0.000221573
-0.000218882
-0.000215445
-0.000209698
-0.000207275
-0.00020281
-0.000198914
-0.00019517
-0.000191654
-0.000188435
-0.000185371
-0.000182423
-0.000179654
-0.000176938
-0.000174163
-0.000172722
-0.000170262
-0.000167757
-0.000165341
-0.000164148
-0.000162024
-0.000159899
-0.000157812
-0.000156724
-0.000154635
-0.000153553
-0.000152468
-0.000151396
-0.000149499
-0.000147858
-0.000146471
-0.000145975
-0.000145479
-0.000145361
-0.000145551
-0.000146073
-0.000146849
-0.000148227
-0.000149765
-0.000151063
-0.000152455
-0.000153895
-0.000155482
-0.000158443
-0.000160058
-0.000161753
-0.000163383
-0.000165088
-0.00016686
-0.000168698
-0.000170574
-0.000172327
-0.000174116
-0.000175876
-0.0001776
-0.000179423
-0.000181127
-0.000182881
-0.000184713
-0.00018658
-0.000188596
-0.000190608
-0.000192501
-0.000194513
-0.000196532
-0.000198596
-0.000200694
-0.00020275
-0.000205095
-0.000207291
-0.000209433
-0.000211775
-0.000214045
-0.000216491
-0.000219037
-0.00022162
-0.000224102
-0.000226671
-0.000229249
-0.000232124
-0.000235149
-0.000238198
-0.000241316
-0.000244339
-0.000247516
-0.000250935
-0.000253945
-0.000256982
-0.000260057
-0.000263603
-0.000267558
-0.000271448
-0.000275214
-0.000278804
-0.000282347
-0.000285925
-0.000289488
-0.000292615
-0.00029575
-0.000298873
-0.000302013
-0.00030519
-0.000308432
-0.000311556
-0.000314862
-0.000317957
-0.000321087
-0.000324103
-0.000327032
-0.000329946
-0.000332731
-0.000335681
-0.000338493
-0.000340989
-0.000343526
-0.00034587
-0.000348033
-0.000350102
-0.000351942
-0.000353622
-0.000355156
-0.000356568
-0.000357698
-0.000358656
-0.000359441
-0.000360038
-0.000360374
-0.000360508
-0.000360446
-0.00036018
-0.000359734
-0.000359069
-0.000358014
-0.000357063
-0.000355951
-0.000354777
-0.000353511
-0.000352166
-0.000350581
-0.000348977
-0.000347337
-0.000345577
-0.000343638
-0.000341661
-0.000339655
-0.000337495
-0.000335196
-0.00033295
-0.00033046
-0.000327776
-0.000325224
-0.000322445
-0.000319656
-0.000316558
-0.000313586
-0.000310413
-0.000307123
-0.000303707
-0.000299939
-0.00029611
-0.000291507
-0.000286334
-0.000279815
-0.000272635
-0.000264753
-0.000254935
-0.000243025
-0.000228674
-0.000213531
-0.000195671
-0.000176819
-0.000154722
-0.000130787
-0.00010331
-7.39348e-05
-4.11763e-05
-7.66677e-06
3.23743e-05
7.17222e-05
0.000114495
0.000160221
0.00020882
0.000259095
0.00031699
0.000374167
0.000435041
0.000497245
0.000563052
0.000630086
0.000699347
0.000770272
0.000868285
0.000961475
0.00105812
0.00116199
0.00127121
0.00136987
0.0014768
0.00156979
0.00166929
0.00177057
0.00187111
0.00197434
0.00207682
0.00218131
0.00229321
0.00240125
0.00251013
0.00261524
0.00272933
0.00284221
0.00295436
0.00306574
0.00316868
0.00327636
0.003391
0.00348867
0.00358583
0.0036716
0.00375951
0.00384875
0.00393203
0.0040163
0.00408967
0.00415585
0.00422078
0.00428038
0.00433226
0.00438063
0.004425
0.00446671
0.00450112
0.00453339
0.00456232
0.00458787
0.00461169
0.00463357
0.00465422
0.00467247
0.00469014
0.00470658
0.00472391
0.00474051
0.00475816
0.00477606
0.00479507
0.00481366
0.0048329
0.00485222
0.00487191
0.0048923
0.0049142
0.00493715
0.0049587
0.00498175
0.00500566
0.0050287
0.00505278
0.00507648
0.00510363
0.00512752
0.00515288
0.00517974
0.00520458
0.00522913
0.00525503
0.00527952
0.00530471
0.00532747
0.00535007
0.00537242
0.00539289
0.00541416
0.00543387
0.00545428
0.0054746
0.00549326
0.00551303
0.00553181
0.00555068
0.00556882
0.00558677
0.00560437
0.00562225
0.00564
0.00565825
0.00567574
0.00569389
0.0057103
0.00572681
0.00574405
0.00576251
0.00577991
0.00579595
0.00581243
0.00582568
0.00583729
0.00584764
0.00585616
0.00586391
0.00587104
0.00587771
0.00588414
0.0058903
0.00589617
0.00590179
0.00590734
0.00591236
0.00591697
0.00592154
0.0059258
0.00592986
0.00593394
0.00593772
0.00594215
0.00594629
0.00595052
0.0059548
0.00595925
0.00596406
0.00596821
0.0059725
0.00597742
0.00598186
0.00598601
0.00599018
0.00599433
0.00599856
0.00600276
0.00600696
0.00601118
0.00601536
0.00601948
0.00602363
0.00602774
0.00603196
0.00603617
0.00604061
0.00604498
0.00605016
0.00605544
0.0060606
0.00606519
0.00606975
0.00607402
0.00607823
0.0060827
0.00608709
0.00609154
0.00609596
0.00610137
0.00610556
0.00611025
0.00611484
0.00611933
0.00612386
0.00612853
0.00613317
0.00613757
0.00614198
0.00614645
0.00615086
0.00615549
0.00615999
0.00616447
0.00616923
0.00617387
0.00617831
0.00618233
0.00618653
0.00619049
0.00619447
0.0061984
0.00620225
0.00620572
0.00620914
0.00621225
0.00621451
0.00621593
0.00621627
0.00621527
0.00621273
0.00620821
0.00620148
0.00619289
0.00618263
0.00617061
0.00615646
0.00613906
0.00611873
0.00609813
0.00607307
0.00604246
0.00601159
0.00597798
0.00594659
0.00591266
0.00588014
0.00584785
0.00581761
0.00578668
0.00575766
0.00572815
0.0056984
0.00566661
0.00563402
0.00559641
0.00556557
0.00553401
0.00550158
0.00546861
0.00543654
0.00540184
0.00536686
0.005331
0.00529408
0.00525419
0.00521089
0.00517068
0.00512801
0.00507491
0.00502232
0.00497439
0.00492348
0.00487199
0.00481897
0.00476672
0.00471318
0.00466009
0.0046051
0.00454835
0.00449168
0.00442719
0.00436353
0.00429634
0.00422916
0.00416091
0.00408842
0.00400548
0.00393161
0.00385835
0.00378164
0.00370211
0.00361879
0.00353908
0.00345836
0.00337945
0.00330192
0.00314455
0.00299171
0.00291264
0.00283462
0.002748
0.00266855
0.00258989
0.0025047
0.00242702
0.00234076
0.0022665
0.0021919
0.00206044
0.00193906
0.00182131
0.00176216
0.00165411
0.00155978
0.00146822
0.00138579
0.00131477
0.00124388
0.00117025
0.0010977
0.00103198
0.000967125
0.000930346
0.000895259
0.000829334
0.000791955
0.000755676
0.000692712
0.000628417
0.000564233
0.000497549
0.000459855
0.000424318
0.000385907
0.000349364
0.000310215
0.000270863
0.000232731
0.000195017
0.000158275
9.47747e-05
6.11706e-05
3.60076e-07
-5.96821e-05
-0.000121246
-0.000179287
-0.000209766
-0.000267522
-0.000325155
-0.00038314
-0.000440512
-0.000495805
-0.000526099
-0.000561174
-0.000592079
-0.000648383
-0.000679065
-0.000740363
-0.00076987
-0.000802104
-0.000858234
-0.00091366
-0.000944954
-0.00100523
-0.00106377
-0.00112232
-0.00118397
-0.00124413
-0.00130694
-0.00136894
-0.00142949
-0.00148871
-0.001551
-0.00161196
-0.00166782
-0.00172362
-0.00177789
-0.0018322
-0.00188608
-0.00194122
-0.0019971
-0.00205229
-0.00208416
-0.00214177
-0.00219809
-0.00225119
-0.00230881
-0.00236543
-0.00242338
-0.00248015
-0.00253943
-0.00259956
-0.00265559
-0.00271665
-0.00277804
-0.0028099
-0.00286844
-0.0029272
-0.00298923
-0.00305153
-0.00308461
-0.00314568
-0.00320727
-0.00327497
-0.00330915
-0.00334615
-0.00338334
-0.00341841
-0.00345547
-0.00348688
-0.00352364
-0.00355817
-0.00358731
-0.00363891
-0.00368706
-0.00371013
-0.00372967
-0.00374694
-0.00375932
-0.00377822
-0.00379231
-0.00379737
-0.00380094
-0.00380533
-0.00380928
-0.00381361
-0.00381849
-0.003824
-0.00382956
-0.00383514
-0.00383822
-0.00384318
-0.00384763
-0.00385177
-0.00385391
-0.00385623
-0.00385862
-0.00386113
-0.00386633
-0.00386912
-0.00387442
-0.00387969
-0.0038822
-0.00388665
-0.00388899
-0.003893
-0.0038951
-0.00389712
-0.00389913
-0.00390291
-0.00390662
-0.00390988
-0.00391145
-0.00391388
-0.00391604
-0.00391788
-0.00391947
-0.00392091
-0.00392171
-0.0039233
-0.00392504
-0.0039268
-0.00392848
-0.0039302
-0.00393105
-0.00393216
-0.00393364
-0.00393441
-0.00393531
-0.00393685
-0.00393848
-0.00393937
-0.00394039
-0.00394138
-0.00394302
-0.00394386
-0.00394552
-0.00394716
-0.00394802
-0.00394968
-0.00395146
-0.00395244
-0.00395362
-0.00395476
-0.00395581
-0.00395691
-0.00395836
-0.00395933
-0.00396033
-0.00396144
-0.00396256
-0.0039637
-0.00396492
-0.00396727
-0.00396834
-0.00396896
-0.00396873
-0.00396717
-0.00396346
-0.00395444
-0.00394717
-0.00393689
-0.00392201
-0.00390174
-0.00387794
-0.00382395
-0.00379079
-0.00374894
-0.00370512
-0.00360708
-0.00355106
-0.00349397
-0.00343289
-0.00336818
-0.00329304
-0.00322595
-0.00315681
-0.00308634
-0.00294926
-0.00287952
-0.00273623
-0.00266557
-0.0025615
-0.00248535
-0.00233978
-0.00226551
-0.0021909
-0.00211631
-0.00197134
-0.0018966
-0.00182204
-0.00174576
-0.00166914
-0.00158444
-0.00150527
-0.00142998
-0.00135459
-0.00127793
-0.00113306
-0.00105639
-0.000977882
-0.000902627
-0.000824918
-0.000748697
-0.000671472
-0.000592178
-0.000516255
-0.000443277
-0.000365999
-0.000292304
-0.000216819
-0.000142068
-6.84209e-05
2.41335e-06
7.61606e-05
0.00014409
0.000209718
0.000269296
0.000324806
0.000373015
0.000415114
0.000448402
0.000477997
0.000500376
0.000515989
0.0005261
0.000532522
0.000536395
0.000538537
0.000539665
0.000540357
0.000540959
0.000541662
0.000542465
0.000543334
0.00054419
0.000544875
0.000545363
0.000545692
0.00054594
0.000546261
0.00054681
0.00054763
0.00054875
0.000550182
0.000551881
0.000554185
0.000556699
0.000559554
0.000563028
0.000566589
0.000570845
0.000576572
0.000583699
0.000591098
0.000608286
0.000627977
0.000639818
0.000665957
0.000680449
0.000697033
0.000713747
0.000729977
0.000746984
0.000765436
0.000784214
0.000803383
0.000823884
0.000850498
0.000876053
0.00090042
0.000925137
0.000975642
0.00102754
0.00105921
0.0010878
0.00111749
0.00114671
0.00117729
0.00123567
0.00126578
0.00129628
0.00132703
0.00135793
0.00138702
0.0014408
0.00146905
0.00152231
0.00154818
0.00157265
0.00159546
0.00161733
0.00163759
0.00165868
0.0016787
0.00169724
0.00171481
0.00173223
0.00174911
0.00176482
0.00177973
0.00180865
0.00183818
0.00185319
0.00186846
0.00188321
0.00189819
0.00191705
0.00194556
0.00196064
0.0019755
0.00198985
0.00200404
0.00201948
0.00205206
0.00207073
0.00209245
0.00213811
0.0021649
0.00222384
0.00228488
0.0023199
0.00235535
0.00240414
0.00244359
0.00248249
0.00252578
0.00256635
0.0026064
0.00268635
0.00272818
0.00277209
0.00282739
0.00287655
0.00292793
0.00303739
0.00309738
0.00315965
0.00322563
0.00329534
0.00336935
0.00346098
0.00355184
0.0036569
0.00377619
0.00389337
0.00400941
0.00413376
0.00425443
0.00439793
0.00455546
0.00469096
0.00482321
0.00495679
0.00515037
0.00543188
0.00557581
0.00572325
0.00592529
0.00622532
0.00638473
0.00654715
0.00688217
0.00725516
0.00758404
0.00775826
0.00793086
0.00811408
0.00828976
0.00862806
0.00880539
0.00898966
0.00917133
0.0093524
0.00953485
0.00988045
0.010062
0.0102219
0.0105018
0.0107594
0.0108718
0.0110538
0.0112097
0.0112717
0.0113175
0.0113481
0.0113672
0.0113901
0.0113964
0.0113965
0.0113893
0.0113755
0.0113305
0.0112777
0.0112422
0.0111969
0.0111409
0.011024
0.0109557
0.0108669
0.0107895
0.0107052
0.0106155
0.0105158
0.0104095
0.0102984
0.010178
0.0100488
0.00990789
0.00977318
0.00962729
0.00933113
0.00917654
0.00901043
0.00883452
0.00849619
0.00831512
0.00812446
0.00792504
0.00772459
0.00751945
0.00731935
0.00711269
0.00690015
0.00668306
0.00629157
0.00608867
0.00588518
0.00568284
0.00548632
0.00529657
0.00512215
0.00481571
0.00452791
0.00426987
0.00403012
0.00390792
0.00381658
0.00373552
0.00367006
0.00360694
0.00355553
0.00350972
0.0034644
0.00343027
0.00337955
0.00333868
0.00330935
0.00329194
0.00328404
0.00328433
0.00328945
0.00329647
0.00330338
0.00330903
0.00331404
0.00331769
0.00332169
0.00332681
0.00333062
0.0033358
0.00334567
0.00335138
0.00336155
0.00336629
0.00337376
0.00338
0.0033827
0.00338722
0.00339236
0.00339778
0.00340118
0.00340484
0.00340861
0.0034129
0.00341591
0.00342027
0.00342346
0.00342556
0.00342706
0.00342855
0.00342998
0.0034318
0.00343288
0.00343498
0.0034369
0.00343764
0.00343795
0.00343779
0.00343669
0.00343509
0.00343344
0.00343199
0.00343097
0.00343046
0.00343037
0.00343037
0.00343015
0.00342945
0.00342676
0.00342228
0.00341594
0.00340767
0.00339821
0.00338647
0.00337291
0.00335806
0.00334249
0.00332431
0.00331279
0.00330283
0.00329045
0.00327984
0.00327015
0.00326081
0.00325176
0.00324274
0.00322634
0.00321044
0.00319512
0.00317976
0.00316481
0.0031507
0.00314292
0.00312886
0.00311503
0.0031019
0.00309507
0.00308824
0.00307572
0.00306881
0.00305608
0.00304924
0.00303675
0.00302471
0.00301066
0.00299811
0.0029861
0.0029741
0.00296262
0.00294999
0.00293772
0.002925
0.00291245
0.00290575
0.0028928
0.00287967
0.00286669
0.00285177
0.00283806
0.00282406
0.00280973
0.00279529
0.00278042
0.00276549
0.00275003
0.00273438
0.00271676
0.00270026
0.00268419
0.00266771
0.00265046
0.00263264
0.00261583
0.00259823
0.00258136
0.0025643
0.00254652
0.0025287
0.00251121
0.00249289
0.00247523
0.00245744
0.00243901
0.00242807
0.00241037
0.00239301
0.0023756
0.00236514
0.00235391
0.00234271
0.00233194
0.00232096
0.00230855
0.00229636
0.0022836
0.00227162
0.00224838
0.00222343
0.00219839
0.00217143
0.0021423
0.00211134
0.00207852
0.00204435
0.00200949
0.00197106
0.001933
0.00189213
0.00184739
0.00180344
0.00175734
0.00170841
0.00165568
0.00162666
0.0015724
0.00154227
0.00148948
0.00143553
0.00138534
0.00133291
0.00128109
0.00122835
0.00117727
0.00112668
0.001075
0.00101866
0.000964903
0.000911394
0.000856974
0.000797587
0.000741704
0.000686871
0.000629715
0.00057061
0.00051352
0.00045844
0.000402129
0.000343457
0.000285309
0.0002265
0.000168079
0.000109757
4.95748e-05
-1.15184e-05
-7.52319e-05
-0.000136405
-0.000195516
-0.000261024
-0.000322877
-0.00038224
-0.000440287
-0.000500305
-0.000566143
-0.00062597
-0.000685915
-0.000746218
-0.000825548
-0.000891896
-0.000950618
-0.00101046
-0.00107278
-0.00113496
-0.00119786
-0.00126681
-0.00133205
-0.00139308
-0.00145625
-0.00152204
-0.00158474
-0.00164636
-0.0017288
-0.00181368
-0.00190888
-0.00198252
-0.0020519
-0.00212581
-0.00219002
-0.00225201
-0.00231629
-0.0023787
-0.00243817
-0.00250157
-0.00257075
-0.0026355
-0.00269925
-0.0027621
-0.0028263
-0.00288895
-0.00295156
-0.00301115
-0.00307218
-0.00313963
-0.00320043
-0.00326447
-0.00333165
-0.00339351
-0.00346092
-0.00352532
-0.00358931
-0.0036543
-0.00371785
-0.00378166
-0.00384512
-0.00391996
-0.00398461
-0.00405377
-0.00411973
-0.00420128
-0.00427448
-0.00434581
-0.00441138
-0.0044744
-0.00454194
-0.00460541
-0.00467009
-0.00473505
-0.00480168
-0.00488014
-0.00494554
-0.00501914
-0.00508531
-0.00515066
-0.00521913
-0.00528251
-0.00534911
-0.00541434
-0.00547903
-0.00554537
-0.00561965
-0.00568281
-0.00575162
-0.00581954
-0.00588721
-0.00594994
-0.00601285
-0.00607781
-0.00614194
-0.00620359
-0.00626189
-0.00631779
-0.00637515
-0.0064289
-0.00647595
-0.00652394
-0.00656888
-0.00660951
-0.00664708
-0.00668408
-0.00672277
-0.00675564
-0.00678968
-0.00682198
-0.00685125
-0.00687693
-0.00690515
-0.00692873
-0.00695055
-0.00697453
-0.00699681
-0.00701948
-0.00703994
-0.00705995
-0.00708096
-0.00710034
-0.00711945
-0.00714143
-0.00716072
-0.00718068
-0.00719883
-0.00721753
-0.00723897
-0.00725831
-0.00727564
-0.00729548
-0.00731206
-0.0073284
-0.00734529
-0.00736171
-0.00737834
-0.00739457
-0.00741092
-0.00742681
-0.00744283
-0.00745896
-0.00747511
-0.00748991
-0.0075056
-0.0075202
-0.00753503
-0.00754974
-0.00756547
-0.00757985
-0.00759428
-0.0076091
-0.00762675
-0.00764307
-0.00765808
-0.00767279
-0.00768947
-0.00770522
-0.00771945
-0.00773505
-0.00774932
-0.00776461
-0.00777841
-0.00779262
-0.00780806
-0.00782204
-0.00783547
-0.00784879
-0.00786279
-0.0078771
-0.00789053
-0.00790502
-0.0079185
-0.00793214
-0.00794573
-0.00795995
-0.00797384
-0.00798807
-0.00800325
-0.00801663
-0.00803075
-0.00804491
-0.00805895
-0.00807272
-0.00808723
-0.0081013
-0.00811557
-0.00813013
-0.00814455
-0.00815985
-0.00817526
-0.00819123
-0.00820723
-0.00822217
-0.00823859
-0.00825427
-0.0082723
-0.00829028
-0.00830766
-0.00832572
-0.00834554
-0.00836263
-0.0083811
-0.00839872
-0.00841659
-0.00843729
-0.00845629
-0.0084807
-0.00849624
-0.00850966
-0.00855636
-0.00857326
-0.00860047
-0.00861716
-0.00862934
-0.00864172
-0.00865754
-0.00867036
-0.00868797
-0.00870141
-0.00871576
-0.00872969
-0.00874418
-0.00877172
-0.00878667
-0.00880163
-0.0088164
-0.00883206
-0.00884906
-0.00886573
-0.00888224
-0.00891488
-0.00893303
-0.00895152
-0.0089696
-0.00898825
-0.00900688
-0.0090269
-0.00904786
-0.00906843
-0.00908934
-0.00911105
-0.0091326
-0.00915535
-0.00918616
-0.00921085
-0.0092337
-0.00925902
-0.00928292
-0.00930732
-0.00933446
-0.00936036
-0.00938528
-0.00940959
-0.00943293
-0.00945552
-0.00947603
-0.00949615
-0.00951565
-0.00953405
-0.00955002
-0.00956468
-0.00957785
-0.00958992
-0.00960019
-0.00960863
-0.00961646
-0.00962114
-0.00962388
-0.00962501
-0.00962469
-0.00962291
-0.00961974
-0.00961502
-0.00960882
-0.00960064
-0.00959073
-0.0095778
-0.00956416
-0.00954778
-0.00952997
-0.00950993
-0.00948897
-0.00946144
-0.00943537
-0.00940814
-0.00937919
-0.00934673
-0.00931089
-0.00927291
-0.00923414
-0.0091941
-0.00915566
-0.0091155
-0.00907498
-0.00903301
-0.00898759
-0.00894457
-0.00890455
-0.00886359
-0.00881867
-0.00877791
-0.00870337
-0.0086323
-0.008569
-0.00854153
-0.00849737
-0.00848084
-0.00846978
-0.00845987
-0.0084594
-0.00846461
-0.00847619
-0.00850688
-0.00853143
-0.00856734
-0.00861597
-0.00868062
-0.00883243
-0.00899348
-0.00919052
-0.00941518
-0.00966613
-0.00995575
-0.0103073
-0.0105318
-0.0109201
-0.0113256
-0.01177
-0.012208
-0.0126869
-0.0129815
-0.0135014
-0.0140663
-0.0146025
-0.0151487
-0.015697
-0.016324
-0.0169294
-0.0176505
-0.0183533
-0.0190349
-0.0197468
-0.0204269
-0.0210929
-0.0217766
-0.0224418
-0.0231615
-0.0239089
-0.0246084
-0.0252786
-0.0259119
-0.0264993
-0.0270716
-0.0275906
-0.0280637
-0.0285119
-0.028926
-0.0292688
-0.0295535
-0.0297863
-0.0299605
-0.0300882
-0.0301962
-0.030279
-0.0303434
-0.0303965
-0.0304477
-0.0304926
-0.0305357
-0.0305752
-0.0306099
-0.0306411
-0.0306707
-0.0306967
-0.0307225
-0.0307498
-0.0307834
-0.0308178
-0.0308531
-0.0308903
-0.0309306
-0.0309712
-0.0310142
-0.0310587
-0.0311058
-0.0311605
-0.0312271
-0.0313145
-0.0314012
-0.0315018
-0.0316074
-0.0317207
-0.0318452
-0.0319555
-0.0320685
-0.0321926
-0.0323271
-0.0324672
-0.0326145
-0.0327652
-0.0329114
-0.0330624
-0.0332245
-0.0333846
-0.0335412
-0.0336928
-0.033858
-0.0340263
-0.0341776
-0.0343286
-0.0344845
-0.0346345
-0.0347889
-0.0349434
-0.0350888
-0.0352488
-0.0353947
-0.03554
-0.0356668
-0.035787
-0.0359071
-0.0360167
-0.0361243
-0.0362268
-0.0363182
-0.036396
-0.0364698
-0.0365414
-0.0366082
-0.0366675
-0.0367236
-0.0367756
-0.0368287
-0.0368766
-0.0369233
-0.0369721
-0.0370196
-0.037062
-0.0371036
-0.0371444
-0.0371854
-0.0372237
-0.0372621
-0.0373019
-0.0373405
-0.0373803
-0.0374218
-0.0374626
-0.0375061
-0.0375518
-0.0375966
-0.0376402
-0.037688
-0.0377337
-0.0377805
-0.0378302
-0.0378823
-0.0380136
-0.0380813
-0.0381322
-0.0381848
-0.0382375
-0.0382975
-0.0383493
-0.0384003
-0.038455
-0.0385171
-0.0385788
-0.0386283
-0.0386966
-0.038759
-0.0388028
-0.038878
-0.038919
-0.0389563
-0.0390177
-0.0390745
-0.0391523
-0.039188
-0.0392405
-0.0392749
-0.0393088
-0.0393438
-0.0393754
-0.0394071
-0.0394341
-0.0394787
-0.0395182
-0.0395543
-0.0395862
-0.0396159
-0.0396432
-0.0396699
-0.0396954
-0.0397205
-0.0397436
-0.0397638
-0.0397796
-0.0397877
-0.0397865
-0.0397742
-0.0397484
-0.0397089
-0.0396491
-0.0396075
-0.0395175
-0.0394606
-0.0393363
-0.0391996
-0.0390518
-0.0388927
-0.0387249
-0.038524
-0.0383372
-0.0381361
-0.0379163
-0.03769
-0.0374702
-0.0372379
-0.0369842
-0.036743
-0.0364852
-0.0362302
-0.035978
-0.0357201
-0.0354715
-0.0352277
-0.0350181
-0.034822
-0.0346107
-0.0343998
-0.0341929
-0.0339875
-0.0337751
-0.0335652
-0.0333713
-0.033172
-0.0329804
-0.0327895
-0.0326017
-0.0324127
-0.0322145
-0.0320244
-0.0318313
-0.0316458
-0.0314672
-0.0312919
-0.0311209
-0.0309585
-0.0307786
-0.0306225
-0.0304986
-0.0303726
-0.0302792
-0.0301958
-0.0301303
-0.0300788
-0.0300412
-0.0300114
-0.0299795
-0.0299511
-0.0299221
-0.0298975
-0.0298691
-0.0298394
-0.029802
-0.0297646
-0.0297272
-0.0296847
-0.0296298
-0.0295822
-0.0295326
-0.0294785
-0.0294226
-0.0293643
-0.0293035
-0.0292491
-0.0291878
-0.0291349
-0.0290719
-0.0290096
-0.0289578
-0.0289019
-0.0288451
-0.0287956
-0.0287436
-0.0286941
-0.0286468
-0.0285994
-0.028551
-0.0284974
-0.0284499
-0.0283993
-0.0283462
-0.0282961
-0.0282425
-0.0281878
-0.028137
-0.0280782
-0.0280289
-0.0279787
-0.0279375
-0.0279009
-0.0278702
-0.0278456
-0.0278266
-0.0278135
-0.0278056
-0.0278032
-0.0278062
-0.0278146
-0.0278287
-0.0278491
-0.0278759
-0.0279095
-0.0279497
-0.028007
-0.0280657
-0.0281321
-0.0282092
-0.0282908
-0.0283827
-0.0284794
-0.0285838
-0.0286903
-0.0288027
-0.0289157
-0.0290366
-0.0291606
-0.029286
-0.0294208
-0.0295477
-0.0296766
-0.0298094
-0.0299506
-0.0300926
-0.0302291
-0.0303642
-0.0305159
-0.0306517
-0.0307924
-0.0309392
-0.0310789
-0.0312301
-0.0314007
-0.0315641
-0.0317151
-0.0318646
-0.032015
-0.0321722
-0.0323173
-0.032448
-0.0325772
-0.0327188
-0.0328461
-0.0329676
-0.0330741
-0.0331803
-0.0332704
-0.0333595
-0.0334359
-0.0334927
-0.0335402
-0.0335795
-0.033611
-0.0336352
-0.0336563
-0.0336722
-0.033685
-0.0336957
-0.0337048
-0.0337128
-0.0337191
-0.0337242
-0.0337283
-0.0337314
-0.0337336
-0.0337352
-0.0337363
-0.0337371
-0.0337377
-0.0337381
-0.0337383
-0.0337383
-0.033738
-0.0337373
-0.0337362
-0.0337348
-0.0337328
-0.0337307
-0.0337283
-0.0337258
-0.033723
-0.0337203
-0.0337176
-0.0337149
-0.0337122
-0.0337089
-0.0337058
-0.0337018
-0.0336973
-0.033692
-0.0336856
-0.0336774
-0.0336671
-0.0336557
-0.0336417
-0.0336249
-0.033607
-0.0335832
-0.0335561
-0.0335245
-0.0334914
-0.0334519
-0.0334094
-0.0333611
-0.0333094
-0.033255
-0.0331933
-0.0331267
-0.0330574
-0.0329805
-0.0329003
-0.0328061
-0.0327101
-0.0326061
-0.0325063
-0.0324089
-0.0323021
-0.0321983
-0.0320731
-0.0319519
-0.0318393
-0.0317295
-0.0316176
-0.0315075
-0.0314021
-0.0312875
-0.0311739
-0.0310734
-0.0309845
-0.0308936
-0.0308148
-0.030728
-0.0306585
-0.0306099
-0.0305736
-0.0305445
-0.0305235
-0.0305085
-0.0305009
-0.0304979
-0.0304982
-0.0305009
-0.0305057
-0.0305123
-0.0305208
-0.0305342
-0.0305522
-0.0305754
-0.0306022
-0.0306337
-0.0306719
-0.0307233
-0.0307764
-0.0308297
-0.0308939
-0.0309622
-0.0310405
-0.0311232
-0.0312161
-0.0313218
-0.0314452
-0.0315719
-0.0316907
-0.031801
-0.0319403
-0.0320756
-0.0321939
-0.0323146
-0.032444
-0.0325597
-0.0326756
-0.0327959
-0.0329149
-0.0330344
-0.0331563
-0.0332833
-0.0334103
-0.0335262
-0.0336462
-0.0337628
-0.0338933
-0.0340146
-0.034138
-0.0342638
-0.0343979
-0.0345183
-0.0346312
-0.0347454
-0.0348558
-0.03497
-0.0350668
-0.0351677
-0.0352664
-0.0353468
-0.0354152
-0.0354784
-0.0355406
-0.0355909
-0.0356354
-0.0356708
-0.0357011
-0.0357251
-0.0357441
-0.0357593
-0.0357722
-0.0357814
-0.0357879
-0.0357929
-0.0357962
-0.0357982
-0.0357993
-0.0357995
-0.0357992
-0.0357982
-0.035797
-0.0357952
-0.0357927
-0.0357891
-0.0357847
-0.0357789
-0.0357727
-0.0357659
-0.0357572
-0.0357485
-0.0357399
-0.03573
-0.0357198
-0.0357075
-0.035695
-0.0356812
-0.0356669
-0.0356512
-0.0356334
-0.0356132
-0.0355903
-0.0355646
-0.0355378
-0.035508
-0.035475
-0.0354343
-0.0353946
-0.0353523
-0.0353019
-0.0352529
-0.0352009
-0.0351456
-0.0350862
-0.0350241
-0.0349605
-0.0348908
-0.0348084
-0.0347315
-0.0346606
-0.0345797
-0.0345073
-0.0344343
-0.0343621
-0.0342891
-0.0342246
-0.0341581
-0.0340925
-0.0340219
-0.0339511
-0.0338875
-0.0338233
-0.0337578
-0.0336934
-0.0336281
-0.0335657
-0.033502
-0.033436
-0.0333682
-0.0333014
-0.0332293
-0.0331673
-0.033104
-0.0330371
-0.0329677
-0.032899
-0.0328328
-0.0327621
-0.0326985
-0.0326298
-0.0325629
-0.0324999
-0.0324393
-0.0323811
-0.0323243
-0.0322668
-0.0322142
-0.0321601
-0.0321042
-0.03205
-0.0320032
-0.0319561
-0.0319136
-0.0318632
-0.031823
-0.0317844
-0.0317465
-0.0317134
-0.0316844
-0.0316524
-0.0316286
-0.0316086
-0.0315919
-0.0315767
-0.0315636
-0.031551
-0.0315409
-0.0315309
-0.0315185
-0.0315112
-0.0315022
-0.0314967
-0.0314924
-0.0314891
-0.0314858
-0.031483
-0.0314809
-0.0314791
-0.0314773
-0.0314749
-0.0314729
-0.0314715
-0.0314707
-0.0314705
-0.0314709
-0.0314722
-0.0314754
-0.0314787
-0.031483
-0.0314887
-0.0314957
-0.0315046
-0.0315162
-0.0315318
-0.0315469
-0.0315651
-0.0315846
-0.031605
-0.0316276
-0.0316571
-0.03169
-0.031718
-0.031745
-0.0317724
-0.0318062
-0.0318403
-0.0318731
-0.0319054
-0.0319408
-0.0319851
-0.0320356
-0.0320868
-0.032153
-0.032204
-0.0322608
-0.0323466
-0.0324193
-0.0325017
-0.0325843
-0.0327053
-0.0328035
-0.0329015
-0.0330098
-0.0331222
-0.0332517
-0.0333831
-0.0335221
-0.033668
-0.0338279
-0.033998
-0.0341642
-0.0343455
-0.0345497
-0.0347507
-0.034952
-0.0351749
-0.0353934
-0.035615
-0.035836
-0.0360668
-0.0362929
-0.0365204
-0.0367407
-0.0369634
-0.0371814
-0.0374012
-0.0376186
-0.0378363
-0.0380479
-0.0382589
-0.0384644
-0.0386585
-0.0389302
-0.0392005
-0.0393745
-0.0395547
-0.0397341
-0.0398814
-0.0400345
-0.0401702
-0.0402916
-0.0404132
-0.0405393
-0.0406517
-0.040771
-0.0408892
-0.0410059
-0.0411227
-0.0412313
-0.0413489
-0.0414623
-0.0415936
-0.0417194
-0.0418471
-0.0419952
-0.0421493
-0.0422972
-0.0424524
-0.0426206
-0.0427983
-0.0429686
-0.0431608
-0.0433433
-0.0435308
-0.0437194
-0.0439105
-0.0440982
-0.044295
-0.0444896
-0.044691
-0.0448831
-0.0450897
-0.0452897
-0.0454809
-0.0456907
-0.0458805
-0.0460965
-0.0463683
-0.0465828
-0.0468024
-0.047033
-0.0473067
-0.0476063
-0.0478736
-0.0480821
-0.0483182
-0.0485404
-0.048747
-0.0489946
-0.0492135
-0.0494013
-0.0495877
-0.0497563
-0.0499392
-0.0501017
-0.0502886
-0.0504358
-0.0505597
-0.0506538
-0.0507455
-0.050823
-0.0508874
-0.050947
-0.0509996
-0.0510536
-0.0511044
-0.0511524
-0.0512041
-0.0512722
-0.0513229
-0.05137
-0.0514215
-0.0514774
-0.0515435
-0.0515968
-0.051647
-0.0517035
-0.0517585
-0.0518189
-0.0518826
-0.0519554
-0.0520177
-0.0520788
-0.0521406
-0.0522031
-0.052268
-0.052337
-0.0524074
-0.0524767
-0.0525506
-0.0526255
-0.0527041
-0.0527875
-0.0528758
-0.0529749
-0.0530864
-0.0531833
-0.0532962
-0.0534357
-0.0535633
-0.0536717
-0.0537813
-0.0538877
-0.0539897
-0.0540913
-0.0541813
-0.0542766
-0.0543655
-0.0544374
-0.0545017
-0.054556
-0.0545955
-0.0546208
-0.0546311
-0.0546235
-0.0545969
-0.0545517
-0.0544869
-0.0544003
-0.0542957
-0.0541728
-0.0540282
-0.0538808
-0.053717
-0.0535399
-0.0533634
-0.0531762
-0.0529845
-0.0527932
-0.0525905
-0.052386
-0.0521785
-0.0519812
-0.0517808
-0.0516511
-0.0514303
-0.0511863
-0.0509446
-0.0506998
-0.0504294
-0.0501688
-0.0498936
-0.049567
-0.0493928
-0.049213
-0.0489779
-0.0488132
-0.0486376
-0.0484737
-0.0482984
-0.0481015
-0.0477847
-0.0476083
-0.0473045
-0.0470175
-0.0468557
-0.0465489
-0.0462384
-0.0459273
-0.0456099
-0.045296
-0.0449841
-0.0448162
-0.044494
-0.0441647
-0.0438358
-0.0436622
-0.0433205
-0.0431138
-0.0429306
-0.0427548
-0.0425722
-0.0423879
-0.0422046
-0.0420147
-0.0418269
-0.0416299
-0.0414277
-0.0412303
-0.0410292
-0.0408392
-0.0406142
-0.0403512
-0.0401506
-0.0399681
-0.0397896
-0.0396142
-0.0394354
-0.0392652
-0.0391026
-0.0389256
-0.0387569
-0.0385942
-0.0384293
-0.0382679
-0.0381146
-0.0379665
-0.0378314
-0.037698
-0.0375683
-0.0374557
-0.037349
-0.0372577
-0.0371776
-0.0371035
-0.0370379
-0.0369762
-0.036918
-0.0368635
-0.036813
-0.0367636
-0.0367119
-0.0366559
-0.0366051
-0.0365541
-0.0365002
-0.0364431
-0.0363849
-0.0363235
-0.0362626
-0.0362003
-0.0361357
-0.0360713
-0.036009
-0.0359433
-0.0358813
-0.0358191
-0.035757
-0.0356914
-0.0356311
-0.035568
-0.0355063
-0.035442
-0.0353799
-0.0353207
-0.0352595
-0.0351985
-0.03514
-0.0350858
-0.0350235
-0.0349524
-0.034893
-0.0348423
-0.0347913
-0.034742
-0.034684
-0.0346315
-0.0345905
-0.0345506
-0.0345123
-0.0344709
-0.0344294
-0.0343884
-0.0343492
-0.0343098
-0.0342712
-0.0342296
-0.0341896
-0.0341494
-0.0341146
-0.0340786
-0.0340424
-0.0340064
-0.0339717
-0.0339372
-0.0339042
-0.0338721
-0.0338455
-0.0338212
-0.0337994
-0.0337783
-0.0337598
-0.0337431
-0.0337284
-0.0337144
-0.0337011
-0.0336879
-0.0336755
-0.0336628
-0.0336508
-0.0336394
-0.0336284
-0.0336181
-0.0336081
-0.0335978
-0.0335883
-0.0335785
-0.0335677
-0.0335559
-0.0335402
-0.0335255
-0.033511
-0.0334951
-0.0334763
-0.0334569
-0.0334359
-0.0334141
-0.03339
-0.0333636
-0.0333362
-0.0333065
-0.0332742
-0.0332392
-0.0332014
-0.0331623
-0.0331212
-0.0330786
-0.0330332
-0.0329874
-0.0329375
-0.0328888
-0.0328364
-0.0327834
-0.0327283
-0.032672
-0.0326103
-0.032545
-0.0324738
-0.0323959
-0.0323162
-0.0322148
-0.0321211
-0.0320263
-0.0319247
-0.0317984
-0.031681
-0.0315621
-0.0314384
-0.0313082
-0.031174
-0.0310391
-0.0308988
-0.0307629
-0.0306164
-0.0304579
-0.0303091
-0.0301565
-0.0300088
-0.0298508
-0.0296849
-0.0295234
-0.0293609
-0.0291966
-0.0290277
-0.0288606
-0.0286732
-0.0284748
-0.0282833
-0.0281131
-0.0279536
-0.0277888
-0.0276361
-0.0275001
-0.0273838
-0.027278
-0.0271768
-0.027084
-0.0269993
-0.0269199
-0.0268505
-0.0267845
-0.0267213
-0.0266588
-0.0266027
-0.0265474
-0.0264951
-0.0264415
-0.0263896
-0.0263391
-0.0262904
-0.0262434
-0.0261964
-0.0261534
-0.0261113
-0.0260736
-0.0260378
-0.0260013
-0.0259681
-0.0259369
-0.0259065
-0.0258775
-0.0258503
-0.0258237
-0.025801
-0.0257797
-0.0257611
-0.0257438
-0.025728
-0.0257151
-0.0257049
-0.0256958
-0.0256896
-0.0256858
-0.0256849
-0.0256869
-0.0256929
-0.0257034
-0.0257193
-0.0257425
-0.0257718
-0.0258056
-0.0258441
-0.0258879
-0.025937
-0.0259912
-0.0260491
-0.0261125
-0.0261465
-0.0261465
-0.0261465
-0.0261465
-0.0261465
-0.0261465
-0.0261465
-0.0261465
-0.0261465
-0.0261465
-0.0261465
-0.0261465
-0.0261465
-0.0261465
-0.0261465
-0.0261465
-0.0261465
-0.0261465
-0.0261465
-0.0261465
-0.0261465
-0.0261465
-0.0261465
-0.0261465
-0.0261465
-0.0261465
-0.0261465
-0.0261465
-0.0261465
-0.0261465
-0.0261465
-0.0261465
-0.0261465
-0.0261465
-0.0261465
-0.0261465
-0.0261465
-0.0261465
-0.0261465
-0.0261465
-0.0261465
-0.0261465
-0.0261465
-0.0261465
-0.0261465
-0.0261465
-0.0261465
-0.0261465
-0.0261465
-0.0261465
-0.0261465
-0.0261465
-0.0261465
-0.0261465
-0.0261465
-0.0261465
-0.0261465
-0.0261465
-0.0261465
-0.0261465
-0.0261465
-0.0261465
-0.0261465
-0.0261465
-0.0261465
-0.0261465
-0.0261465
-0.0261465
-0.0261465
-0.0261465
-0.0261465
-0.0261465
-0.0261465
-0.0261465
-0.0261465
-0.0261465
-0.0261465
-0.0261465
-0.0261465
-0.0261465
-0.0261465
-0.0261465
-0.0261465
-0.0261465
-0.0261465
-0.0261465
-0.0261465
-0.0261465
-0.0261465
-0.0261465
-0.0261465
-0.0261465
-0.0261465
-0.0261465
-0.0261465
-0.0261465
-0.0261465
-0.0261465
-0.0261465
-0.0261465
-0.0261465
-0.0261465
-0.0261465
-0.0261465
-0.0261465
-0.0261465
-0.0261465
-0.0261465
-0.0261465
-0.0261465
-0.0261465
-0.0261465
-0.0261465
-0.0261465
-0.0261465
-0.0261465
-0.0261465
-0.0261465
-0.0261465
-0.0261465
-0.0261465
-0.0261465
-0.0261465
-0.0261465
-0.0261465
-0.0261465
-0.0261465
-0.0261465
-0.0261465
-0.0261465
-0.0261465
-0.0261465
-0.0261465
-0.0261465
-0.0261465
-0.0261465
-0.0261465
-0.0261465
-0.0261465
-0.0261465
-0.0261465
-0.0261465
-0.0261465
-0.0261465
-0.0261465
-0.0261465
-0.0261465
-0.0261465
-0.0261465
-0.0261465
-0.0261465
-0.0261465
-0.0261465
-0.0261465
-0.0261465
-0.0261465
-0.0261465
-0.0261465
-0.0261465
-0.0261465
-0.0261465
-0.0261465
-0.0261465
-0.0261465
-0.0261465
-0.0261465
-0.0261465
-0.0261465
-0.0261465
-0.0261465
-0.0261465
-0.0261465
-0.0261465
-0.0261465
-0.0261465
-0.0261465
-0.0261465
-0.0261465
-0.0261465
-0.0261465
-0.0261465
-0.0261465
-0.0261465
-0.0261465
-0.0261465
-0.0261465
-0.0261465
-0.0261465
-0.0261465
-0.0261465
-0.0261465
-0.0261465
-0.0261465
-0.0261465
-0.0261465
-0.0261465
-0.0261465
-0.0261465
-0.0261465
-0.0261465
-0.0261465
-0.0261465
-0.0261465
-0.0261465
-0.0261465
-0.0261465
-0.0261465
-0.0261465
-0.0261465
-0.0261465
-0.0261465
-0.0261465
-0.0261465
-0.0261465
-0.0261465
-0.0261465
-0.0261465
-0.0261465
-0.0261465
-0.0261465
-0.0261465
-0.0261465
-0.0261465
-0.0261465
-0.0261465
-0.0261465
-0.0261465
-0.0261465
-0.0261465
-0.0261465
-0.0261465
-0.0261465
-0.0261465
-0.0261465
-0.0261465
-0.0261465
-0.0261465
-0.0261465
-0.0261465
-0.0261465
-0.0261465
-0.0261465
-0.0261465
-0.0261465
-0.0261465
-0.0261465
-0.0261465
-0.0261465
-0.0261465
-0.0261465
-0.0261465
-0.0261465
-0.0261465
-0.0261465
-0.0261465
-0.0261465
-0.0261465
-0.0261465
-0.0261465
-0.0261465
-0.0261465
-0.0261465
-0.0261465
-0.0261465
-0.0261465
-0.0261465
-0.0261465
-0.0261465
-0.0261465
-0.0261465
-0.0261465
-0.0261465
-0.0261465
-0.0261465
-0.0261465
-0.0261465
-0.0261465
-0.0261465
-0.0261465
-0.0261465
-0.0261465
-0.0261465
-0.0261465
-0.0261465
-0.0261465
-0.0261465
-0.0261465
-0.0261465
-0.0261465
-0.0261465
-0.0261465
-0.0261465
-0.0261465
-0.0261465
-0.0261465
-0.0261465
-0.0261465
-0.0261465
-0.0261465
-0.0261465
-0.0261465
-0.0261465
-0.0261465
-0.0261465
-0.0261465
-0.0261465
-0.0261465
-0.0261465
-0.0261465
-0.0261465
-0.0261465
-0.0261465
-0.0261465
-0.0261465
-0.0261465
-0.0261465
-0.0261465
-0.0261465
-0.0261465
-0.0261465