
831.058
-840.653
911.844
-919.747
893.322
-804.718
704.125
-586.154
577.986
-608.298
690.992
-711.525
670.852
-499.919
316.162
-194.282
151.409
-64.5612
83.9539
-148.382
180.224
-71.3345
-112.326
306.313
-382.744
406.228
-354.082
354.31
-396.971
473.332
-484.717
520.279
-578.004
589.979
-481.854
453.386
-429.492
442.997
-461.594
431.82
-381.6
393.118
-303.169
300.488
-415.73
501.072
-396.872
236.223
-120.407
114.346
-43.35
-0.846417
-22.4679
86.2203
-88.4759
55.529
115.257
-219.446
188.674
-155.133
185.905
-82.2275
38.1311
-139.877
294.109
-325.189
343.571
-319.31
248.182
-172.014
216.43
-225.125
246.123
-273.349
281.015
-241.702
235.979
-149.574
92.7214
-130.592
200.164
-171.522
209.185
-203.378
86.566
8.8045
21.5377
-9.56442
37.2004
-83.2059
105.741
-49.9684
-11.121
89.8245
-88.6219
38.2691
39.7479
-28.023
-30.8753
57.0319
2.80349
21.7929
-102.047
125.625
-23.8273
-42.0434
12.7158
59.984
-73.8759
117.119
-122.718
65.4009
20.812
-49.2204
13.7792
78.5861
-113.516
110.466
-57.8445
0.532532
7.14721
47.7316
-65.5945
63.6485
-58.403
72.0661
-48.0071
28.1285
-12.2832
7.49247
-20.1572
66.5438
-82.5343
96.7123
-75.5057
13.7022
10.1497
27.4913
-21.2137
38.7169
-79.7553
74.6476
-27.3392
-8.77941
37.4942
-2.87789
-50.3861
69.6513
-37.032
-6.53729
12.4595
10.6622
14.5445
-29.142
-19.387
61.985
-19.9023
-15.8936
13.1442
-13.2973
10.6521
11.2719
-8.38585
13.7332
4.83889
-48.6378
28.8095
26.7233
-5.34246
-17.0548
0.280357
7.60199
-0.334672
-1.47853
18.898
-15.4572
-7.86157
20.0098
-0.716139
-11.0415
-7.47294
14.2485
12.6021
-14.987
10.765
-0.281109
-29.4664
22.9735
14.1977
-12.7464
22.0708
-33.2446
-16.4863
55.1034
-7.37285
-35.6005
29.2335
-20.2032
-5.432
39.5347
-6.53942
-30.9501
12.0092
2.27718
4.03317
3.8345
3.21284
-19.0111
20.3595
-10.5733
-4.63235
20.9457
-7.9905
-33.6237
42.5238
10.4607
-40.1873
11.9055
6.23941
-9.87771
19.432
-1.35708
-3.24323
-8.14011
-28.1741
50.3829
-7.34047
-29.5937
34.0791
-10.3524
-32.9618
45.4792
-25.1469
8.3437
13.3731
-41.5489
31.7076
26.2541
-66.243
51.0895
-11.0566
-25.7279
36.4781
-11.9667
-19.3967
35.2435
-39.5167
21.7237
16.4023
-34.4955
13.3863
9.47369
-20.2621
27.6061
-16.0618
-3.35062
4.1127
-13.4782
22.2406
10.0299
-39.4439
20.586
3.38997
-15.736
13.8493
6.398
-18.6753
14.9486
-8.31593
-6.17852
9.83117
-2.7679
0.323709
6.23791
-17.2204
8.58802
8.77698
-8.97692
-11.3058
15.234
0.625336
-4.79419
-3.93981
-0.6655
8.94142
-3.08341
-14.1299
21.4352
-6.99319
-22.3989
26.4297
4.49352
-29.3619
18.315
2.46006
-12.3239
6.69206
-2.14989
8.92417
-8.90618
-12.0248
22.998
-12.3468
-6.9026
22.2912
-18.5142
-8.65654
26.7613
-21.9744
-0.536962
17.8392
-14.4369
-3.48438
15.2827
-13.2084
-1.84454
7.80463
-1.00998
-6.68063
6.22917
-0.222402
-1.8269
-5.5907
5.59222
-2.56776
-0.0127683
1.39422
0.77443
-8.43936
9.28811
-6.37762
0.945565
3.56699
-6.40295
1.3687
8.62974
-12.5678
1.48344
4.71447
-0.573652
-2.51876
0.381304
-2.57273
4.08216
-7.21581
3.1416
3.97802
-2.46955
-8.41337
9.23055
-0.764488
-6.4691
-1.18217
12.044
-9.03984
-7.30674
8.8574
5.87379
-17.664
9.43796
5.66133
-12.5875
2.00404
8.51239
-12.2107
9.02234
-1.24672
-4.42156
-0.090748
-0.143933
-1.93152
8.78771
-9.64426
0.429512
4.34481
-4.82
-3.31953
8.23489
-3.13919
-3.99421
0.131623
1.16765
1.55007
-1.85198
-4.14316
5.7542
-2.08295
-4.64546
2.48785
1.2111
-1.03142
-4.38442
0.71003
9.39802
-12.6279
-2.4539
15.6928
-13.2066
-2.48801
14.3705
-16.765
4.43647
8.22577
-12.3704
8.97502
-0.629795
-15.7512
15.0531
-1.10949
-6.52546
5.21672
-1.10276
-8.25059
6.20242
-1.7684
6.11295
-7.16361
-3.15621
3.5237
3.00003
-5.6019
1.40271
-1.45054
5.42584
-9.6219
3.34791
2.90586
-5.28012
0.362486
8.10809
-11.8616
5.38334
-2.76393
0.312311
2.55889
-3.87563
-0.683324
9.46745
-17.2047
7.44666
7.13583
-12.2664
5.28301
5.44576
-14.585
8.77961
-0.0696798
-2.6278
3.4282
-2.30891
-6.14022
6.58016
-1.92723
-1.64262
0.269052
2.95973
-5.72129
0.240166
3.69888
-4.2072
-1.38208
7.94613
-10.1638
0.270739
7.99395
-5.81828
-2.73263
3.62566
-2.24128
2.87779
-4.84288
-0.590053
4.61534
-4.27699
-1.45268
6.58836
-9.0873
3.08459
3.47531
-7.36949
2.34666
5.96057
-9.97815
3.41912
1.9272
-4.57152
2.10228
3.9229
-9.75418
3.09433
3.56117
-3.52878
-1.95831
6.51111
-7.37037
0.249869
0.969923
1.22955
-2.86159
2.28239
-3.67967
3.05742
-4.07658
1.37733
1.16241
-1.36539
-5.67935
7.64465
-2.68119
-3.96114
1.84106
3.59031
-8.93717
5.41679
2.74681
-6.77877
-2.82678
9.21015
-6.8426
-0.0460926
3.10005
-3.865
-3.08773
6.46879
-5.16007
2.05904
-0.736566
-3.88871
2.65684
1.75594
-6.65098
6.55484
-2.40757
-5.09896
3.83183
0.0250834
-5.39053
6.10225
-4.24464
0.294616
1.20935
-3.15667
-2.62417
5.96532
-4.56472
0.363033
0.177173
1.30719
-5.0282
0.0374893
3.93293
-1.79826
-6.64249
10.2403
-7.2217
-4.02453
7.42766
-2.10249
-6.65988
9.14716
-8.15636
1.99138
2.73223
-5.36634
0.779158
3.85206
-7.01223
5.86978
-4.75772
-0.604796
3.06394
-3.56424
-1.14609
5.45213
-8.0896
2.65147
2.80774
-3.607
-2.53755
3.81993
-2.42128
-0.774933
-0.853248
2.86909
-3.66495
-0.407598
1.03741
-0.801782
-2.32494
1.78344
-1.8655
1.03071
-1.84784
1.24712
-1.09924
-2.55922
0.163105
3.18262
-4.55159
2.73536
-2.79239
-1.46983
2.72943
-1.10151
-4.84296
6.69494
-5.72986
1.48458
0.422582
-3.93981
1.9764
2.45953
-8.44694
9.39298
-4.16484
-7.77821
8.56374
0.801822
-12.6259
12.9612
-3.49269
-8.03918
6.21616
1.66639
-9.02629
8.48767
-4.44517
-2.7231
3.29096
-0.238285
-3.77435
4.47267
-5.79718
1.33665
1.2235
-1.13276
-2.62732
2.92206
-1.28537
-1.61416
-3.24623
6.26607
-4.15717
-2.91649
5.12662
-1.12029
-8.38442
7.98031
-1.19929
-5.19924
2.65965
2.38911
-6.0111
0.90337
0.868862
1.02182
-3.6502
1.62474
-0.631762
-0.983993
-1.34561
1.18143
-2.28307
3.26608
-3.79047
-0.348709
0.63419
-0.941018
-1.34655
3.95784
-6.35021
1.97869
0.20956
-2.86176
2.39632
2.05849
-8.47991
5.21453
0.145978
-5.3222
2.48358
3.77668
-8.01414
2.75832
1.3156
-2.66906
-2.24777
3.55651
-2.28329
-0.165936
-1.83678
1.38566
-1.68707
0.00231357
-1.65993
3.0003
-3.17448
-1.10248
0.353133
0.476097
-3.42132
4.19003
-3.61385
-1.04324
1.48492
-0.845316
-3.70155
4.82749
-4.11879
0.84443
-0.341375
-1.19353
-0.776195
2.31342
-5.06406
3.93053
-3.45856
-0.467654
2.42255
-1.96489
-3.99529
5.96
-5.17924
0.554646
0.275558
-0.719008
-1.25497
1.45478
-2.82558
2.73537
-5.14279
3.35071
-0.947813
-2.51717
1.0884
1.04566
-5.67051
5.73891
-4.2921
-0.766024
3.46768
-3.58861
-2.43617
5.53956
-6.76095
3.01717
0.225632
-3.16079
0.982702
0.767866
-4.43846
4.72875
-4.38041
0.390885
0.998746
-1.96826
-0.650093
2.29614
-4.17958
2.45073
-2.4567
0.239772
0.280732
-1.15395
-1.07122
1.90328
-4.35964
3.50517
-2.17626
-1.96107
1.7129
-0.30839
-3.44925
4.50585
-4.08079
-0.885657
1.71876
-0.591686
-2.77201
2.81651
-2.58802
-0.368882
-1.21826
2.11473
-2.1139
-0.397754
-0.536619
0.452607
-3.19001
3.18671
-2.1315
-0.883234
-0.027078
0.804519
-3.82547
3.97328
-3.70625
0.070266
0.16748
-0.0387249
-2.84892
4.12396
-4.9932
0.736872
1.16569
-0.85758
-3.3039
3.91008
-3.71758
0.997911
-1.17517
0.736754
-1.81682
1.09972
-3.51502
3.34264
-3.00563
0.14546
-0.139179
0.0971701
-3.02537
3.22681
-2.55109
-0.531653
-0.189701
0.416122
-2.54405
2.26918
-1.99469
-0.370596
-1.16187
1.38222
-2.38145
0.903363
-1.00992
0.302667
-2.94183
1.9925
-0.385628
-0.893641
-1.69655
2.12665
-3.41621
1.25739
-0.323899
-0.788261
-1.83135
2.73923
-3.49113
1.04225
-1.28825
0.207051
-1.45943
1.48081
-2.72924
1.76042
-2.75669
1.47855
-1.81179
1.04011
-1.99462
1.20564
-3.59152
3.02403
-1.88351
-0.407889
-0.973478
1.51515
-3.95935
2.50635
-1.34217
-0.398618
-0.962959
1.09071
-2.80981
1.89441
-2.56366
1.15473
-0.827348
-0.388153
-1.79557
1.62571
-2.72848
1.81581
-1.59689
-0.153257
-0.65497
-0.125543
-1.7925
2.24315
-3.16958
1.28533
-0.671555
-1.13473
-0.97625
2.21866
-3.57822
1.48746
-1.66021
0.897975
-2.10544
0.919427
-1.16095
1.10847
-3.34247
2.40048
-2.82483
1.13636
-0.995057
0.43485
-2.18671
1.77553
-3.011
1.90135
-2.79
1.43144
-0.443274
-0.753391
-2.44172
3.09861
-3.69875
1.93086
-1.4077
0.152926
-1.8034
0.955928
-2.0609
1.7413
-2.58387
1.39721
-1.68218
0.0883583
-1.3764
1.07188
-1.85188
0.692685
-1.92376
2.08337
-2.90576
0.377826
0.272523
-1.08199
-1.83659
3.17746
-4.40691
1.38119
0.0909402
-1.5074
-0.262389
1.06536
-4.01078
3.36776
-2.4378
-0.641361
0.878346
-0.608305
-2.42327
2.44417
-3.11974
1.45726
-1.5584
0.0638849
-0.683455
0.0173877
-2.16521
2.65211
-3.77454
1.59562
-0.55895
-0.588674
-1.75987
1.86415
-2.81784
1.44201
-1.6617
1.25037
-2.68951
0.983824
-0.691622
-0.51076
-1.89535
3.02422
-4.09651
1.92347
-0.930457
-0.947874
-0.955305
1.97133
-4.23985
3.10427
-2.05152
-0.20409
-0.854453
0.806345
-2.30637
1.86877
-3.43454
2.37329
-1.77266
-0.188941
-0.748847
0.733121
-2.63413
2.42202
-3.38811
1.64539
-0.813721
-0.86815
-1.30816
2.12397
-3.67698
2.18682
-1.49107
-0.25327
-1.20151
1.02431
-2.17567
1.35038
-2.21219
1.07472
-1.1238
0.197404
-1.75026
1.21494
-2.22007
0.67637
-1.08839
1.33409
-3.08664
1.51082
-0.951885
-0.743536
-1.00618
2.23611
-4.33436
2.19022
-0.509571
-1.24315
-0.869432
1.9462
-3.70532
1.69074
-1.23799
0.623241
-2.17692
1.01216
-1.47543
0.750424
-2.0618
2.02673
-3.21645
1.47833
-1.3511
0.0603022
-1.12807
1.1905
-3.24006
2.94889
-2.97532
0.38206
-0.00199609
-0.645057
-2.17377
2.7928
-3.2917
1.43342
-1.0961
-0.338282
-1.21756
1.21237
-2.51051
1.58644
-2.32697
1.75092
-2.21939
0.29349
-0.431076
-0.131301
-2.62616
3.31213
-3.35172
0.632277
-0.172014
-0.778462
-1.51726
2.06123
-2.92263
1.9541
-2.62167
0.737999
-0.880085
0.120401
-1.70373
2.3001
-3.72593
1.98441
-1.92862
0.332433
-0.994802
0.687555
-2.34442
2.36785
-3.51722
1.72503
-1.05749
-0.431984
-1.1639
1.67668
-3.64752
2.48261
-1.9009
0.129249
-0.918829
0.834911
-2.56601
1.4347
-2.10139
1.42563
-2.05692
1.09388
-1.56961
0.0729817
-1.33458
1.33475
-2.78374
2.1697
-2.0184
-0.802723
0.269386
0.521125
-3.12041
2.91598
-2.46542
-0.616706
0.119581
0.314607
-2.64726
2.41459
-2.29782
0.209179
-0.896374
0.480667
-2.01168
1.37303
-1.98589
0.969522
-1.7793
0.793257
-1.59554
0.885694
-1.8818
1.30658
-2.31796
0.965444
-1.69077
1.16136
-1.85543
1.08069
-2.22657
1.34185
-2.44497
1.5593
-1.7577
0.692833
-2.01486
1.92339
-2.97928
1.36587
-1.21763
0.650553
-2.58632
2.13909
-2.61756
1.02022
-1.161
0.574552
-2.3218
2.19946
-2.98397
1.08622
-1.09856
0.52933
-2.2532
2.2173
-2.73205
0.939156
-1.25594
0.625566
-2.03768
1.62237
-2.28766
0.679786
-0.897289
0.591928
-2.31383
1.85633
-2.10069
0.422675
-1.08471
0.706151
-1.9492
1.52582
-2.17363
0.98662
-1.3965
0.275035
-1.51208
1.3074
-2.29448
1.33121
-1.78249
0.675495
-1.30918
0.811475
-2.10085
1.4557
-2.22597
1.10751
-1.40764
0.78962
-2.07691
1.4026
-2.07833
1.24535
-2.0938
1.40645
-2.33226
1.40514
-1.97717
1.17767
-1.73786
1.10805
-2.62927
2.08223
-2.15624
0.529317
-1.19164
1.03365
-2.52887
1.99375
-2.24392
0.882674
-1.58668
0.955595
-2.16996
1.60803
-2.02333
0.958628
-1.64753
1.07237
-2.09767
1.22863
-1.64339
0.412704
-1.37734
1.24764
-2.09057
1.20091
-1.72481
0.306971
-1.06874
1.06246
-2.38794
1.54845
-1.8463
0.500624
-1.17497
0.982322
-2.07316
1.02937
-1.66811
0.959451
-1.97168
1.42599
-1.93064
0.410864
-0.970667
1.03107
-2.88518
2.2783
-2.1383
0.0182523
-0.619059
1.03344
-2.66488
1.90719
-2.4116
1.24965
-1.75869
0.843514
-1.8032
1.26105
-2.2734
1.77495
-2.41327
1.26807
-1.66109
0.474637
-1.53878
1.57919
-2.67033
1.76896
-2.1637
0.948193
-1.4774
0.85722
-2.09412
1.64288
-2.46064
1.5554
-1.87782
0.768228
-1.59136
1.14394
-2.20105
1.50141
-1.93
0.976879
-2.16448
1.44444
-1.56196
0.51697
-1.44367
1.34861
-2.90732
1.89608
-1.64138
0.190455
-0.94739
1.03279
-2.63006
2.13196
-2.3602
0.799477
-1.03821
0.335244
-1.79119
1.74499
-2.48538
1.44062
-1.63654
0.474767
-1.36866
0.866564
-1.97291
1.58464
-1.9683
0.943471
-1.72593
0.99098
-1.77366
1.04397
-1.67037
1.14219
-2.21755
1.57079
-2.11714
0.749702
-0.944015
0.463913
-1.69258
1.49301
-2.78353
1.68359
-1.29504
-0.0110895
-0.936248
1.27487
-2.83265
1.87611
-2.08687
0.804642
-0.996907
0.379935
-1.97693
1.86013
-2.47991
1.29262
-1.34224
0.359036
-1.67381
1.37721
-2.05435
1.19861
-1.58288
0.96318
-2.04264
1.31015
-2.02462
0.980386
-1.2477
0.939487
-2.41254
1.98425
-2.39751
0.864391
-0.937049
0.647982
-2.2678
2.07944
-2.7295
1.32312
-1.36157
0.618288
-1.6094
1.42084
-2.70513
1.96488
-2.2448
0.886606
-1.33645
1.13547
-2.24769
1.73203
-2.61848
1.74947
-2.05273
0.785198
-1.35185
1.25649
-2.60433
2.00124
-2.16487
0.8151
-1.45471
0.927616
-1.85778
1.38421
-2.14281
1.52372
-2.05213
0.791462
-1.21292
0.799496
-2.03135
1.59888
-2.22938
1.25098
-1.48287
0.49025
-1.18763
0.933965
-2.29394
1.69516
-1.67424
0.287005
-1.06868
0.84478
-1.89765
1.47386
-1.94881
0.865238
-1.49936
0.640168
-1.46165
1.35012
-2.26257
1.28684
-1.49236
0.6503
-1.63772
1.24092
-2.12414
1.25397
-1.71397
1.16633
-1.75001
0.889908
-1.78239
1.2603
-2.12477
1.5452
-2.03172
0.924465
-1.45745
1.15933
-2.21971
1.66726
-2.28493
1.24979
-1.56789
0.800372
-1.78953
1.61717
-2.47321
1.44617
-1.71949
0.828343
-1.54897
1.08153
-2.12197
1.51644
-2.10315
1.25646
-1.4843
0.615856
-1.51877
1.16731
-2.33503
1.77613
-2.04921
0.882273
-1.27604
0.717974
-1.73054
1.3636
-2.34885
1.56016
-1.90081
0.808251
-1.10899
0.665612
-1.95476
1.66517
-2.49368
1.58896
-1.68167
0.564679
-1.38169
1.03828
-2.11397
1.95498
-2.64349
1.42376
-1.53209
0.551396
-1.52233
1.45258
-2.53846
1.88227
-2.14523
1.08792
-1.51249
0.734954
-1.77192
1.45618
-2.31246
1.65583
-2.10349
1.20348
-1.70409
0.848779
-1.58845
1.41212
-2.58674
1.75853
-2.05795
0.960291
-1.09779
0.663842
-2.01076
1.63163
-2.39045
1.37096
-1.53682
0.62777
-1.20544
0.808244
-2.02324
1.58949
-2.06179
1.01705
-1.36056
0.626032
-1.66363
1.40005
-2.05961
1.15578
-1.61072
0.890055
-1.60124
0.879176
-1.64061
1.00778
-1.66788
1.21386
-1.79108
0.975762
-1.75025
1.0107
-1.47915
0.932546
-1.96102
1.65066
-2.24369
1.01295
-1.15914
0.839243
-2.19939
1.71437
-2.1858
1.19506
-1.59654
1.09166
-1.80693
1.20341
-1.96356
1.25629
-1.98005
1.38355
-1.96816
1.16608
-1.67899
1.05132
-1.93014
1.62594
-2.39659
1.38455
-1.68498
0.886227
-1.55223
1.2208
-2.21732
1.76597
-2.14379
0.85878
-1.2776
0.747754
-1.76512
1.61568
-2.28228
1.23485
-1.57431
0.787267
-1.48354
1.13074
-2.00627
1.39834
-2.18182
1.36772
-1.51303
0.767183
-1.56115
1.09756
-2.11608
1.58272
-2.04494
0.9752
-1.15849
0.67539
-1.90347
1.68652
-2.30652
1.25486
-1.59123
0.913076
-1.69729
1.20331
-1.91248
1.51889
-2.22389
1.34237
-1.79823
0.911709
-1.51137
1.20878
-2.12969
1.61736
-2.09377
1.20962
-1.58419
0.747606
-1.63195
1.40972
-2.14921
1.44554
-1.86403
0.970964
-1.5846
1.1761
-1.93879
1.2786
-1.84271
1.04187
-1.75909
1.36491
-1.86583
1.12789
-1.66416
0.830374
-1.59147
1.29491
-2.09684
1.21807
-1.46602
0.755096
-1.52998
1.1924
-1.98683
1.13682
-1.86851
1.39565
-1.74918
0.913723
-1.47909
1.05799
-2.08293
1.54916
-1.94803
0.960648
-1.46794
0.995606
-1.81173
1.32878
-1.99686
1.2388
-1.75691
1.01085
-1.68721
1.23202
-1.97993
1.32169
-1.89497
1.29484
-1.90777
1.23656
-1.8584
1.1293
-1.85608
1.31418
-1.93136
1.35067
-1.91313
1.18667
-1.74804
1.06238
-1.87273
1.33315
-1.98903
1.37615
-1.84278
1.20381
-1.88333
1.22678
-1.9737
1.31456
-2.0135
1.49542
-1.95016
1.14001
-1.67904
1.17237
-2.03428
1.43875
-1.96879
1.12841
-1.56658
1.05727
-1.8594
1.337
-1.89436
1.1716
-1.7927
1.20444
-1.84582
1.172
-1.75038
1.1352
-1.71708
1.23295
-1.8623
1.15242
-1.71749
0.906347
-1.50229
1.07887
-1.83216
1.38696
-1.91727
1.00387
-1.27541
0.621549
-1.8125
1.63208
-2.10445
1.26814
-1.47053
0.768022
-1.64095
1.31075
-2.16054
1.51299
-1.80793
0.969159
-1.45267
1.08968
-2.00237
1.52709
-2.08511
1.28739
-1.54238
0.859057
-1.78792
1.66761
-2.40377
1.52462
-1.54084
0.825796
-1.85039
1.56258
-2.25087
1.47931
-1.72838
1.0952
-1.75001
1.34911
-2.06123
1.30907
-1.69163
0.971862
-1.62614
1.27681
-2.01594
1.41799
-1.67631
0.794614
-1.47564
1.05459
-2.06715
1.64324
-1.80628
0.850679
-1.28085
0.891539
-1.87889
1.34775
-1.85413
1.14156
-1.59556
1.02645
-1.59043
0.945033
-1.6662
1.33599
-2.05899
1.32876
-1.59663
0.846261
-1.71444
1.38157
-1.9407
1.49392
-2.06323
1.25137
-1.89552
1.25031
-1.74461
1.27263
-2.00547
1.54635
-2.11077
1.32045
-1.6506
1.07283
-2.00948
1.48193
-1.94311
1.35829
-1.88732
1.31884
-1.88574
1.12408
-1.74597
1.27856
-2.01303
1.40445
-1.81074
1.20658
-1.67594
0.95597
-1.64508
1.11775
-1.80114
1.25415
-1.58321
0.755967
-1.4552
1.08501
-1.72909
1.2262
-1.81975
0.968904
-1.47305
0.846814
-1.45839
1.24069
-2.01881
1.22718
-1.55272
0.86911
-1.56432
1.13989
-1.87116
1.23124
-1.64124
1.1149
-1.7875
1.25487
-1.85995
1.07547
-1.59556
1.22648
-2.14693
1.65529
-1.89685
1.18057
-1.84804
1.31401
-2.03845
1.50005
-2.04968
1.43586
-1.88824
1.23688
-1.80921
1.27796
-1.97299
1.46448
-2.07904
1.35383
-1.74892
1.18536
-1.88524
1.5392
-2.04334
1.15772
-1.76067
1.36849
-1.9875
1.22985
-1.60836
1.08244
-1.83013
1.39832
-1.86057
1.07136
-1.62766
1.06045
-1.6384
1.07565
-1.56885
1.25473
-2.04054
1.22007
-1.36626
0.62389
-1.57066
1.44893
-2.1176
1.40031
-1.60004
0.834083
-1.46671
1.0026
-1.83293
1.46197
-1.95632
1.15189
-1.46594
0.786881
-1.39942
1.16129
-2.11388
1.52841
-1.9273
1.04651
-1.27301
0.860104
-1.85257
1.61377
-2.224
1.37329
-1.5219
0.790057
-1.55099
1.20495
-1.91431
1.48515
-1.89365
1.09337
-1.51866
0.956227
-1.73871
1.31201
-1.87284
1.295
-1.75856
1.2322
-1.70587
1.07519
-1.86181
1.40352
-1.84629
1.17039
-1.67181
1.26736
-1.89667
1.31625
-1.85575
1.26978
-1.76304
1.08848
-1.67732
1.39669
-1.99364
1.4073
-1.80189
1.09309
-1.67935
1.24208
-1.93474
1.51828
-2.04236
1.39887
-1.78776
1.07255
-1.63855
1.38569
-2.10673
1.46843
-1.88661
1.21504
-1.66412
1.23765
-1.79166
1.3251
-1.96668
1.33397
-1.88751
1.29339
-1.69508
1.26962
-1.81415
1.22215
-1.82935
1.40047
-1.96161
1.24718
-1.62881
1.1183
-1.69103
1.28119
-1.91713
1.34766
-1.71659
1.04976
-1.66822
1.16675
-1.68896
1.27796
-1.77928
1.19078
-1.66884
1.04666
-1.66687
1.26351
-1.77193
1.22572
-1.78016
1.17762
-1.6317
1.21815
-1.73208
1.0951
-1.68151
1.14883
-1.70296
1.1697
-1.54183
1.09565
-1.71252
1.20625
-1.74974
1.06275
-1.59852
1.26553
-1.82852
1.23318
-1.58312
1.09132
-1.79664
1.27623
-1.76602
1.17464
-1.62869
1.12537
-1.7451
1.41363
-1.8973
1.19964
-1.61925
1.0665
-1.80395
1.52452
-2.00075
1.41447
-1.77152
1.05126
-1.65191
1.43204
-2.13355
1.63554
-2.01115
1.19101
-1.54156
1.27723
-2.01156
1.62065
-2.05437
1.2922
-1.71889
1.27902
-1.77757
1.22895
-1.814
1.58352
-2.09814
1.37264
-1.66491
1.05313
-1.76652
1.48827
-1.89323
1.36429
-1.82864
1.26402
-1.68816
1.07385
-1.58281
1.14619
-1.79067
1.43792
-1.75665
1.1663
-1.62901
1.02762
-1.54172
1.13622
-1.71404
1.42095
-1.99118
1.21584
-1.31667
0.809818
-1.52822
1.34685
-2.17153
1.53867
-1.55853
0.837622
-1.29474
1.08099
-1.96946
1.58365
-1.82908
1.13169
-1.57186
1.00999
-1.62299
1.38528
-1.86672
1.40483
-1.87856
1.24526
-1.63477
1.08649
-1.68085
1.36813
-1.87289
1.44577
-1.844
1.21188
-1.60856
0.983944
-1.66617
1.5163
-1.99867
1.38214
-1.66972
1.01313
-1.56275
1.29139
-1.87695
1.42643
-1.93614
1.24998
-1.4742
1.06102
-1.64652
1.32895
-2.02171
1.46066
-1.72812
1.10002
-1.52402
1.12896
-1.82752
1.54678
-1.88673
1.27438
-1.73594
1.1348
-1.54986
1.15051
-1.80539
1.59304
-2.00998
1.27602
-1.59169
1.08835
-1.7697
1.3952
-1.8924
1.48311
-1.80459
1.21032
-1.65893
1.14753
-1.72737
1.37737
-1.84232
1.35435
-1.79752
1.21639
-1.65914
1.28203
-1.75933
1.26551
-1.82876
1.33813
-1.8045
1.31012
-1.61874
1.07816
-1.68077
1.40877
-1.97133
1.3093
-1.58643
1.02616
-1.67533
1.38628
-1.84071
1.3412
-1.79844
1.2159
-1.66874
1.21083
-1.76531
1.3191
-1.77457
1.32675
-1.72075
1.20933
-1.74275
1.23623
-1.80755
1.30267
-1.68577
1.36812
-1.86205
1.22259
-1.64095
1.19521
-1.7846
1.3962
-1.81586
1.24783
-1.73569
1.31522
-1.81559
1.37577
-1.84191
1.28653
-1.74498
1.27995
-1.86448
1.42093
-1.81004
1.35535
-1.76979
1.2199
-1.75355
1.29899
-1.91786
1.56375
-1.93692
1.2879
-1.60226
1.22525
-1.94277
1.49476
-1.85547
1.2323
-1.68783
1.27786
-1.73767
1.2503
-1.69086
1.27355
-1.87484
1.33101
-1.65838
1.10302
-1.5502
1.17914
-1.80058
1.36967
-1.74501
1.07831
-1.41227
0.947699
-1.66512
1.35208
-1.77129
1.17332
-1.48711
1.02818
-1.61054
1.11958
-1.63714
1.23954
-1.72565
1.17619
-1.58944
1.13976
-1.62065
1.13495
-1.68101
1.3172
-1.86835
1.24101
-1.52355
1.18916
-1.81775
1.4726
-1.92564
1.22695
-1.61715
1.14456
-1.74708
1.52978
-1.99323
1.39413
-1.72398
1.07642
-1.66903
1.51772
-2.08662
1.50575
-1.77379
1.20917
-1.68943
1.3714
-1.86215
1.29587
-1.72302
1.28361
-1.76465
1.30405
-1.70542
1.25082
-1.70396
1.28656
-1.82328
1.36965
-1.70815
1.10362
-1.55971
1.25859
-1.78888
1.35726
-1.70789
1.16294
-1.60298
1.1435
-1.76147
1.42396
-1.79128
1.31074
-1.68127
1.21622
-1.74937
1.31446
-1.81169
1.39771
-1.77859
1.28294
-1.75734
1.40681
-1.83414
1.31191
-1.74161
1.32349
-1.9323
1.4923
-1.73572
1.27079
-1.76668
1.37026
-1.865
1.35099
-1.79046
1.37878
-1.7618
1.22999
-1.69711
1.28879
-1.75673
1.39692
-1.81856
1.23893
-1.68415
1.15605
-1.61844
1.37576
-1.79971
1.24355
-1.6222
1.12342
-1.69787
1.32664
-1.76754
1.27526
-1.64613
1.2273
-1.66056
1.18807
-1.72581
1.28836
-1.67536
1.15321
-1.57236
1.22448
-1.72799
1.30019
-1.73616
1.2259
-1.68381
1.19997
-1.64785
1.30494
-1.79099
1.31907
-1.69924
1.19088
-1.62167
1.24628
-1.7177
1.21419
-1.71978
1.26726
-1.63561
1.30064
-1.74354
1.15245
-1.62367
1.29467
-1.8836
1.4517
-1.71678
1.20714
-1.63433
1.26244
-1.79299
1.38721
-1.85979
1.32638
-1.6422
1.23405
-1.76138
1.41304
-1.8468
1.41949
-1.86022
1.34696
-1.82853
1.37885
-1.72243
1.35793
-1.87136
1.51996
-1.9621
1.34725
-1.73713
1.37141
-1.85066
1.46029
-1.87072
1.35151
-1.74881
1.29628
-1.69902
1.25349
-1.73481
1.29116
-1.75469
1.27159
-1.64776
1.3135
-1.68916
1.13955
-1.6362
1.1652
-1.65499
1.26866
-1.60511
1.12805
-1.47992
0.988257
-1.54988
1.21213
-1.70363
1.18364
-1.47832
1.02561
-1.55341
1.26045
-1.76389
1.27066
-1.59807
1.12786
-1.75103
1.32854
-1.65811
1.35646
-1.82587
1.33048
-1.77047
1.28651
-1.75873
1.44076
-1.87609
1.38473
-1.80888
1.47307
-1.99654
1.52482
-1.79759
1.25517
-1.81007
1.50597
-1.94375
1.42788
-1.76277
1.40601
-1.78994
1.25407
-1.74005
1.33703
-1.83153
1.41708
-1.58451
1.03278
-1.58344
1.27494
-1.67597
1.11462
-1.50005
1.12035
-1.5577
1.15248
-1.56568
1.19643
-1.55313
1.03038
-1.49091
1.03742
-1.46732
1.11023
-1.54959
1.22014
-1.66818
1.19239
-1.57908
1.1356
-1.62451
1.36533
-1.86476
1.39253
-1.70512
1.27936
-1.75409
1.3887
-1.85553
1.48478
-2.01205
1.51641
-1.87832
1.51425
-1.95003
1.61534
-1.97761