
141.65
-104.524
-4.90155
110.632
-147.169
152.608
-98.1706
-59.365
235.315
-357.054
402.009
-339.099
177.125
49.5938
-222.665
222.34
-185.599
222.564
-159.168
-61.5531
293.033
-436.558
414.002
-246.559
67.6093
72.9205
-135.631
75.7097
26.5484
-70.6926
51.8844
-73.9344
185.211
-188.624
30.1198
54.5633
-73.7007
103.766
-30.6981
-17.9377
-51.2364
26.3551
0.53446
199.923
-411.047
370.822
-138.658
-95.2282
159.967
-102.357
135.74
-224.535
182.228
-53.202
-79.695
237.672
-269.143
54.654
120.525
-89.283
139.065
-310.587
282.118
-30.2686
-165.81
195.007
-192.339
205.187
-104.19
-63.4162
98.7536
-66.554
95.3016
-74.4889
-4.68726
27.2959
-65.6767
171.159
-168.209
-0.411401
99.0504
-71.1419
143.772
-240.883
105.289
86.2688
-105.165
104.393
-155.331
122.94
-8.93661
-93.6286
163.621
-173.649
85.9121
53.5154
-154.585
133.441
-10.7052
-37.5556
-61.977
125.624
-7.47403
-162.125
182.371
-31.1277
-120.599
135.182
-117.383
139.446
-80.2492
-61.3634
171.929
-207.982
136.427
9.01962
-108.997
144.343
-132.695
35.1286
74.4056
-84.777
33.6163
-4.74846
13.6846
-4.3828
-43.1798
69.0505
-74.5318
87.0307
-58.949
-10.3251
53.9518
-90.6833
129.737
-67.8027
-43.8502
49.0281
-31.872
86.2245
-85.2337
-3.65002
70.7676
-108.338
113.867
-34.0504
-67.7421
108.024
-81.115
3.22776
38.8929
0.496906
-9.81309
-71.5972
118.559
-32.9416
-67.1529
58.8224
-21.6467
23.7191
-1.7881
-31.3149
26.7289
-37.4559
27.7907
66.4139
-98.9924
1.31673
45.8594
8.14793
-27.1927
0.53557
6.97315
-18.869
32.9929
-3.9315
-38.8656
42.1111
-4.088
-23.1748
-10.643
41.1715
-5.35567
-24.3743
27.0842
-47.0388
22.4049
52.4529
-58.0879
24.5154
-43.7511
21.5434
83.8512
-112.485
10.7024
67.2508
-59.0765
54.7466
-34.1005
-52.6966
82.3083
-5.32146
-35.5466
7.60661
-3.24069
7.1568
20.61
-34.9174
20.4121
-0.7951
-26.0392
54.2623
-42.1907
-33.4779
98.4765
-54.8034
-43.3353
63.7766
-31.4412
27.9959
-6.3488
-26.8641
1.82807
-4.90213
77.7038
-77.4834
-13.6946
74.9382
-89.0795
68.0276
3.02263
-62.7358
65.6676
-57.2771
54.8801
-11.8309
-79.3891
137.49
-100.729
16.9185
51.5329
-91.438
87.5247
-37.9647
-15.5801
47.7919
-72.5537
79.0153
-35.8487
-33.4281
63.8538
-49.394
35.1597
-14.598
-24.0366
35.8425
-24.4044
41.1259
-45.9279
-18.2317
73.279
-51.0597
9.28862
19.6443
-43.9025
34.8613
-3.15535
-14.0501
26.8775
-30.958
10.8797
3.54488
-4.32836
18.7781
-30.8277
10.9757
22.271
-28.5358
-4.25124
31.0671
-14.6839
-7.92764
0.626834
12.2483
0.237588
-25.83
35.4661
-16.8866
-26.4491
62.5738
-45.6362
-17.1275
58.8443
-45.662
10.455
14.0174
-16.4383
3.47087
-7.51826
34.7939
-41.5172
9.88013
25.2763
-44.4935
45.4743
-12.6993
-35.743
57.6675
-44.3221
7.39618
30.2446
-40.7514
22.7633
5.46199
-26.8455
24.3679
-1.51048
-12.9427
10.5276
0.408496
-10.6795
4.15444
8.01258
-5.50814
-1.46438
4.81415
-10.0251
10.2889
0.963952
-11.3412
14.0418
-13.5165
8.66443
1.49367
-15.6403
23.065
-9.43661
-12.3499
14.9357
-2.32866
-0.934061
-2.62631
0.997508
2.39787
-9.08948
12.5678
0.231268
-15.3258
10.9364
7.6918
-18.4271
9.29266
12.0878
-20.6407
0.440525
25.8112
-24.3065
-4.39562
28.6145
-25.8589
1.31735
24.4448
-29.5295
15.2971
-1.0897
-10.916
17.6914
-8.34674
-1.43469
-0.00599211
-5.65294
17.8658
-14.3784
-0.863491
11.2613
-14.6616
6.11615
10.6758
-13.9659
1.27567
5.13264
1.40223
-3.0271
-5.23677
10.7803
-6.65662
-4.94628
11.8896
-6.16397
-2.39574
1.07454
9.10075
-11.9175
-4.95936
28.0485
-29.8814
4.49014
24.5601
-36.2609
29.0746
-7.50364
-18.3681
30.6127
-25.8484
17.9289
-1.89327
-26.4066
34.2931
-12.8714
-5.37726
12.8073
-17.0365
7.51456
6.90486
-1.7009
-5.73983
-7.55335
18.5466
-8.18814
-5.14258
4.33319
3.01647
-5.02592
-2.71657
13.234
-11.1521
-1.03823
11.9429
-19.6878
16.1603
-0.420222
-8.6597
7.25144
-8.61992
10.8424
-7.18507
-1.37771
17.0515
-29.1636
18.6247
5.70729
-21.3519
23.7866
-15.8453
-1.92694
15.578
-12.5863
6.52424
-4.39321
-3.13534
9.17754
-4.52953
-2.22581
4.0591
-2.94454
-0.868304
4.03982
-1.85029
-2.38193
4.88949
-5.21347
2.61659
1.89192
-4.20923
2.23035
0.802776
-1.62529
0.94909
-0.594434
0.489866
-0.224761
0.536161
-1.60703
2.34899
-2.15356
0.695046
1.91174
-3.67069
3.02998
-0.0540704
-4.21264
6.57748
-3.95677
-1.11143
3.85209
-4.15427
2.7986
1.87436
-7.02045
5.28908
1.22664
-4.57428
4.44953
-1.45195
-3.90258
5.32677
-1.48226
-0.769468
0.21754
-0.34402
0.551707
-0.595715
0.776536
0.642469
-3.76388
5.15254
-1.27407
-4.49389
5.02007
-0.0249176
-5.14595
6.53862
-3.24503
-3.20363
7.69968
-3.79425
-5.27375
8.63425
-4.53293
-0.429493
3.89326
-5.63793
2.47758
2.87272
-4.33911
3.80373
-4.1977
2.66289
1.93721
-4.88812
4.53522
-1.93716
-3.60106
7.44621
-5.63868
1.65879
1.96588
-4.27443
3.49137
-1.48977
-0.383063
3.99656
-5.53341
1.68515
1.97675
-2.47804
1.13953
1.86458
-2.18254
-2.54686
5.726
-2.8136
-3.34257
8.52788
-9.02144
2.38614
6.11219
-8.68758
5.61647
-0.61911
-3.99331
7.00494
-7.38556
4.46848
0.324819
-3.9094
4.45685
-3.88721
2.65993
0.57709
-4.05157
5.93348
-5.60775
2.47427
2.45713
-5.71198
3.85945
1.5129
-4.41814
2.7059
0.130378
-1.20466
-0.23929
2.74867
-2.7942
0.274989
1.61907
-1.77093
0.334324
1.03489
-0.82975
0.70366
-0.79656
0.971158
-2.52826
2.87818
0.383417
-2.99347
2.07167
-1.16113
0.635808
2.04691
-4.96524
5.10602
-2.20932
-1.81773
4.06911
-3.97593
3.41136
-1.63256
-2.503
6.13795
-7.29463
5.46387
1.54066
-9.98697
10.8358
-3.1661
-6.7122
12.5635
-9.79798
0.201014
7.64698
-8.31698
4.08191
1.37847
-5.82122
6.96836
-3.76758
-0.467779
2.08501
-2.84845
3.07426
-0.325661
-3.00662
3.45648
-1.60767
-0.69966
0.892082
2.41639
-4.54947
1.3062
3.67274
-5.74634
3.34473
3.32613
-8.60652
6.40594
0.450883
-5.15566
4.93123
-0.656831
-3.82728
3.19217
0.77213
-1.56237
-0.479235
1.98983
-2.24738
1.06024
0.352883
-0.276606
0.503757
-1.9472
1.23601
1.50786
-2.80374
2.84917
-2.83144
0.801512
2.89654
-3.88366
2.35141
-1.01129
-2.24481
6.55762
-5.79509
0.396145
4.28339
-5.97078
3.2478
2.86858
-6.43641
4.25152
0.223041
-3.09701
2.24563
1.10413
-2.27875
0.775936
0.155821
0.384314
-1.03142
1.07304
0.122316
-1.72633
0.390562
2.4652
-2.9158
1.82062
-0.463156
-1.77293
3.11273
-1.49698
-1.28642
3.5088
-4.17352
2.17283
0.465932
-1.62505
1.91967
-1.70952
0.512906
1.48258
-3.02982
3.35146
-3.07137
1.61812
1.71262
-4.50912
3.85482
-0.340156
-2.95611
3.95486
-2.75824
1.28702
-0.320943
-0.363665
0.413367
-1.06298
2.44417
-2.4533
0.306154
2.52542
-4.27129
4.31939
-2.2429
-1.01276
3.58002
-4.79856
3.69569
0.258842
-4.3691
5.71802
-4.58832
1.94122
1.3792
-3.42134
3.35006
-2.08932
0.0732608
2.22825
-3.84847
3.93494
-2.34315
0.348501
1.43402
-2.33718
1.54519
-0.359176
-0.372563
1.34841
-2.47072
2.67528
-2.01761
0.941744
0.65339
-2.25085
2.92008
-1.48337
-1.35468
3.28001
-3.82622
2.89894
0.0154164
-2.85727
2.78436
-0.523726
-1.44452
2.35113
-1.84598
-0.0503977
0.721148
0.928823
-1.89945
0.953091
0.149255
-0.965209
1.46181
-0.187236
-1.99219
2.70587
-1.88022
0.298424
1.28868
-2.26055
1.83154
0.210152
-2.0949
2.67615
-2.34615
0.822114
1.82188
-3.27239
1.73299
1.32106
-3.1175
2.63976
-0.961934
-0.438876
0.798233
-0.346835
0.234228
-0.452361
-0.479455
1.9867
-2.49608
1.78987
-0.295089
-1.08586
1.57973
-0.418245
-1.64502
2.44334
-1.65064
0.483616
0.446337
-1.00024
0.212455
1.27711
-1.42305
0.542663
0.0987197
-0.238228
-0.182462
1.26999
-1.49302
-0.385598
1.63275
-0.384296
-1.18363
1.88624
-1.91948
0.820876
0.80926
-1.56421
0.85614
0.817091
-2.00399
1.69363
-0.933149
0.482475
0.195975
-0.463979
0.126088
0.0492265
-0.11859
0.526742
-0.954816
0.763476
-0.772177
0.946845
0.15007
-1.52768
1.03649
0.615912
-1.69887
2.10158
-1.32185
-0.504237
1.40088
-0.852541
-0.061276
0.925221
-1.40285
1.27665
-1.15985
0.96183
-0.0178632
-0.955725
0.619472
0.174428
-0.525464
1.27066
-1.76337
1.36937
-0.921829
0.440338
0.540972
-1.19384
0.768805
0.116011
-1.35687
2.44689
-2.15595
0.55184
0.804438
-0.714221
0.00408585
0.387488
-0.307954
-0.113471
-0.133616
1.30449
-1.75011
1.1477
-0.699855
0.0351018
0.817318
-0.702258
0.0711654
0.306741
-0.755621
0.924341
-1.03162
1.79999
-1.60213
-0.374303
1.88512
-1.44532
0.391193
0.496884
-1.48583
1.42218
-0.687992
0.656995
-0.614925
0.0774574
0.219323
-0.288392
0.310742
0.315382
-0.945927
0.785271
-0.453456
0.454113
-1.02709
1.60425
-1.02933
-0.41885
1.61478
-1.7766
0.518373
1.51014
-3.07777
3.03952
-1.43559
-0.23024
1.30623
-2.01099
1.7432
-0.0592614
-1.79066
2.87057
-2.88242
1.40544
0.280518
-1.00461
0.984861
-0.601863
0.103865
0.444443
-0.993401
1.7066
-2.09937
1.55836
-0.34567
-1.04143
1.60203
-0.613237
-0.800853
1.2967
-1.19536
0.773281
-0.132665
0.326584
-1.14885
1.18677
-0.350235
-0.938141
1.82936
-1.11499
-0.456484
1.7643
-2.5162
2.0538
-0.561065
-0.893854
1.76192
-1.53635
0.07145
1.30535
-1.69292
1.44161
-1.06614
0.916673
-0.415732
-0.687259
1.28082
-0.841389
-0.0379702
0.898607
-1.48347
1.70963
-1.62048
0.932544
0.45023
-1.57468
1.24807
0.00786349
-1.18476
1.98471
-1.82079
0.751001
0.0977084
-0.191187
0.0576935
0.0821556
-0.186298
0.50146
-1.15836
1.10688
-0.541764
0.236718
0.0550543
0.214899
-1.1308
1.18012
-0.0665294
-0.874568
0.975299
-0.0952928
-1.44371
2.57853
-2.31187
0.486931
1.45493
-1.90785
0.940624
0.616116
-1.86776
1.7157
-0.520568
-0.0965109
-0.314246
0.717071
-0.44229
0.0551382
0.33378
-0.675462
0.281282
0.653157
-1.31027
1.51139
-1.3995
0.798051
0.169176
-1.16599
1.55915
-0.914907
-0.346714
1.85475
-2.52865
1.62614
-0.365405
-0.439295
0.997343
-0.826626
-0.0301073
0.66084
-0.961583
0.910881
-0.774772
1.13694
-1.39438
0.922505
-0.017725
-1.12661
1.66116
-0.493476
-1.30817
2.28374
-2.36075
1.59975
-0.187006
-0.72033
0.540602
-0.450122
0.533738
0.0849734
-0.941774
1.48113
-1.82965
1.46971
-0.216115
-0.60173
0.768974
-0.747357
0.26801
0.391672
-1.00289
1.5806
-1.76609
1.12017
0.110365
-1.07647
1.22701
-0.647515
-0.483834
1.64569
-1.80927
1.20438
-0.455065
-0.340515
0.416479
0.151053
-0.201338
0.0334282
-0.236714
0.245567
-0.456961
1.14225
-1.31325
0.857706
-0.299873
-0.523886
1.43664
-1.11139
-0.56635
1.99651
-2.3961
1.79812
-0.125749
-1.44675
1.39404
-0.31811
-0.885164
1.80973
-1.63498
0.662173
0.0374227
-0.281384
0.140082
0.313754
-0.551782
0.544187
-0.563856
0.623847
-0.598516
0.446105
-0.37417
0.153151
0.0352786
0.334026
-0.649917
0.432226
-0.437358
0.683831
-0.523545
0.489109
-0.536305
0.100145
0.214984
0.0447599
-0.622383
1.11516
-1.12907
0.4419
0.457731
-0.545223
-0.253635
0.947035
-1.17294
1.06001
-0.413711
-0.359444
0.632206
-0.374911
-0.383546
1.23984
-1.34253
0.749106
0.0340465
-0.656328
0.476095
0.258713
-0.830826
1.01196
-0.749735
0.272804
0.220191
-0.345876
-0.244527
1.03721
-1.29393
0.923372
-0.185699
-0.355854
0.219878
0.171331
-0.516305
0.885433
-0.942477
0.752699
-0.530868
0.033852
0.283591
-0.055568
-0.28668
0.611436
-0.796961
0.85293
-0.761674
0.371453
-0.0496886
0.00342755
-0.0359047
0.248253
-0.745749
0.904671
-0.592467
0.35802
-0.32946
0.421809
-0.463852
0.508328
-0.456738
0.22324
-0.175036
0.187521
-0.0384156
0.229711
-0.880676
1.20459
-0.839085
0.0993257
0.448636
-0.461109
0.0711066
0.554722
-0.956616
0.807913
-0.49276
0.220083
0.0831821
-0.000889824
-0.379937
0.545529
-0.586588
0.410134
-0.13024
0.0449938
-0.150376
0.581949
-0.982305
0.764107
-0.362747
0.228847
0.078249
-0.229931
-0.298521
0.939768
-1.14028
0.914854
-0.508238
0.0234104
0.204212
0.14574
-0.580813
0.559384
-0.357309
0.256636
-0.214341
0.449654
-0.91679
1.13728
-0.673051
-0.232559
0.790859
-0.614316
-0.249162
1.3762
-1.8236
1.12511
-0.279811
-0.0628948
0.165635
-0.073989
-0.0734313
0.317708
-0.568633
0.655717
-0.769187
0.790208
-0.514622
0.212697
0.0533024
-0.418292
0.313086
0.304983
-0.751142
0.916356
-0.905329
0.704745
-0.36205
0.00281596
0.167743
-0.0471485
-0.132118
0.381119
-0.730606
0.860137
-0.726816
0.452692
-0.200036
0.0551844
-0.217225
0.563358
-0.397739
-0.0830367
0.0533497
0.390078
-0.812925
1.26508
-1.21336
0.390715
0.358563
-0.65083
0.432847
0.26595
-0.98173
1.36472
-1.27377
0.774658
-0.197187
-0.318171
0.497955
-0.0790141
-0.420485
0.753792
-1.03865
0.962543
-0.616562
0.415467
-0.120373
-0.130574
-0.167449
0.453215
-0.438897
0.454863
-0.447538
0.405019
-0.52478
0.719234
-0.623628
0.378407
-0.0316718
-0.411701
0.413824
0.0431124
-0.454288
0.835123
-1.34277
1.25047
-0.428672
-0.325428
0.788241
-0.612441
-0.229679
0.859566
-1.05092
1.15704
-1.00262
0.374421
0.311902
-0.454224
0.14851
0.250628
-0.801183
1.11938
-0.77202
0.315477
-0.201494
0.147073
-0.323205
0.664001
-0.55727
0.382099
-0.283872
-0.0520716
0.058031
0.531251
-1.06144
1.14828
-0.897807
0.251664
0.467478
-0.559338
0.0399564
0.575773
-1.0875
1.27217
-0.902132
0.418319
-0.0833282
-0.261264
0.329038
0.0167824
-0.459484
0.946292
-1.12517
0.72339
-0.399788
0.245594
0.0164139
-0.177597
0.184907
0.0835145
-0.678147
1.10105
-1.00052
0.554297
0.0220694
-0.270352
0.0697041
0.130081
-0.32493
0.50931
-0.57636
0.714515
-0.824373
0.545536
-0.0635319
-0.220184
0.168055
0.138445
-0.419384
0.706323
-0.913961
0.892602
-0.707058
0.25769
0.262934
-0.381758
-0.112339
0.783736
-1.03046
0.866054
-0.649039
0.323776
0.0128525
0.0719728
-0.1818
0.200015
-0.567024
0.91394
-0.825546
0.467164
-0.0771157
-0.0494514
-0.158415
0.381424
-0.612641
0.663791
-0.418342
0.423669
-0.547643
0.356344
-0.171707
0.160022
-0.11851
0.203501
-0.480664
0.785674
-0.83459
0.492687
-0.191211
0.0295891
0.0593392
0.0539445
-0.346318
0.68225
-0.888836
0.806409
-0.396389
0.0393727
0.0703463
0.00603167
-0.180803
0.405682
-0.679975
0.709225
-0.654455
0.61653
-0.290326
-0.0538656
0.138481
-0.128454
-0.0843043
0.572786
-0.893775
0.948149
-0.786319
0.441288
-0.191884
-0.0116252
0.163954
-0.0387702
-0.218101
0.512613
-0.954334
1.1191
-0.844226
0.508349
-0.155085
-0.189276
0.323065
-0.0476922
-0.384039
0.637146
-0.906317
1.13973
-0.953859
0.468491
-0.0251497
-0.310018
0.284171
0.0877975
-0.501504
0.871653
-0.959285
0.82295
-0.683426
0.374412
-0.0271584
-0.045618
0.0137937
0.0976659
-0.332265
0.474563
-0.601525
0.773503
-0.866543
0.637059
-0.100115
-0.198724
0.196999
-0.202399
-0.142214
0.80782
-1.00532
0.880881
-0.702357
0.281252
0.0335306
-0.134602
0.189565
-0.0249613
-0.404704
0.752642
-0.8267
0.708025
-0.451096
0.115413
0.105723
0.0381881
-0.341191
0.527506
-0.595045
0.521976
-0.478031
0.512511
-0.430317
0.403323
-0.455534
0.276883
-0.213089
0.389128
-0.357392
0.26122
-0.39833
0.664802
-0.823192
0.748937
-0.380965
-0.122571
0.286878
0.160414
-0.737985
0.864137
-0.769555
0.556868
-0.250952
0.229916
-0.289481
0.245882
-0.318156
0.348042
-0.284323
0.344986
-0.447622
0.549294
-0.604167
0.521185
-0.337091
0.0426219
0.131711
0.0413236
-0.330994
0.529288
-0.733624
0.794067
-0.642261
0.35449
0.108938
-0.273785
0.0371878
0.23743
-0.597606
0.903277
-0.820001
0.478335
-0.232252
0.0730235
0.0219454
0.074614
-0.275859
0.351898
-0.479796
0.811477
-0.827339
0.529722
-0.35507
0.169218
0.0406584
0.00487662
-0.207533
0.541263
-0.976735
1.01783
-0.667812
0.23807
0.0740303
-0.050886
-0.172587
0.39443
-0.529461
0.544597
-0.587796
0.710114
-0.586644
0.347004
-0.239671
0.0366487
0.0215593
0.195877
-0.442963
0.658841
-0.738512
0.687011
-0.594665
0.323194
0.0149585
-0.0249234
-0.149813
0.313803
-0.5119
0.640508
-0.575235
0.361955
-0.255354
0.258252
-0.278082
0.424288
-0.520204
0.308781
-0.177787
0.237729
-0.169953
0.25897
-0.531178
0.694303
-0.617969
0.294307
-0.0348395
0.0208192
-0.135517
0.351168
-0.560094
0.413568
-0.340869
0.615593
-0.650372
0.501705
-0.311887
0.0527526
0.00328317
0.209122
-0.503631
0.713029
-0.703749
0.525188
-0.392862
0.266815
-0.196086
0.248338
-0.318513
0.440122
-0.562192
0.566743
-0.470858
0.380832
-0.374723
0.405924
-0.360164
0.34791
-0.336791
0.259257
-0.351422
0.433005
-0.415251
0.480259
-0.490098
0.435053
-0.393422
0.261161
-0.185651
0.276217
-0.290542
0.37125
-0.490759
0.405825
-0.391449
0.400206
-0.309156
0.338495
-0.309521
0.146321
-0.175564
0.313354
-0.456734
0.591628
-0.508392
0.35078
-0.225845
0.102762
-0.149929
0.343579
-0.477204
0.510665
-0.446019
0.350527
-0.353748
0.375667
-0.418459
0.418807
-0.364956
0.379609
-0.311292
0.281527
-0.406288
0.451254
-0.500621
0.60901
-0.506556
0.334938
-0.239112
0.0907393
-0.099161
0.288773
-0.591619
0.95078
-0.876444
0.405207
-0.129342
-0.00307424
0.0291515
0.277783
-0.542386
0.672788
-0.753819
0.580993
-0.32789
0.129755
-0.00235635
0.0911065
-0.341675
0.517999
-0.631104
0.69632
-0.551602
0.220216
0.0895968
-0.10892
-0.144855
0.553984
-0.901446
0.766607
-0.351413
0.125279
-0.0240582
0.0870064
-0.364897
0.502614
-0.538027
0.508818
-0.296693
0.162039
-0.166126
0.259118
-0.454086
0.605821
-0.624029
0.524925
-0.228051
0.0133464
-0.0885179
0.164694
-0.475182
0.8707
-0.817988
0.567819
-0.28469
0.0168906
-0.0574862
0.282381
-0.391671
0.496124
-0.53613
0.472051
-0.510398
0.557278
-0.478677
0.276047
-0.101748
0.0801267
-0.259566
0.582571
-0.706022
0.533624
-0.470462
0.510328
-0.300424
0.223498
-0.3324
0.244293
-0.209835
0.316189
-0.430004
0.547749
-0.598654
0.519455
-0.298495
0.0635443
-0.141671
0.385036
-0.387172
0.376152
-0.401215
0.346245
-0.422976
0.509899
-0.421846
0.303425
-0.180516
0.15087
-0.286846
0.282647
-0.292278
0.459306
-0.490489
0.465407
-0.449096
0.28727
-0.0923933
0.152039
-0.387984
0.517733
-0.513057
0.569848
-0.574441
0.353716
-0.260306
0.210851
-0.0704672
0.209804
-0.533461
0.686049
-0.620941
0.458579
-0.306514
0.235115
-0.236124
0.384342
-0.512308
0.422933
-0.370093
0.333304
-0.293407
0.450402
-0.640943
0.665539
-0.48904
0.1643
-0.0838839
0.298115
-0.380795
0.437468
-0.51308
0.461932
-0.427045
0.386507
-0.291193
0.234306
-0.222708
0.224506
-0.297272
0.3724
-0.470426
0.541442
-0.414487
0.281649
-0.163829
0.147823
-0.403122
0.550453
-0.398316
0.233646
-0.217138
0.355668
-0.533169
0.544509
-0.433734
0.255632
-0.146737
0.259836
-0.353197
0.358277
-0.393504
0.36005
-0.401176
0.647001
-0.653623
0.342574
-0.0183854
-0.126217
-0.142728
0.527828
-0.727717
0.800505
-0.653378
0.387992
-0.251027
0.15358
-0.0718288
0.201854
-0.418504
0.611435
-0.72918
0.722873
-0.653357
0.37854
-0.0572381
0.00135868
-0.0545575
0.186456
-0.560994
0.846325
-0.812503
0.611135
-0.296877
0.0153083
0.0940539
0.064534
-0.339911
0.471123
-0.567865
0.653686
-0.549055
0.353501
-0.220381
0.104356
-0.165009
0.317683
-0.364431
0.435729
-0.422137
0.393136
-0.479518
0.395085
-0.196046
0.220607
-0.348163
0.443735
-0.49895
0.387333
-0.29582
0.303246
-0.290499
0.289619
-0.277015
0.341072
-0.538047
0.58087
-0.44545
0.357147
-0.216937
0.155509
-0.249031
0.325756
-0.443629
0.549112
-0.58135
0.551717
-0.486743
0.3304
-0.124459
0.107772
-0.293532
0.464836
-0.506566
0.563508
-0.514109
0.386878
-0.401372
0.327976
-0.248088
0.32577
-0.314446
0.300123
-0.448444
0.447713
-0.363929
0.432975
-0.479924
0.469149
-0.349684
0.19793
-0.207224
0.285924
-0.34411
0.445908
-0.535251
0.516449
-0.415422
0.263908
-0.274192
0.334866
-0.271565
0.327279
-0.416741
0.42161
-0.451359
0.428317
-0.291902
0.246899
-0.308008
0.313134
-0.293077
0.344294
-0.430873
0.345254
-0.279478
0.383307
-0.385588
0.361682
-0.375448
0.282202
-0.288269
0.437004
-0.437054
0.430832
-0.40626
0.253198
-0.295555
0.452499
-0.508166
0.485137
-0.341717
0.231413
-0.335856
0.429412
-0.444044
0.479577
-0.429388
0.364398
-0.259109
0.19207
-0.333645
0.477904
-0.551508
0.590257
-0.450273
0.221864
-0.184202
0.191611
-0.204249
0.40819
-0.627874
0.673258
-0.552087
0.400909
-0.217693
0.0291885
-0.0951286
0.361234
-0.527143
0.603039
-0.583241
0.379328
-0.264723
0.290841
-0.304328
0.246863
-0.119129
0.182392
-0.427566
0.573013
-0.602613
0.513998
-0.249657
0.15003
-0.271851
0.280445
-0.288041
0.321652
-0.343847
0.449051
-0.51112
0.535921
-0.54357
0.365818
-0.219638
0.278898
-0.256491
0.233243
-0.325994
0.3899
-0.464461
0.61735
-0.719308
0.544783
-0.198622
0.00106145
-0.0111264
0.0916822
-0.39228
0.790628
-0.829386
0.6687
-0.450336
0.141915
0.0330545
0.0716803
-0.336317
0.484086
-0.512316
0.599007
-0.585354
0.380062
-0.316147
0.309667
-0.203038
0.204698
-0.249937
0.337033
-0.494363
0.527106
-0.487972
0.499126
-0.393671
0.281103
-0.23022
0.0719458
-0.140598
0.437743
-0.581648
0.598217
-0.559269
0.401284
-0.203895
0.156646
-0.214232
0.249684
-0.309863
0.527927
-0.660442
0.541973
-0.467392
0.353544
-0.142961
0.0987286
-0.207962
0.336538
-0.467172
0.581832
-0.623084
0.473705
-0.259932
0.260075
-0.260982
0.172025
-0.188904
0.263237
-0.411235
0.632777
-0.661821
0.480341
-0.325815
0.172858
-0.180499
0.307019
-0.306672
0.409957
-0.535882
0.510633
-0.4859
0.462541
-0.344674
0.263735
-0.295518
0.298533
-0.309613
0.384925
-0.465714
0.424973
-0.37319
0.431895
-0.408053
0.349613
-0.350685
0.281036
-0.187613
0.253771
-0.403025
0.553498
-0.594279
0.437176
-0.27005
0.140586
-0.176959
0.356052
-0.415524
0.415016
-0.461059
0.462357
-0.397346
0.352558
-0.301629
0.324519
-0.348668
0.323355
-0.412228
0.42983
-0.382927
0.416901
-0.3586
0.304541
-0.430976
0.417993
-0.248327
0.243754
-0.318805
0.403303
-0.476448
0.462814
-0.369432
0.303654
-0.335159
0.374453
-0.392979
0.421175
-0.444776
0.390694
-0.343063
0.304589
-0.300279
0.415892
-0.423009
0.402403
-0.475255
0.453163
-0.389221
0.365722
-0.246974
0.151297
-0.231564
0.352118
-0.52855
0.586569
-0.415174
0.267697
-0.213615
0.262776
-0.365782
0.388515
-0.360411
0.359493
-0.353661
0.433011
-0.52928
0.452128
-0.345013
0.27555
-0.222123
0.243975
-0.356884
0.48777
-0.569531
0.564399
-0.459904
0.283637
-0.122862
0.175762
-0.30773
0.415155
-0.526774
0.471207
-0.384902
0.40054
-0.396604
0.328437
-0.273723
0.280165
-0.338275
0.376157
-0.357134
0.397166
-0.457487
0.494066
-0.457249
0.260325
-0.165918
0.309233
-0.431361
0.531667
-0.585585
0.425082
-0.297537
0.219477
-0.132948
0.257941
-0.448726
0.518973
-0.573245
0.54514
-0.289635
0.0942138
-0.116205
0.246624
-0.406208
0.484821
-0.500101
0.393888
-0.291848
0.333524
-0.385365
0.402541
-0.391564
0.358532
-0.346704
0.378096
-0.386486
0.432546
-0.491556
0.462157
-0.376008
0.240479
-0.212953
0.310827
-0.398793
0.472533
-0.48847
0.415697
-0.370012
0.29552
-0.186198
0.277208
-0.376527
0.393879
-0.460424
0.44082
-0.37577
0.371732
-0.346382
0.294071
-0.3274
0.389562
-0.430632
0.392341
-0.306351
0.32787
-0.360937
0.440398
-0.521702
0.396649
-0.249537
0.285503
-0.340913
0.376519
-0.437455
0.391579
-0.367275
0.421656
-0.433918
0.373825
-0.308256
0.317592
-0.289507
0.280755
-0.390099
0.451233
-0.422186
0.479644
-0.442276
0.25031
-0.257681
0.334774
-0.387695
0.487322
-0.472359
0.38369
-0.335431
0.297333
-0.313459
0.36596
-0.328259
0.356462
-0.430394
0.399306
-0.35015
0.282722
-0.251895
0.313267
-0.372215
0.394386
-0.426206
0.39458
-0.373107
0.387081
-0.303137
0.273744
-0.312865
0.365469
-0.420583
0.444725
-0.443
0.368754
-0.349728
0.403179
-0.371381
0.328755
-0.418056
0.408395
-0.280719
0.338146
-0.454665
0.519619
-0.532856
0.40134
-0.26594
0.258947
-0.274705
0.329971
-0.408574
0.425687
-0.483321
0.460772
-0.336318
0.268757
-0.257581
0.310698
-0.353714
0.350371
-0.394171
0.425365
-0.362964
0.41146
-0.476485
0.396152
-0.347134
0.269321
-0.216599
0.328982
-0.440537
0.432361
-0.410419
0.376386
-0.302629
0.292669
-0.309001
0.321249
-0.311508
0.338513
-0.384575
0.375421
-0.412879
0.386233
-0.32062
0.409678
-0.454713
0.342326
-0.34028
0.354268
-0.295777
0.388359
-0.449073
0.445144
-0.500991
0.462453
-0.343371
0.273285
-0.245421
0.298257
-0.436507
0.499307
-0.498552
0.42512
-0.310595
0.261179
-0.264576
0.400646
-0.476758
0.342512
-0.322535
0.445521
-0.408729
0.342632
-0.348933
0.285465
-0.287714
0.372989
-0.409773
0.368296
-0.299048
0.286946
-0.361808
0.47707
-0.535118
0.454479
-0.28867
0.248726
-0.287295
0.365833
-0.430642
0.340544
-0.349852
0.450579
-0.431366
0.402038
-0.362744
0.203889
-0.171183
0.366779
-0.487223
0.479638
-0.37702
0.288992
-0.326277
0.371364
-0.393901
0.404645
-0.405386
0.458893
-0.471619
0.368925
-0.368791
0.376826
-0.308631
0.323887
-0.305886
0.288043
-0.349827
0.41313
-0.437065
0.450838
-0.400513
0.279519
-0.226648
0.249962
-0.355676
0.420859
-0.425443
0.430602
-0.413143
0.447466
-0.396459
0.289902
-0.325019
0.373596
-0.380586
0.441116
-0.357084