
0
2.92818
-1.58395
-2.4428
-2.34103
-2.13718
-1.91322
-1.49792
-1.03249
-0.700086
-0.481951
-0.333879
-0.231086
-0.158534
-0.109267
-0.084674
-0.072246
-0.062942
-0.059597
-0.060856
-0.059984
-0.059179
-0.061515
-0.061358
-0.064003
-0.064221
-0.068543
-0.068285
-0.069133
-0.066709
-0.066481
-0.065571
-0.06532
-0.064281
-0.062341
-0.061411
-0.055852
-0.052746
-0.050907
-0.050097
-0.051181
-0.046267
-0.043094
-0.041368
-0.039242
-0.035981
-0.031678
-0.029298
-0.026334
-0.023396
-0.019825
-0.014946
-0.012709
-0.007708
-0.006134
-0.004189
-0.000605
0.002546
0.007074
0.007739
0.009727
0.01219
0.01652
0.016726
0.019499
0.019137
0.019322
0.021074
0.021351
0.02519
0.024435
0.023862
0.023103
0.024357
0.02337
0.024568
0.024705
0.02363
0.023452
0.023406
0.021528
0.019976
0.017425
0.016203
0.014969
0.013764
0.012373
0.011109
0.009837
0.008729
0.007585
0.006496
0.005204
0.004148
0.002906
0.001597
0.00016
-0.000882
-0.003669
-0.003895
-0.004131
-0.004554
-0.006049
-0.005878
-0.005889
-0.007489
-0.007403
-0.008915
-0.009719
-0.008891
-0.008551
-0.008334
-0.008615
-0.008405
-0.008159
-0.009401
-0.008725
-0.008203
-0.007811
-0.007474
-0.007312
-0.0062
-0.006064
-0.005954
-0.005839
-0.005624
-0.005379
-0.005106
-0.004776
-0.0044
-0.003829
-0.001483
-0.001718
-0.001569
-0.001344
-0.000985
-4e-06
1.4e-05
0.000166
0.000341
0.000642
0.001047
0.001394
0.001848
0.002242
0.002534
0.002903
0.003846
0.003449
0.003214
0.003042
0.003177
0.00296
0.003251
0.003019
0.003104
0.002933
0.004291
0.003497
0.002863
0.002634
0.003188
0.002111
0.002286
0.002015
0.001946
0.002015
0.001921
0.001772
0.001518
0.001389
0.001235
0.001262
0.000975
0.000773
0.00065
0.000623
0.000419
0.000119
-7.2e-05
-0.000285
-0.000438
-0.000408
-0.000545
-0.000611
-0.000715
-0.002017
-0.001472
-0.002228
-0.001477
-0.001023
-0.000914
-0.000852
-0.00018
-0.000879
-0.00037
-0.000535
-0.000662
-0.00075
-0.000839
-0.000893
-0.000935
-0.000971
-0.001198
-0.001283
-0.001392
-0.001449
-0.000951
-0.000671
-0.000441
-0.000523
-0.000545
-0.000527
-0.000273
-4e-05
0.000149
0.000252
0.000463
0.000556
0.000599
0.000465
0.000301
0.000222
0.000181
0.000202
0.000211
0.000238
0.000197
0.000147
0.000122
0.000126
0.000155
0.000202
0.000161
1e-06
0.000402
0.000527
0.00188
0.000188
-1.9e-05
-6e-06
6.9e-05
0.000154
0.000193
0.000221
0.000236
0.000237
0.000211
0.000287
0.000292
0.000271
0.000188
6.6e-05
-3.6e-05
-0.000104
-0.000216
-0.000306
-0.000356
-0.000388
-0.000409
-0.000403
-0.000375
-0.000295
-0.000253
-0.000692
-0.00056
-0.000325
0.002157
0.001671
0.001041
0.000578
0.000305
0.000218
-4e-06
-0.000429
-0.001361
-0.00147
-0.000665
4.2e-05
0.00237
0.00151
0.000925
0.000352
-0.000856
-0.002649
-0.001933
-0.000983
4.8e-05
0.000125
0.000116
0.000119
0.000107
9.5e-05
0.000124
0.000124
8.6e-05
7.2e-05
8.1e-05
-6.7e-05
0.000418
-0.00196
0.001443
0.000868
0.000455
0.000213
-6.1e-05
-0.00045
-0.000725
-0.000814
-0.000468
-3e-05
0.000182
0.00014
7.4e-05
-1.9e-05
-7e-05
-0.003943
-0.004718
-0.007103
-0.007447
-0.006987
-0.003394
-0.003135
0.000284
0.00133
0.003558
0.003218
0.004455
0.005226
0.003771
0.003406
0.004154
0.002716
0.003339
0.003558
0.003555
0.003212
0.002818
0.002411
0.000459
0.000832
0.000962
-0.000187
-0.001261
-0.000612
-0.00028
-0.000257
-0.000241
-0.000311
-0.000438
-0.000641
-0.00061
-0.000642
-0.000726
-0.000768
-0.000864
-0.000964
-0.00117
-0.001365
-0.001496
-0.001551
-0.001541
-0.00161
-0.001534
-0.003073
-0.002304
-0.001389
-0.002027
-0.001686
-0.00139
-0.001157
-0.000844
-0.00063
0.000876
0.000405
6.8e-05
-0.00017
-0.000289
-0.000278
-0.000113
1.7e-05
0.000143
0.000191
0.000219
0.000254
0.00035
0.000468
0.000556
0.000631
0.000768
0.000862
0.000939
0.0009
0.000763
0.000644
0.000571
0.000562
0.000586
0.000579
0.00051
0.000412
0.000465
-0.000333
0.000277
0.000408
0.000444
0.000473
0.000449
0.000359
0.000247
0.000198
0.000109
-0.000161
-0.00028
-0.000357
-0.000327
-0.000258
-0.000243
-0.000181
-3.8e-05
9e-06
2.6e-05
0.000103
-0.000303
-0.000192
-0.000215
-0.000337
-0.000407
-0.000453
-0.000762
0.002245
0.001449
0.000887
0.000465
0.000159
3.2e-05
-6e-05
-9.6e-05
-0.000113
-5.2e-05
0.000161
2.1e-05
-0.0001
-0.000512
-0.001456
-0.001049
-0.000361
-0.000222
0.000108
0.000103
4.2e-05
-8e-06
-1.3e-05
-4.5e-05
-5.3e-05
-2.5e-05
0.000156
0.000261
0.000287
0.000117
-4.8e-05
-0.000102
-0.000177
-0.000316
-0.000349
-0.000329
-0.000133
1.4e-05
8.4e-05
9.3e-05
-2.2e-05
-4.2e-05
-6.9e-05
-6.6e-05
-9.2e-05
-9.4e-05
-9e-05
-0.000502
-0.000257
-0.000178
-0.000911
-0.000647
-0.000582
-0.000194
-4.4e-05
-0.00017
0.000323
0.000366
0.000459
0.000425
0.000435
0.000473
0.000161
0.002343
0.001681
0.000972
2.7e-05
-0.000782
-0.002295
-0.001193
0.001296
-0.001268
0.002075
0.001153
0.00055
0.000193
-3.6e-05
-0.000255
-0.000522
-0.00067
-0.000353
0.000236
7.3e-05
-7.2e-05
-0.000224
-0.000279
-0.00031
-0.000255
-0.000479
-0.002531
-0.000771
-0.000644
-0.00055
-0.000725
-0.000719
-0.000715
-0.000663
-0.000625
-0.000549
-0.000417
-0.000224
5.6e-05
0.000249
0.000376
0.00017
7.1e-05
-4e-06
5e-05
0.000169
0.000294
0.000362
0.000451
0.000511
0.000602
0.000654
0.000602
0.001508
0.002534
0.001987
0.001356
0.000703
3.1e-05
-0.00048
-0.000679
-0.000325
0.000274
0.000837
0.001359
0.001693
0.001908
0.002137
0.002425
-0.002189
-0.002028
-0.000741
-0.000178
-0.000598
-0.000495
0.000486
0.000246
-0.005677
-0.009518
-0.01216
-0.012199
-0.012292
-0.011999
-0.008483
-0.006881
-0.00495
-0.000398
0.001504
0.001294
0.002632
0.005171
0.006454
0.007758
0.00917
0.009733
0.009608
0.013051
0.012252
0.00967
0.011282
0.010426
0.009723
0.010088
0.009565
0.008349
0.00751
0.009015
0.010151
0.009795
0.007786
0.006946
0.004654
0.001905
0.001731
-0.000105
-0.001692
-0.001694
-0.001993
-0.00379
-0.003767
-0.004505
-0.00415
-0.006489
-0.005994
-0.007127
-0.007456
-0.00801
-0.008585
-0.007357
-0.00742
-0.007515
-0.006453
-0.005946
-0.004975
-0.00411
-0.00423
-0.004904
-0.004016
-0.004058
-0.002741
-0.002095
-0.000993
-0.001133
-0.000101
-0.000137
0.001498
-0.001232
0.000527
-0.000124
0.003131
0.00172
0.002959
0.003067
-0.00389
-0.00284
-0.000292
0.000905
-0.000248
0.001444
0.001707
0.001705
0.002693
0.002062
3.4e-05
0.004713
0.001581
0.000986
0.000101
-0.000498
0.000317
-0.000903
-0.001697
-0.000719
-0.001676
-0.000488
0.005595
0.009139
0.008669
0.009564
0.007604
0.007548
0.00624
0.007601
0.005224
0.005129
0.004695
0.002892
0.003955
0.003691
0.004278
0.002163
0.002427
0.003245
0.001677
0.001554
0.001787
0.001499
0.000929
0.002425
0.002248
0.001956
0.00125
0.001038
0.000246
0.001859
0.004582
0.006408
0.004951
0.004216
0.005744
0.005416
0.004695
0.004481
0.004522
0.006902
0.004166
0.003611
0.005213
0.00376
0.004744
0.003758
0.003328
0.003638
0.002007
0.002606
0.004492
0.003063
0.003499
0.003585
0.003108
0.001808
0.001113
0.002287
0.001721
0.001249
0.001859
0.003063
0.002273
0.003489
0.003316
0.004476
0.002322
0.003224
0.003335
0.002326
0.004944
0.012192
0.014408
0.0162
0.018235
0.016726
0.015403
0.014962
0.010647
0.008507
0.006216
0.004852
0.005224
0.003223
0.00096
0.000822
0.000213
0.001704
-0.001025
-0.008148
-0.009155
-0.01202
-0.009397
-0.009812
-0.008054
-0.007873
-0.005694
-0.006709
-0.005635
-0.004033
-0.003158
-0.002799
-0.001873
0.002394
0.004971
0.005953
0.008994
0.010112
0.008602
0.008791
0.008483
0.007703
0.006068
0.005497
0.003916
0.004321
0.004371
0.005656
0.005957
0.006456
0.00844
0.007456
0.007031
0.005471
0.00477
0.004267
0.005575
0.006503
0.004523
0.002847
-0.003902
-0.006425
-0.006382
-0.003792
-0.00385
-0.001031
0.002958
0.003814
0.003307
0.006132
0.007697
0.009834
0.017479
0.020999
0.021969
0.023477
0.024602
0.022238
0.024885
0.020552
0.020806
0.016035
0.017552
0.019686
0.023063
0.016344
0.00693
-0.000899
-0.004576
-0.006803
-0.007025
-0.009764
-0.009312
-0.007948
-0.00976
-0.013271
-0.012727
-0.010071
-0.010754
-0.007001
-0.006795
-0.006092
-0.005178
-0.005233
-0.014314
-0.021544
-0.024416
-0.025547
-0.023773
-0.020092
-0.014635
-0.009413
-0.006432
-0.005017
-0.00013
-0.001364
-0.004722
-0.002297
-0.002363
-0.00125
-0.002643
0.00071
0.001823
0.00036
-0.000977
-0.002745
-0.005396
-0.010118
-0.01093
-0.009314
-0.009325
-0.009253
-0.008382
-0.006891
-0.005479
-0.004794
-0.003372
-0.003152
-0.005494
-0.004475
-0.005562
-0.004911
-0.006699
-0.006369
-0.004434
0.003193
0.008834
0.013197
0.013558
0.012035
0.011544
0.008204
0.00878
0.000156
-0.005368
-0.007128
-0.007452
-0.006911
-0.004311
-0.004518
-0.003914
-0.022576
-0.03968
-0.052498
-0.053096
-0.050147
-0.043918
-0.036139
-0.029739
-0.024743
-0.001831
0.010319
0.017773
0.021417
0.022951
0.023461
0.023628
0.024016
0.032736
0.02714
0.022482
0.018937
0.013454
0.010329
0.007924
0.005196
-0.005098
-0.015336
-0.02365
-0.024648
-0.026713
-0.023739
-0.021156
-0.01885
-0.003904
0.014806
0.03071
0.039063
0.039815
0.03536
0.028778
0.02001
0.012123
0.003971
-0.003288
-0.007913
-0.010819
-0.017693
-0.032108
-0.043456
-0.043871
-0.042949
-0.035727
-0.030695
-0.02332
-0.035885
-0.041264
-0.041305
-0.037091
-0.030193
-0.02375
-0.017713
-0.004414
0.000991
-0.006969
-0.011137
-0.013606
-0.014667
-0.006432
0.01142
0.018069
0.022281
0.020638
0.018324
0.01667
0.011732
0.013289
0.016091
0.015449
0.015183
0.014404
0.010608
0.00796
0.005246
0.001973
-0.000139
-0.002774
-0.002241
0.013699
0.029322
0.038577
0.03988
0.041806
0.036024
0.038651
0.039586
0.036159
0.029486
0.024296
0.018767
0.007909
-0.012882
-0.030086
-0.041817
-0.042634
-0.042092
-0.042897
-0.068705
-0.079432
-0.075854
-0.064104
-0.049898
-0.038155
-0.025226
-0.001793
0.030224
0.045435
0.050695
0.050646
0.053999
0.050837
0.045628
0.037055
0.031976
0.022796
0.031555
0.051893
0.053607
0.051563
0.046661
0.037175
0.028394
0.019125
0.010522
0.004902
-0.001419
-0.00305
-0.009404
-0.038249
-0.033118
-0.028285
-0.025029
-0.017596
-0.000616
0.019759
0.02544
0.024976
0.022038
0.046741
0.071414
0.077273
0.069738
0.068576
0.063498
0.066525
0.067862
0.066124
0.059165
0.049689
0.042361
0.03143
0.03634
0.039564
0.04215
0.041382
0.042129
0.052333
0.051511
0.045411
0.035342
0.029797
0.010425
-0.025432
-0.061105
-0.078031
-0.078322
-0.071976
-0.072351
-0.072786
-0.0639
-0.052763
-0.038009
-0.025436
-0.029734
-0.026645
-0.021513
-0.020872
-0.017922
-0.016105
-0.006985
-0.004189
-0.002841
-0.005243
-0.008529
-0.000209
0.008237
0.009283
0.009806
0.009364
0.010466
-0.003066
-0.008665
-0.009963
-0.006992
-0.004542
0.001264
-0.003713
-0.005472
-0.004997
-0.00716
-0.006773
-0.006355
-0.010027
-0.011954
-0.014349
-0.015247
0.004971
0.016627
0.026188
0.02871
0.028217
0.027201
0.03113
0.02963
0.026927
0.025278
0.018999
0.041419
0.058724
0.06743
0.067969
0.067599
0.071574
0.072307
0.070374
0.063642
0.058265
0.054857
0.043411
0.037761
0.030401
0.025023
0.022935
0.029297
0.03078
0.030953
0.030414
0.027012
0.026685
0.023194
0.016721
0.007585
0.015495
0.022255
0.020267
0.019648
-0.061977
-0.101414
-0.110564
-0.113582
-0.105241
-0.112735
-0.126024
-0.118731
-0.107197
-0.084833
-0.085743
-0.088156
-0.081651
-0.073045
-0.064337
-0.081274
-0.089395
-0.088426
-0.086408
-0.112059
-0.13089
-0.133867
-0.129427
-0.117268
-0.102855
-0.08321
-0.070356
-0.058672
-0.048357
-0.029788
-0.020176
-0.017782
-0.019071
-0.020501
-0.024317
-0.027511
-0.026651
-0.027859
0.020614
0.069104
0.08926
0.0903
0.081036
0.063172
0.022634
-0.003969
-0.022203
-0.028452
-0.021274
-0.015454
-0.007093
0.001965
0.010039
0.059751
0.091884
0.108505
0.114366
0.136479
0.150419
0.155005
0.148358
0.134668
0.098222
0.070741
0.045901
0.027055
-0.002606
-0.02215
-0.032511
-0.03486
-0.039194
-0.040772
-0.036949
-0.034237
-0.027507
-0.039316
-0.049574
-0.051178
-0.045621
-0.040334
-0.043872
-0.053754
-0.054911
-0.053227
-0.054897
-0.060307
-0.05913
-0.05705
-0.057617
-0.050932
-0.043218
-0.035829
-0.031114
0.002417
0.038329
0.054283
0.054083
0.04605
0.048948
0.060071
0.065312
0.066998
0.072602
0.062832
0.046368
0.032582
0.019158
0.008625
-0.00077
-0.010817
0.001225
0.00944
0.013354
0.016264
0.018345
0.024715
0.029378
0.039483
0.067197
0.079625
0.083245
0.082096
0.076898
0.069429
0.055762
0.042998
0.046537
0.083785
0.093408
0.084812
0.070807
0.053392
0.032519
0.01674
0.003174
-0.003299
-0.005279
-0.001111
0.005856
0.014738
0.031131
0.040991
0.047079
0.040885
-0.011113
-0.039238
-0.055316
-0.065331
-0.065844
-0.060014
-0.054214
-0.053059
-0.132337
-0.155196
-0.153304
-0.143253
-0.104333
-0.057331
-0.01907
0.002709
0.012547
0.010892
0.004075
-0.003443
-0.0096
-0.012849
-0.017582
-0.02248
-0.061275
-0.084777
-0.095029
-0.099225
-0.106702
-0.120507
-0.124388
-0.109263
-0.081365
-0.055976
-0.036281
-0.017618
-5.1e-05
0.012751
0.025066
0.001245
-0.034682
-0.050016
-0.06286
-0.058119
-0.044863
-0.033887
-0.022442
0.044161
0.08387
0.100463
0.102661
0.093799
0.086262
0.08069
0.088222
0.097956
0.102329
0.101511
0.088158
0.059307
0.038823
0.023968
0.014836
0.00267
0.002394
0.035596
0.050738
0.060668
0.076615
0.083734
0.08649
0.08223
0.076933
0.075285
0.042018
0.016371
0.003168
-0.001284
0.022419
0.031239
0.035991
-0.017446
-0.053031
-0.069525
-0.087533
-0.142316
-0.164273
-0.104127
-0.010617
0.037239
0.060585
0.082519
0.08387
0.099039
0.176855
0.205127
0.205373
0.21019
0.197369
0.157702
0.081607
0.032404
-0.002093
0.009112
0.015783
0.016863
-0.025357
-0.049313
-0.060013
-0.073767
-0.079358
-0.081248
-0.096775
-0.103228
-0.09296
-0.05828
-0.032861
-0.001563
0.020497
0.036302
0.029838
0.016254
0.009372
0.009285
0.016069
0.025835
0.076601
0.104801
0.061976
0.002611
-0.033699
-0.08384
-0.106052
-0.060366
0.030462
0.079109
0.092647
0.085796
0.068146
0.086777
0.104297
0.123339
0.13915
0.141308
0.081574
0.038771
-0.003879
-0.042001
-0.060694
-0.040268
-0.028881
-0.01401
0.003997
0.006307
-0.07417
-0.104557
-0.111282
-0.102243
-0.113969
-0.13247
-0.14005
-0.191444
-0.234348
-0.255949
-0.245957
-0.18121
-0.118227
-0.018415
0.020091
0.04222
0.04337
0.097851
0.12929
0.13961
0.154343
0.073468
0.011123
-0.021778
-0.089333
-0.088264
0.023327
0.084286
0.096577
0.090109
0.065186
0.06002
0.09332
0.195212
0.197264
0.121814
0.073693
0.013783
-0.035753
-0.075924
-0.097239
-0.205044
-0.306706
-0.337229
-0.329396
-0.291058
-0.245239
-0.177246
-0.118517
-0.086014
-0.049356
0.004006
0.060699
0.084705
0.105474
0.096408
0.071176
0.05187
0.001492
-0.015687
0.066304
0.124643
0.185595
0.227915
0.15744
0.083901
0.090994
0.115527
0.133995
0.135102
0.181579
0.217763
0.074785
-0.012254
-0.125953
-0.192008
-0.152415
-0.109946
-0.107197
-0.128401
-0.141318
-0.132883
-0.150391
-0.106859
-0.040395
0.026602
0.129244
0.221146
0.230498
0.188785
0.190953
0.277321
0.307772
0.24993
0.147938
0.083524
0.123455
0.181221
0.191364
0.181731
0.116112
0.056379
0.015294
-0.011502
-0.007673
-0.032676
-0.05674
-0.076453
-0.054664
-0.033078
-0.012031
0.011852
-0.012091
-0.03665
-0.062181
-0.080103
-0.103532
-0.140946
-0.208846
-0.229403
-0.241896
-0.213528
-0.173497
-0.102249
-0.049437
-0.106858
-0.145831
-0.052387
0.118343
0.161474
0.023398
-0.024686
-0.015738
0.004383
-0.065843
-0.120272
-0.104166
-0.056362
-0.038986
-0.044719
0.020012
0.051979
0.087758
0.070756
0.032571
0.09593
0.117765
0.104923
0.180965
0.285574
0.336322
0.282705
0.141986
0.099428
0.147675
0.217612
0.257136
0.229395
0.123833
0.04076
-0.024975
-0.09527
-0.118985
-0.181688
-0.19493
-0.213005
-0.181718
-0.209938
-0.189758
-0.185611
-0.144809
-0.134195
-0.10906
-0.042995
0.051556
0.102176
0.119651
0.09265
0.103869
0.14656
0.161522
0.158634
0.146789
0.090178
0.037655
-0.060831
-0.118785
-0.138112
-0.116271
-0.121515
-0.12117
-0.073643
-0.065749
-0.118653
-0.169646
-0.202507
-0.189833
-0.101859
-0.054754
-0.058691
-0.086765
-0.061368
0.001968
0.035065
0.100914
0.152637
0.217486
0.162619
0.103884
0.062702
0.026362
-0.002181
-0.072253
-0.09892
-0.096256
-0.039261
-0.015879
-0.01578
-0.056324
-0.058233
-0.076692
-0.144717
-0.223023
-0.207495
-0.025503
0.156015
0.241555
0.107266
-0.068921
-0.074967
0.007767
0.093552
-0.00076
-0.178234
-0.322696
-0.37686
-0.251877
-0.146341
-0.051368
0.142596
0.171223
0.153771
0.125679
0.275582
0.379175
0.392769
0.297183
0.218782
0.104666
-0.019863
-0.130327
0.021966
0.033068
0.031564
0.005489
0.07762
0.059357
0.021168
-0.017673
-0.160033
-0.398406
-0.522515
-0.561928
-0.869514
-0.892407
-0.241468
-0.125754
-0.042426
-0.014861
0.122102
0.311391
0.517584
0.559826
0.472275
0.326683
0.256313
0.353711
0.375166
0.34492
0.227755
0.090143
0.011083
0.046193
0.137053
0.176614
0.133304
0.126685
0.194455
0.239001
0.104513
-0.011381
-0.005315
-0.102778
-0.158773
-0.180342
-0.266015
-0.38701
-0.283582
-0.142132
-0.063921
0.173153
0.389667
0.447827
0.3854
0.248088
0.065876
0.048596
0.123813
0.139516
0.049404
-0.034268
-0.301121
-0.553326
-0.652164
-0.645687
-0.968651
-0.996825
-1.008
-0.975945
-0.886876
-0.641818
0.669645
0.58237
0.574202
0.657002
0.688544
0.607963
0.312554
0.164823
0.27904
0.267522
0.148722
0.132188
0.239259
0.285756
0.166901
0.192836
0.165821
0.231147
0.393178
0.369065
0.206141
0.19822
0.299421
0.097437
-0.116763
-0.224317
-0.389895
-0.496009
-0.402888
-0.122227
0.064372
0.202729
0.190212
0.028737
-0.026906
-0.162414
-0.229461
-0.14092
-0.025827
0.097745
0.215685
0.146234
0.048826
0.028105
0.012953
-0.020847
-0.13364
-0.148923
-0.074504
-0.002585
0.012221
-0.217157
-0.322612
-0.448113
-0.640587
-0.595815
-0.177976
-0.223621
-0.17551
-0.128003
0.039083
0.196217
0.426317
0.619916
0.709872
0.65643
0.560374
0.447779
0.207695
0.036047
-0.023793
-0.225245
-0.160304
-0.041399
-0.025252
0.143869
0.2344
0.076408
0.050128
0.044752
-0.145039
-0.413413
-0.596092
-0.631767
-0.586562
-0.511479
-0.578053
-0.625823
-0.6839
-0.671228
-0.528745
-0.367894
-0.374944
-0.485192
-0.484973
-0.427564
-0.388322
-0.176375
0.095747
1.52383
1.28506
1.01094
0.893631
0.924778
0.922842
0.849454
0.719495
0.594187
0.581357
0.541776
0.603408
0.559009
0.327989
-0.001049
-0.34074
-0.475793
-0.492616
-0.42053
-0.317594
-0.136946
0.169215
0.212179
-0.294811
-0.517879
-0.515406
-0.661079
-0.64004
-0.33601
-0.20665
-0.082893
0.297095
0.831197
1.14922
1.36578
1.74024
1.97287
2.02375
1.71181
1.25096
0.918984
1.23451
1.69124
2.4503
3.28302
4.04682
4.78351
5.47695
6.15872
6.7843
7.36461
7.90649
8.41936
8.87176
9.25947
9.58621
9.86739
10.1209
10.3043
10.4388
10.594
10.7196
10.8076
10.8747
10.9457
10.9424
10.8957
10.9442
10.9506
10.9059
10.7774
10.5752
10.2473
9.7758
9.1712
8.45078
7.72164
6.90167
6.01979
5.07971
4.60952
3.61131
3.09465
2.59701
2.07892
1.55123
0.980369
0.464717
0.025513
-0.365507
-0.724916
-1.0671
-1.38269
-1.67332
-1.94642
-2.19003
-2.41612
-2.63321
-2.80535
-2.9543
-3.08504
-3.19974
-3.31036
-3.38437
-3.43611
-3.47901
-3.50217
-3.51152
-3.49138
-3.4619
-3.41512
-3.35686
-3.29142
-3.21723
-3.14446
-3.07327
-3.00053
-2.92293
-2.84252
-2.76093
-2.6793
-2.57867
-2.49253
-2.40285
-2.31854
-2.23274
-2.1516
-2.07114
-1.99327
-1.91647
-1.83533
-1.76834
-1.70838
-1.65761
-1.6155
-1.5833
-1.56175
-1.53214
-1.50669
-1.46042
-1.39496
-1.29485
-1.17093
-1.01337
-0.850149
-0.679753
-0.509627
-0.336681
-0.165887
0.00193
0.183935
0.345755
0.498013
0.650359
0.798545
0.966137
1.12603
1.26415
1.37228
1.48661
1.5937
1.66076
1.72356
1.76516
1.79311
1.80346
1.80471
1.80249
1.78801
1.76686
1.73825
1.702
1.66108
1.61621
1.56665
1.51226
1.45497
1.39606
1.33562
1.27117
1.20856
1.14838
1.0867
1.02821
0.966136
0.904433
0.844999
0.785917
0.727199
0.6686
0.612774
0.549969
0.501102
0.455876
0.412096
0.370793
0.333281
0.299638
0.266275
0.235291
0.204867
0.176637
0.15075
0.126158
0.104747
0.08725
0.072099
0.058344
0.045192
0.033516
0.02299
0.014169
0.006431
0.000909
-0.002739
-0.00545
-0.006895
-0.00748
-0.006967
-0.006197
-0.004704
-0.002817
-0.000114
0.004943
0.011086
0.017724
0.023622
0.028263
0.032167
0.036343
0.040017
0.042464
0.043954
0.045008
0.045604
0.045455
0.044494
0.043168
0.041707
0.040051
0.036241
0.033517
0.031718
0.029929
0.028041
0.025067
0.023136
0.021575
0.020036
0.018389
0.01669
0.014748
0.012137
0.010767
0.009685
0.008922
0.00733
0.004839
0.00176
-0.001134
-0.003519
-0.006464
-0.009321
-0.012088
-0.014929
-0.017839
-0.02113
-0.024074
-0.027127
-0.030282
-0.035034
-0.042981
-0.048579
-0.053603
-0.058249
-0.062054
-0.067436
-0.07337
-0.077262
-0.083398
-0.088531
-0.093578
-0.098922
-0.102653
-0.103801
-0.103021
-0.090133
-0.088052
-0.085302
-0.057381
-0.058965
-0.053663
-0.045718
-0.022799
0.014986
0.072893
0.157168
0.277802
0.416851
0.572757
0.735865
0.906713
1.07528
1.24254
1.41759
1.65685
1.84926
2.01566
2.16426
2.29225
2.41757
2.63545
2.7895
2.92474
3.04167
3.15202
3.20991
3.31714
3.40636
3.49045
3.54245
3.58869
3.60922
3.59761
3.56183
3.48349
3.37328
3.23274
3.08469
2.9095
2.73626
2.54168
2.33839
2.14005
1.92556
1.72369
1.49213
1.28462
1.08122
0.882059
0.68739
0.511342
0.339178
0.174778
0.028735
-0.107864
-0.242738
-0.359069
-0.465353
-0.562026
-0.649298
-0.727623
-0.793448
-0.845115
-0.892608
-0.932111
-0.965742
-0.990438
-1.00849
-1.02043
-1.0267
-1.0276
-1.0245
-1.01754
-1.0074
-0.99484
-0.984052
-0.971883
-0.956979
-0.941514
-0.921367
-0.904126
-0.888334
-0.872225
-0.856982
-0.841333
-0.827588
-0.821362
-0.814292
-0.80116
-0.789853
-0.785695
-0.779045
-0.776085
-0.771618
-0.770308
-0.769758
-0.770999
-0.773496
-0.777491
-0.780717
-0.786476
-0.793242
-0.801423
-0.81057
-0.820944
-0.832644
-0.845111
-0.857487
-0.8694
-0.881887
-0.894816
-0.90801
-0.921577
-0.935088
-0.949609
-0.963259
-0.976187
-0.988695
-1.0015
-1.01359
-1.02484
-1.03547
-1.04662
-1.05723
-1.06812
-1.07886
-1.09057
-1.10121
-1.11122
-1.12128
-1.12992
-1.1371
-1.14456
-1.15215
-1.15953
-1.16709
-1.17495
-1.18219
-1.18873
-1.19558
-1.20239
-1.20898
-1.21528
-1.22148
-1.22745
-1.23331
-1.24205
-1.24795
-1.25317
-1.25889
-1.26623
-1.27166
-1.27705
-1.28307
-1.28887
-1.2923
-1.29398
-1.29644
-1.298
-1.29838
-1.29794
-1.29665
-1.29556
-1.29429
-1.29298
-1.29157
-1.29012
-1.28827
-1.28692
-1.28568
-1.28507
-1.28395
-1.28303
-1.28222
-1.28188
-1.28134
-1.28098
-1.28081
-1.28081
-1.28043
-1.27785
-1.2772
-1.27548
-1.26836
-1.2554
-1.23319
-1.20972
-1.18569
-1.1502
-1.15426
-1.15179
-1.18684
-1.2287
-1.28641
-1.3542
-1.4083
-1.46143
-1.51704
-1.63696
-1.69523
-1.75736
-1.82252
-1.88596
-1.96131
-2.02541
-2.09093
-2.15702
-2.21979
-2.2808
-2.34045
-2.39801
-2.45427
-2.50835
-2.55979
-2.60988
-2.65945
-2.70875
-2.75578
-2.798
-2.83899
-2.87796
-2.91439
-2.94785
-2.9789
-3.01011
-3.03836
-3.06318
-3.08659
-3.10759
-3.12701
-3.14547
-3.16137
-3.17476
-3.18627
-3.19611
-3.20483
-3.21218
-3.21781
-3.2224
-3.22471
-3.22565
-3.22514
-3.2236
-3.2209
-3.21725
-3.2118
-3.20406
-3.19598
-3.18719
-3.17808
-3.16851
-3.15851
-3.14809
-3.13807
-3.12793
-3.11496
-3.10471
-3.09386
-3.0825
-3.07081
-3.05879
-3.04734
-3.03625
-3.02582
-3.01533
-3.00467
-2.99466
-2.98324
-2.97164
-2.96019
-2.94937
-2.9387
-2.92867
-2.91946
-2.91017
-2.9066
-2.89941
-2.89083
-2.88469
-2.87955
-2.87134
-2.86348
-2.85633
-2.84448
-2.82313
-2.78494
-2.73629
-2.67566
-2.58788
-2.5045
-2.42604
-2.33371
-2.24281
-2.14814
-2.04461
-1.93916
-1.8223
-1.71721
-1.60672
-1.495
-1.39094
-1.27965
-1.1664
-1.0586
-0.950656
-0.841081
-0.740796
-0.6452
-0.553971
-0.462625
-0.376409
-0.297403
-0.222175
-0.154179
-0.092034
-0.036999
0.018068
0.077098
0.132186
0.183065
0.23647
0.288728
0.336633
0.380693
0.416375
0.439187
0.464865
0.484963
0.497571
0.502476
0.505563
0.508502
0.522073
0.52694
0.536081
0.551555
0.571131
0.593243
0.61574
0.638971
0.661823
0.684097
0.707098
0.727457
0.753248
0.77608
0.798705
0.823495
0.848997
0.878857
0.909251
0.939525
0.959662
0.986421
1.01392
1.03839
1.06235
1.0864
1.10985
1.13168
1.14654
1.16976
1.19063
1.20983
1.22462
1.22915
1.20123
1.18354
1.16708
1.16126
1.16592
1.18461
1.21455
1.25119
1.2996
1.36049
1.44082
1.53333
1.63245
1.73546
1.83843
1.94624
2.06354
2.17253
2.2753
2.37357
2.46317
2.54836
2.62024
2.68209
2.72936
2.76679
2.79151
2.78959
2.77537
2.74615
2.70421
2.6378
2.55444
2.44764
2.32104
2.18062
2.01342
1.83542
1.65327
1.45428
1.2588
1.05376
0.842581
0.635025
0.425979
0.215478
0.009824
-0.191352
-0.397719
-0.605373
-0.795988
-0.978865
-1.16455
-1.33559
-1.4875
-1.64225
-1.78551
-1.92112
-2.04215
-2.15206
-2.25581
-2.3479
-2.43573
-2.51748
-2.5917
-2.68035
-2.74155
-2.79876
-2.84851
-2.89147
-2.92085
-2.95156
-2.97735
-2.99824
-3.01415
-3.02522
-3.03041
-3.03007
-3.02145
-3.00579
-2.98537
-2.96513
-2.95007
-2.94164
-2.92736
-2.91272
-2.90374
-2.89505
-2.88637
-2.87736
-2.87028
-2.86188
-2.85315
-2.84416
-2.83618
-2.82852
-2.82115
-2.81467
-2.80773
-2.79975
-2.79058
-2.7824
-2.77427
-2.76256
-2.73692
-2.70344
-2.66677
-2.63123
-2.59554
-2.55524
-2.52335
-2.48568
-2.44322
-2.40159
-2.36314
-2.32548
-2.288
-2.25117
-2.21507
-2.17991
-2.14537
-2.11178
-2.07946
-2.03038
-2.00095
-1.97225
-1.94385
-1.91679
-1.89105
-1.86398
-1.83696
-1.81199
-1.79029
-1.77108
-1.75373
-1.73798
-1.7229
-1.70843
-1.69487
-1.68225
-1.66879
-1.65745
-1.64705
-1.63705
-1.62784
-1.61915
-1.61072
-1.60268
-1.59531
-1.58837
-1.58165
-1.57516
-1.56851
-1.5807
-1.57302
-1.56485
-1.55631
-1.54783
-1.53969
-1.5322
-1.52467
-1.51695
-1.50873
-1.49881
-1.48944
-1.48095
-1.46799
-1.45723
-1.44573
-1.43439
-1.42456
-1.41726
-1.41421
-1.41573
-1.4202
-1.42664
-1.44011
-1.45125
-1.47019
-1.49588
-1.52446
-1.55904
-1.60423
-1.6516
-1.70204
-1.75006
-1.83282
-1.8763
-1.91728
-1.94946
-1.98146
-2.01507
-2.047
-2.07736
-2.1072
-2.13629
-2.16646
-2.19073
-2.21156
-2.23113
-2.25007
-2.2662
-2.28079
-2.29223
-2.30224
-2.30948
-2.31361
-2.32039
-2.31265
-2.3084
-2.29945
-2.27987
-2.26491
-2.24249
-2.2154
-2.18515
-2.15243
-2.11795
-2.07923
-2.03884
-1.99186
-1.94775
-1.89845
-1.84719
-1.79407
-1.73887
-1.68507
-1.62911
-1.56767
-1.50831
-1.45239
-1.39661
-1.34074
-1.28375
-1.22907
-1.17544
-1.12369
-1.02764
-0.93568
-0.893447
-0.851695
-0.809779
-0.765813
-0.723214
-0.678881
-0.631483
-0.583761
-0.534719
-0.502863
-0.432186
-0.408206
-0.407767
-0.411832
-0.44337
-0.488212
-0.528922
-0.560472
-0.582921
-0.595376
-0.60033
-0.579282
-0.541272
-0.474413
-0.434896
-0.381063
-0.259575
-0.200392
-0.131416
0.015364
0.151065
0.301491
0.464125
0.549713
0.642244
0.732647
0.86716
0.951131
1.03326
1.11718
1.19076
1.25911
1.38261
1.43768
1.5758
1.72952
1.90979
2.10174
2.19397
2.38598
2.5805
2.75162
2.90916
3.04974
3.11421
3.17929
3.24309
3.35877
3.40666
3.49848
3.54189
3.58103
3.66202
3.74134
3.76649
3.81498
3.85993
3.82973
3.75064
3.64763
3.52545
3.38027
3.23827
3.08371
2.91195
2.71138
2.49188
2.24658
2.05758
1.87579
1.70994
1.56343
1.42719
1.31046
1.25831
1.16082
1.08693
1.03307
0.993657
0.96749
0.954399
0.952458
0.961144
0.979676
1.00523
1.03671
1.07461
1.09551
1.13982
1.18193
1.22626
1.27138
1.29359
1.33795
1.37873
1.41631
1.43313
1.45421
1.47343
1.49607
1.51952
1.54307
1.56341
1.58366
1.60184
1.62129
1.65827
1.69279
1.73729
1.78856
1.84404
1.9865
2.12185
2.18664
2.25319
2.3849
2.50371
2.61543
2.72254
2.82034
2.90923
2.98325
3.01733
3.08281
3.13449
3.17655
3.19457
3.2112
3.22658
3.23978
3.25997
3.2677
3.27923
3.28615
3.28818
3.28961
3.28917
3.28584
3.28331
3.28006
3.27628
3.26738
3.25723
3.24562
3.23956
3.22599
3.21244
3.19827
3.18414
3.17078
3.16428
3.15056
3.13747
3.12458
3.11262
3.10129
3.09564
3.08995
3.07697
3.07186
3.06672
3.05594
3.04643
3.04169
3.03681
3.03149
3.02116
3.01663
3.0071
2.99717
2.99215
2.98197
2.97212
2.967
2.96167
2.95558
2.94929
2.94321
2.93683
2.92845
2.92103
2.91445
2.90745
2.90059
2.89398
2.87731
2.86861
2.8546
2.82881
2.79946
2.77661
2.76811
2.76507
2.77368
2.78813
2.81909
2.84245
2.90922
2.98024
3.01893
3.06506
3.17358
3.23122
3.29033
3.34642
3.4045
3.45949
3.51727
3.56844
3.61331
3.70141
3.74051
3.80651
3.83726
3.86503
3.8961
3.94064
3.95409
3.96422
3.97189
3.9793
3.97941
3.97709
3.97214
3.96528
3.95578
3.9438
3.92988
3.91588
3.90126
3.86929
3.8516
3.83253
3.80958
3.78619
3.76119
3.73851
3.71744
3.69358
3.66409
3.63532
3.60707
3.57507
3.54225
3.51223
3.48501
3.46713
3.4505
3.45065
3.45427
3.46077
3.45723
3.46975
3.47933
3.47354
3.48426
3.4936
3.48802
3.46209
3.41573
3.35654
3.28803
3.21169
3.13938
3.06433
2.98016
2.90598
2.83668
2.758
2.6809
2.60247
2.52775
2.45393
2.38518
2.31672
2.25296
2.19019
2.1299
2.07138
2.01055
1.94982
1.865
1.8084
1.76276
1.71978
1.69571
1.66323
1.59781
1.53634
1.50945
1.4004
1.34036
1.26652
1.17606
1.0689
0.938221
0.816967
0.67254
0.506512
0.327298
0.149878
-0.070009
-0.299518
-0.509415
-0.911114
-1.30101
-1.50274
-1.72797
-1.94202
-2.14534
-2.34068
-2.70789
-2.88063
-3.04737
-3.20798
-3.36145
-3.50752
-3.75926
-3.86488
-4.07259
-4.16513
-4.25142
-4.3305
-4.40175
-4.46761
-4.5332
-4.5979
-4.64908
-4.69478
-4.73312
-4.76444
-4.78416
-4.79492
-4.7984
-4.78467
-4.77162
-4.75504
-4.73513
-4.71291
-4.68829
-4.62802
-4.60034
-4.57066
-4.54623
-4.52563
-4.50076
-4.46578
-4.46088
-4.44707
-4.36824
-4.32731
-4.17298
-3.96019
-3.84228
-3.70857
-3.5732
-3.4084
-3.2547
-3.11895
-2.9772
-2.84329
-2.59775
-2.48573
-2.36841
-2.26404
-2.14235
-2.02128
-1.81367
-1.70806
-1.60018
-1.49985
-1.40108
-1.31594
-1.2282
-1.14264
-1.05697
-0.980579
-0.907036
-0.847422
-0.799121
-0.761037
-0.737334
-0.723224
-0.725958
-0.740644
-0.75798
-0.784837
-0.875243
-0.92176
-0.977026
-1.03943
-1.17835
-1.2416
-1.30541
-1.44025
-1.58564
-1.75156
-1.8238
-1.89734
-1.97397
-2.04965
-2.20102
-2.2721
-2.34426
-2.41216
-2.47751
-2.54413
-2.60145
-2.64165
-2.63273
-2.66872
-2.66332
-2.66329
-2.83472
-3.14764
-3.38847
-3.65647
-3.94079
-4.25067
-4.88817
-5.21018
-5.55075
-5.89627
-6.27672
-6.99249
-7.75412
-8.06538
-8.37871
-8.69566
-9.30699
-9.58451
-9.87839
-10.2111
-10.5032
-10.76
-11.006
-11.2465
-11.4767
-11.683
-11.8863
-12.0885
-12.2896
-12.4696
-12.8048
-12.9615
-13.1199
-13.2815
-13.5649
-13.6987
-13.8275
-13.9408
-14.0381
-14.1215
-14.1735
-14.2216
-14.2497
-14.26
-14.2163
-14.1813
-14.1372
-14.0825
-14.028
-13.9689
-13.905
-13.7536
-13.5602
-13.3161
-13.0288
-12.8486
-12.6059
-12.3576
-12.0848
-11.8075
-11.4997
-11.1296
-10.7685
-10.375
-9.58471
-8.73512
-7.77198
-6.75515
-5.76317
-4.72165
-3.7695
-2.85035
-1.98894
-1.18085
-0.440706
0.315274
0.895991
1.45301
1.67301
1.89259
2.28611
2.43603
2.71269
2.81667
2.98649
3.09965
3.1399
3.18577
3.19202
3.1657
3.14402
3.11497
3.07193
3.0325
2.98167
2.8852
2.79297
2.69837
2.60881
2.52212
2.43273
2.31775
2.29027
2.24419
2.21108
2.19848
2.18862
2.18152
2.17487
2.1794
2.1934
2.215
2.24403
2.27919
2.3197
2.36187
2.38278
2.40657
2.45371
2.49114
2.52834
2.574
2.63433
2.72678
2.91233
3.09218
3.35123
3.67361
3.87266
4.1353
4.3903
4.68033
4.96339
5.21989
5.4652
5.70434
6.16808
6.57008
6.93365
7.26861
7.56765
7.82103
7.93081
8.13947
8.30645
8.43853
8.48927
8.53478
8.60343
8.62642
8.6559
8.66139
8.65714
8.63608
8.60245
8.55148
8.49859
8.44666
8.39199
8.33918
8.28481
8.23574
8.19044
8.16985
8.13076
8.09723
8.06782
8.04258
8.01874
8.00013
7.98368
7.96986
7.95727
7.94586
7.93427
7.92345
7.91184
7.89753
7.88321
7.86766
7.84976
7.82949
7.807
7.78299
7.7573
7.72955
7.70033
7.66688
7.63327
7.59638
7.55778
7.51788
7.47539
7.4531
7.40283
7.357
7.31093
7.28618
7.25731
7.22552
7.19288
7.16137
7.131
7.09743
7.05823
7.02284
6.93745
6.86686
6.809
6.76908
6.75364
6.75119
6.80325
6.88055
6.98384
7.11794
7.25805
7.41151
7.58356
7.76499
7.95242
8.1583
8.37444
8.48205
8.72599
8.83201
9.05136
9.23249
9.41547
9.55942
9.70021
9.83498
9.96414
10.0739
10.1837
10.2868
10.3886
10.4583
10.5421
10.5955
10.6384
10.6609
10.6604
10.6387
10.6102
10.5685
10.5193
10.4429
10.3591
10.2575
10.1701
10.0701
9.95726
9.83102
9.70768
9.58218
9.44379
9.30304
9.14747
8.99849
8.84775
8.69247
8.53218
8.36024
8.19558
8.02943
7.84332
7.6201
7.42462
7.2361
7.04495
6.85187
6.65462
6.44268
6.20915
6.00591
5.80632
5.59813
5.38952
5.19364
4.97543
4.72394
4.42733
4.14614
3.91444
3.69314
3.48399
3.28903
3.10404
2.91295
2.72935
2.5511
2.36898
2.17418
1.99529
1.82342
1.65304
1.48964
1.32709
1.16557
1.01042
0.852477
0.686994
0.531209
0.368702
0.210586
0.064785
-0.10144
-0.249174
-0.395174
-0.54315
-0.686374
-0.828446
-0.972845
-1.13315
-1.27426
-1.41218
-1.55704
-1.71367
-1.87402
-2.00836
-2.13512
-2.26621
-2.39088
-2.51267
-2.63165
-2.75397
-2.88596
-3.01828
-3.13756
-3.2649
-3.38146
-3.49543
-3.60892
-3.71744
-3.82687
-3.93456
-4.04225
-4.15474
-4.2602
-4.36093
-4.45716
-4.5576
-4.65055
-4.73451
-4.81883
-4.90207
-4.97576
-5.05421
-5.13089
-5.21223
-5.29575
-5.37619
-5.45745
-5.54236
-5.62824
-5.716
-5.80639
-5.89621
-5.99903
-6.08234
-6.17448
-6.26441
-6.34284
-6.41312
-6.49324
-6.55594
-6.6189
-6.67999
-6.73758
-6.79454
-6.84625
-6.89733
-6.94649
-6.99235
-7.03526
-7.08615
-7.12726
-7.17068
-7.20677
-7.24465
-7.27944
-7.31198
-7.33986
-7.37081
-7.39592
-7.41637
-7.43563
-7.45445
-7.47398
-7.49172
-7.50703
-7.5246
-7.53969
-7.55265
-7.56657
-7.58011
-7.59308
-7.60472
-7.61692
-7.63107
-7.645
-7.65824
-7.67121
-7.68336
-7.69841
-7.71142
-7.7249
-7.74095
-7.76185
-7.7774
-7.79191
-7.80534
-7.82123
-7.83463
-7.84601
-7.85698
-7.86948
-7.88176
-7.89321
-7.90572
-7.91773
-7.93114
-7.94418
-7.96141
-7.97435
-7.98703
-7.99979
-8.01252
-8.02501
-8.03838
-8.05277
-8.06665
-8.08034
-8.09257
-8.10457
-8.11614
-8.12763
-8.1388
-8.15022
-8.16143
-8.17231
-8.18364
-8.19497
-8.20727
-8.21897
-8.22988
-8.24061
-8.25066
-8.26267
-8.27341
-8.28399
-8.2938
-8.27257
-8.27289
-8.27916
-8.2856
-8.29266
-8.29975
-8.30639
-8.31194
-8.32035
-8.32779
-8.34553
-8.36213
-8.39292
-8.40632
-8.417
-8.42705
-8.43665
-8.44557
-8.45418
-8.46197
-8.46723
-8.47309
-8.48162
-8.4877
-8.49388
-8.49952
-8.50438
-8.51071
-8.50775
-8.5141
-8.52579
-8.53241
-8.54619
-8.55173
-8.55444
-8.562
-8.56803
-8.57678
-8.58262
-8.58844
-8.59427
-8.60083
-8.60786
-8.61521
-8.63135
-8.64237
-8.65375
-8.66679
-8.6808
-8.69302
-8.70764
-8.72474
-8.74475
-8.77181
-8.79093
-8.81248
-8.82726
-8.84538
-8.86861
-8.88472
-8.89852
-8.91004
-8.92902
-8.94551
-8.96384
-8.98048
-9.00324
-9.01843
-9.03504
-9.05028
-9.06609
-9.07769
-9.09403
-9.10846
-9.12065
-9.13368
-9.13993
-9.15094
-9.15474
-9.16239
-9.17011
-9.17376
-9.1353
-9.1253
-9.11881
-9.11173
-9.10306
-9.08946
-9.07174
-9.05035
-9.02678
-9.00301
-8.9748
-8.95258
-8.92684
-8.89485
-8.85821
-8.82174
-8.78971
-8.75393
-8.71229
-8.63955
-8.57039
-8.49126
-8.45149
-8.36551
-8.32797
-8.28677
-8.2069
-8.17574
-8.13708
-8.10632
-8.05858
-8.05162
-8.0435
-8.04333
-8.06556
-8.1106
-8.10758
-8.11293
-8.1208
-8.13209
-8.14963
-8.17772
-8.19648
-8.24645
-8.29286
-8.34405
-8.3951
-8.44811
-8.4819
-8.54481
-8.61355
-8.68791
-8.75074
-8.81617
-8.89455
-8.99033
-9.09033
-9.21023
-9.32496
-9.45082
-9.58584
-9.71203
-9.84336
-9.96683
-10.0817
-10.1802
-10.2664
-10.3656
-10.4259
-10.4818
-10.5667
-10.6892
-10.8069
-10.869
-10.8813
-10.8885
-10.8704
-10.836
-10.8476
-10.8004
-10.7509
-10.6889
-10.5912
-10.5385
-10.4738
-10.4029
-10.3303
-10.244
-10.1534
-10.0545
-9.9494
-9.82474
-9.7001
-9.56165
-9.42259
-9.26311
-9.10584
-8.93898
-8.77387
-8.60121
-8.42414
-8.24778
-8.07227
-7.89625
-7.7077
-7.47231
-7.24787
-7.02554
-6.81553
-6.59179
-6.39651
-6.20727
-6.03842
-5.86348
-5.68198
-5.49884
-5.31314
-5.13157
-4.94851
-4.76227
-4.5733
-4.37135
-4.19792
-4.0138
-3.83676
-3.63659
-3.45846
-3.28065
-3.12475
-2.95293
-2.75843
-2.56839
-2.37859
-2.17471
-1.96665
-1.75284
-1.51106
-1.3009
-1.06617
-0.841114
-0.61088
-0.340124
-0.081441
0.157669
0.387986
0.624625
0.877585
1.13407
1.38316
1.62767
1.87809
2.15241
2.41692
2.68367
2.99923
3.29011
3.57994
3.87832
4.17863
4.47519
4.76112
5.04304
5.3364
5.61217
5.90553
6.19993
6.47618
6.76645
7.04349
7.32683
7.59659
7.8692
8.13708
8.40173
8.66648
8.94397
9.88412
10.2886
10.5261
10.778
11.0166
11.2831
11.5156
11.7514
11.8742
12.4134
12.6648
12.9101
13.1811
13.3232
13.6698
13.8393
14.0176
14.3428
14.5992
14.8686
15.0902
15.2855
15.4936
15.6737
15.8253
15.9815
16.1301
16.2876
16.5694
16.8184
17.0558
17.2902
17.5171
17.7377
17.9461
18.1523
18.3407
18.5094
18.6615
18.7991
18.925
19.0367
19.1235
19.2466
19.3843
19.5226
19.5954
19.73
19.8019
19.9427
20.0567
20.1756
20.2798
20.3839
20.47
20.5352
20.5951
20.6465
20.6604
20.6886
20.7143
20.7208
20.7093
20.6706
20.6329
20.5924
20.534
20.4777
20.4344
20.3538
20.2885
20.0283
19.9631
19.8959
19.7774
19.6393
19.4919
19.3586
19.2124
19.033
18.8384
18.6288
18.4248
18.2384
18.0719
17.9758
17.8539
17.7744
17.6189
17.5667
17.4572
17.3052
17.1466
16.8584
16.4384
15.9071
15.3101
14.642
13.9566
13.2423
12.5086
11.6345
10.4586
9.32339
8.20208
7.19726
6.11087
5.04433
3.93674
3.07966
2.14256
1.19385
0.06163
-0.879102
-1.82008
-2.79606
-3.76695
-4.73093
-5.57719
-6.34573
-7.14431
-7.88552
-8.64054
-9.33622
-9.87681
-10.5255
-10.9601
-11.3586
-11.756
-12.0294
-12.2463
-12.4192
-12.5306
-12.5867
-12.5853
-12.5276
-12.417
-12.2592
-12.0633
-11.7907
-11.4938
-11.1705
-10.7985
-10.4019
-10.0212
-9.61403
-9.22194
-8.84107
-8.47962
-8.12818
-7.79471
-7.47151
-7.17709
-6.9133
-6.67131
-6.4395
-6.23298
-6.04984
-5.87786
-5.71868
-5.57393
-5.4898
-5.4336
-5.40132
-5.38377
-5.38042
-5.38201
-5.39438
-5.41626
-5.43801
-5.46585
-5.4982
-5.53507
-5.57698
-5.62056
-5.66639
-5.71795
-5.77063
-5.82655
-5.87901
-5.93457
-5.99249
-6.04803
-6.1055
-6.16237
-6.2185
-6.28296
-6.35618
-6.41533
-6.46998
-6.52309
-6.57706
-6.6437
-6.69788
-6.74824
-6.79804
-6.83782
-6.86503
-6.89222
-6.90335
-6.89814
-6.87578
-6.84476
-6.76918
-6.66826
-6.51109
-6.35591
-6.18056
-5.963
-5.70676
-5.4377
-5.1578
-4.84341
-4.48669
-4.12894
-3.77293
-3.40928
-3.05255
-2.68937
-2.3339
-1.99295
-1.64362
-1.28237
-0.937887
-0.587026
-0.261715
0.03656
0.334694
0.62382
0.881342
1.12764
1.35403
1.55583
1.74635
1.96112
2.11963
2.25277
2.37391
2.4742
2.56987
2.65122
2.7148
2.76487
2.79154
2.80816
2.81403
2.81056
2.80256
2.79285
2.77192
2.74916
2.72354
2.69403
2.656
2.61548
2.57233
2.52881
2.48723
2.46559
2.42718
2.39411
2.37125
2.35787
2.35243
2.3526
2.36508
2.39483
2.43393
2.5095
2.59418
2.69941
2.8147
2.93315
3.08407
3.21622
3.34184
3.46586
3.58791
3.71308
3.82172
3.99129
4.13264
4.26542
4.37691
4.46352
4.52112
4.53317
4.51566
4.48141
4.43828
4.37592
4.28347
4.16809
4.0511
3.9258
3.78218
3.64835
3.50276
3.36308
3.225
3.0571
2.90558
2.75224
2.61859
2.50059
2.38339
2.24554
2.14006
2.038
1.92845
1.8218
1.68051
1.57092
1.46054
1.32557
1.20128
1.07234
0.95545
0.833911
0.698058
0.5812
0.472944
0.36032
0.258112
0.16407
0.070997
-0.023496
-0.109676
-0.191533
-0.271242
-0.350751
-0.41851
-0.481756
-0.541428
-0.597327
-0.64909
-0.696467
-0.740347
-0.784563
-0.818782
-0.845712
-0.876278
-0.904712
-0.928987
-0.943757
-0.956567
-0.965179
-0.955834
-0.926344
-0.888018
-0.828741
-0.746017
-0.650722
-0.539426
-0.427014
-0.272009
-0.142917
-0.011377
0.137243
0.283352
0.425613
0.579602
0.722198
0.865609
0.99568
1.11629
1.23078
1.34416
1.46251
1.55338
1.63202
1.709
1.78387
1.84661
1.90687
1.96371
2.01274
2.06625
2.11267
2.15533
2.19835
2.23295
2.26738
2.29417
2.31865
2.34713
2.36672
2.38767
2.40798
2.41825
2.42292
2.42129
2.41556
2.41646
2.40494
2.40207
2.38635
2.37955
2.36718
2.35101
2.34227
2.33506
2.33255
2.32966
2.3262
2.32266
2.31745
2.31204
2.30609
2.30134
2.29616
2.29518
2.29056
2.28646
2.2825
2.28087
2.27906
2.27701
2.27579
2.27446
2.2736
2.27306
2.273
2.27363
2.275
2.28012
2.28699
2.29385
2.30084
2.31181
2.3232
2.32709
2.33523
2.33863
2.33204
2.32945
2.32091
2.32708
2.33283
2.34137
2.34009
2.33094
2.27172
2.22555
2.14799
2.02945
1.87771
1.71975
1.53687
1.38453
1.22493
1.04635
0.905696
0.752831
0.598065
0.434821
0.258746
0.031595
-0.148871
-0.331807
-0.502286
-0.67582
-0.834921
-1.00983
-1.165
-1.39473
-1.54018
-1.74105
-1.86923
-1.99751
-2.11658
-2.22735
-2.36512
-2.46914
-2.55966
-2.6432
-2.75429
-2.82855
-2.9093
-2.96439
-3.01466
-3.06046
-3.10078
-3.15339
-3.18462
-3.21307
-3.24353
-3.26608
-3.28249
-3.29806
-3.30622
-3.31252
-3.30857
-3.29865
-3.28388
-3.26498
-3.23792
-3.20171
-3.16177
-3.12629
-3.09149
-3.05489
-3.01084
-2.9732
-2.93005
-2.88857
-2.84627
-2.80295
-2.75821
-2.7202
-2.70314
-2.698
-2.70756
-2.74335
-2.78276
-2.84067
-2.94731
-3.04048
-3.14912
-3.26079
-3.38765
-3.51476
-3.66891
-3.81941
-3.97715
-4.14213
-4.31562
-4.49074
-4.66418
-4.8458
-5.03388
-5.20842
-5.38446
-5.56453
-5.7415
-5.91157
-6.07537
-6.24149
-6.39158
-6.5342
-6.68571
-6.83322
-6.98264
-7.12582
-7.28118
-7.42807
-7.56962
-7.70623
-7.84022
-7.98635
-8.12686
-8.2008
-8.25141
-8.25892
-8.23186
-8.13952
-8.04795
-7.92465
-7.77022
-7.56361
-7.3411
-7.10515
-6.81148
-6.52547
-6.21135
-5.92413
-5.63273
-5.28275
-4.9409
-4.57717
-4.23079
-3.89348
-3.52733
-3.17916
-2.86777
-2.56162
-2.26051
-1.96066
-1.68951
-1.40904
-1.11873
-0.899015
-0.697195
-0.516612
-0.358873
-0.217683
-0.097649
0.000491
0.075105
0.132731
0.171328
0.191684
0.194001
0.180975
0.144994
0.081919
0.01155
-0.075356
-0.187328
-0.322305
-0.49667
-0.646609
-0.79135
-0.951361
-1.12275
-1.27424
-1.42546
-1.54828
-1.64464
-1.69763
-1.70994
-1.66706
-1.5357
-1.31909
-1.10652
-0.884471
-0.67147
-0.456568
-0.238545
-0.030356
0.164472
0.338388
0.520905
0.67916
0.822363
0.975714
1.08034
1.1582
1.2232
1.35447
1.54934
1.72315
1.85546
1.96915
2.08195
2.18198
2.28045
2.36812
2.42542
2.45365
2.46648
2.4565
2.43765
2.39141
2.30152
2.20068
2.09769
1.98696
1.86531
1.73391
1.59068
1.43452
1.24865
1.06182
0.878737
0.648007
0.422194
0.183276
-0.009763
-0.203015
-0.387889
-0.567667
-0.747217
-0.924541
-1.09807
-1.26179
-1.39732
-1.52599
-1.633
-1.72221
-1.79843
-1.84579
-1.86741
-1.86511
-1.84878
-1.81325
-1.75625
-1.67966
-1.58634
-1.46605
-1.34846
-1.22104
-1.09152
-0.952551
-0.801634
-0.665769
-0.527986
-0.383226
-0.238974
-0.091276
0.035694
0.104676
0.26356
0.428336
0.623189
0.853862
1.08396
1.29417
1.50679
1.69272
1.78048
1.88081
1.97412
2.06561
2.16345
2.1494
2.23623
2.32274
2.46804
2.5437
2.72841
2.90422
3.00076
3.21946
3.48087
3.7467
4.04301
4.37762
4.73899
4.92926
5.34498
5.74663
6.17426
6.38604
6.82462
7.04568
7.29828
7.54522
7.77006
7.99997
8.23154
8.46001
8.72198
9.00222
9.28026
9.56807
9.85272
10.1349
10.3351
10.6279
10.8466
11.0084
11.0628
11.0866
11.0841
11.0894
11.0894
11.06
11.0324
10.9825
10.924
10.8604
10.7434
10.5783
10.4404
10.272
10.0772
9.78613
9.45638
9.12453
8.75758
8.47019
8.03306
7.56439
7.09135
6.59169
6.07807
5.55502
5.01104
4.42673
3.8313
3.27698
2.76443
2.27276
1.78703
1.32081
0.863903
0.439767
0.029014
-0.350851
-0.700359
-1.01687
-1.31278
-1.58172
-1.81948
-2.03084
-2.231
-2.39276
-2.5336
-2.65192
-2.75125
-2.83504
-2.90185
-2.95464
-2.99023
-3.0144
-3.00488
-2.99861
-2.98185
-2.95553
-2.92694
-2.90174
-2.87744
-2.82503
-2.75554
-2.69128
-2.62118
-2.54234
-2.45349
-2.35885
-2.26198
-2.16579
-2.06962
-1.97253
-1.87019
-1.77161
-1.66713
-1.57336
-1.47708
-1.37909
-1.28164
-1.18025
-1.09705
-0.993698
-0.898428
-0.815296
-0.755538
-0.719816
-0.699085
-0.722859
-0.732841
-0.744954
-0.756246
-0.772425
-0.78818
-0.810954
-0.832163
-0.861364
-0.894055
-0.929486
-0.96343
-1.00271
-1.03969
-1.07901
-1.12099
-1.16505
-1.21311
-1.26846
-1.32361
-1.36978
-1.41544
-1.46602
-1.52611
-1.58548
-1.63279
-1.69811
-1.75908
-1.81986
-1.86836
-1.87994
-1.89579
-1.88664
-1.8586
-1.80785
-1.74015
-1.66452
-1.58399
-1.50039
-1.41577
-1.31053
-1.21587
-1.10769
-1.00987
-0.913845
-0.810079
-0.701981
-0.585045
-0.459676
-0.309242
-0.159787
-0.015035
0.13558
0.3142
0.496014
0.667299
0.84355
1.02099
1.2007
1.376
1.55214
1.73141
1.89972
2.07771
2.2457
2.40953
2.56655
2.723
2.87747
3.02073
3.15265
3.27161
3.40035
3.52661
3.67054
3.79419
3.91001
4.05519
4.14586
4.21353
4.23019
4.20003
4.13969
4.15202
4.14426
4.0202
3.94493
3.79624
3.58329
3.28849
2.96953
2.57623
2.14999
1.69365
1.20745
0.700383
0.195013
-0.303587
-0.834955
-1.3462
-1.86775
-2.37753
-2.89787
-3.39636
-3.88231
-4.38043
-4.86265
-5.31367
-5.75005
-6.16718
-6.56827
-6.95596
-7.30067
-7.62461
-7.91907
-8.20518
-8.49182
-8.74426
-8.96321
-9.18236
-9.39181
-9.58502
-9.7679
-9.93066
-10.0841
-10.2339
-10.3608
-10.4707
-10.5656
-10.6208
-10.6604
-10.6766
-10.6761
-10.6527
-10.6125
-10.5625
-10.4994
-10.4192
-10.3349
-10.2441
-10.1495
-10.0527
-9.94039
-9.81864
-9.70145
-9.58408
-9.46459
-9.33995
-9.22442
-9.11127
-8.99921
-8.89184
-8.78552
-8.68719
-8.59928
-8.51667
-8.43805
-8.36606
-8.29817
-8.22788
-8.16959
-8.11408
-8.06038
-8.01343
-7.97063
-7.93377
-7.89998
-7.86851
-7.84023
-7.8155
-7.7973
-7.78057
-7.76527
-7.7517
-7.73668
-7.72552
-7.713
-7.70132
-7.69048
-7.6857
-7.68902
-7.69365
-7.70451
-7.71444
-7.72548
-7.72874
-7.72089
-7.70198
-7.6599
-7.59217
-7.48158
-7.39632
-7.1807
-6.99703
-6.79322
-6.55005
-6.28223
-5.98627
-5.66425
-5.36611
-5.02659
-4.64025
-3.79594
-3.35661
-2.9047
-2.45518
-1.98473
-1.51255
-1.04447
-0.527505
-0.049838
0.415755
0.955537
1.42647
1.99575
2.48563
2.90192
3.25389
3.53494
3.78693
4.01911
4.22212
4.41308
4.59778
4.73765
4.84131
4.92523
4.98556
5.02254
5.02193
4.98799
4.93319
4.86041
4.7771
4.68462
4.58523
4.47109
4.35044
4.22692
4.10031
3.95669
3.82693
3.70281
3.58225
3.46392
3.35189
3.24043
3.13909
3.04071
2.95036
2.81739
2.74366
2.67548
2.61576
2.56214
2.51601
2.47752
2.44511
2.41734
2.39593
2.38122
2.37215
2.36827
2.36879
2.37391
2.38216
2.39584
2.41456
2.43716
2.45937
2.48634
2.51666
2.54962
2.58319
2.62146
2.65806
2.69965
2.75427
2.80156
2.84973
2.91572
2.98509
3.07018
3.18666
3.39411
3.5364
3.73397
3.94255
4.14866
4.39424
4.64497
4.93506
5.21559
5.5193
5.84047
6.17495
6.51632
6.84412
7.17031
7.48046
7.78317
8.06936
8.35321
8.6185
8.9064
9.19275
9.4264
9.65082
9.85332
10.0152
10.1428
10.2746
10.3498
10.3905
10.3968
10.3783
10.3229
10.235
10.1224
9.9431
9.76477
9.48665
9.17296
8.84588
8.44802
8.02472
7.62377
7.25062
6.89996
6.51531
6.14982
5.7708
5.38412
5.02345
4.71935
4.44229
4.19192
3.92923
3.73247
3.55654
3.39627
3.24915
3.12188
3.01513
2.92163
2.8407
2.77582
2.72092
2.67693
2.64466
2.62324
2.61091
2.60739
2.61345
2.62827
2.64651
2.67125
2.70042
2.73194
2.76709
2.80441
2.84242
2.88414
2.92645
2.9666
3.00689
3.04735
3.08619
3.12515
3.16328
3.19853
3.23171
3.26418
3.29303
3.32069
3.34545
3.36735
3.38704
3.40419
3.41895
3.43159
3.44177
3.44974
3.45571
3.45979
3.46223
3.46212
3.45943
3.45493
3.4491
3.44131
3.43226
3.42198
3.41136
3.40047
3.38877
3.37645
3.36344
3.34997
3.33642
3.32239
3.30812
3.29375
3.2793
3.26485
3.25051
3.23624
3.22214
3.20799
3.19403
3.18025
3.16626
3.15284
3.13958
3.12652
3.11364
3.10048
3.08772
3.07513
3.06274
3.05061
3.03871
3.02686
3.01546
3.00437
2.99328
2.98231
2.97144
2.96063
2.94986
2.93689
2.9251
2.9147
2.90444
2.89391
2.88363
2.87321
2.86279
2.85188
2.84086
2.82914
2.81728
2.80616
2.79505
2.78369
2.77214
2.76079
2.74958
2.73807
2.72671
2.71471
2.7027
2.69101
2.67927
2.6673