
15.8608
38.9083
-253.688
390.782
-440.382
250.749
5.90729
-309.167
432.32
-441.473
288.188
-198.922
164.434
-306.385
428.972
-520.704
400.81
-183.285
-132.478
285.567
-299.826
98.1439
104.674
-270.471
195.793
-10.3741
-266.205
387.918
-377.678
159.602
27.9617
-130.257
-18.4478
239.908
-484.689
513.586
-366.467
-0.445489
318.465
-494.789
348.084
-53.6612
-309.671
473.42
-444.324
160.884
130.676
-333.724
265.768
-64.9596
-222.758
346.705
-303.189
57.3134
162.051
-295.31
190.077
33.7346
-320.487
441.839
-406.395
173.23
82.5765
-293.186
275.459
-115.126
-121.479
245.253
-285.604
175.672
-41.2895
-65.1072
9.80656
96.1531
-228.228
252.581
-199.636
17.4421
131.354
-196.604
91.9473
52.0933
-209.919
241.068
-195.969
51.5596
54.6093
-126.009
77.3587
-5.70392
-98.3362
115.102
-78.7822
-44.019
105.556
-118.251
22.2773
85.1412
-201.423
200.373
-138.129
-6.76368
105
-158.846
84.8606
14.6561
-123.534
126.754
-83.8178
-10.5491
40.7436
-49.1973
-12.2198
51.0002
-80.5893
38.7325
-8.49735
-39.9042
38.189
-44.3457
10.4187
5.44741
-48.1331
45.9481
-33.916
-15.017
17.546
-29.5018
20.353
-35.9001
19.4619
-22.6058
2.2694
-13.4596
13.3018
-22.2915
-12.6222
11.2221
-3.6244
-22.4435
5.75915
-4.71578
0.7974
-24.2175
17.2861
-19.182
-7.03927
10.2359
-14.497
-6.84964
8.0576
-26.0623
15.6125
-11.2841
-5.74668
1.80089
-10.1428
-12.8613
26.4741
-34.5079
8.90074
0.408762
-18.8484
21.1441
-25.832
-4.68461
28.1208
-45.9426
22.1313
11.1094
-47.4859
31.1065
7.22619
-44.1148
29.6463
-0.959755
-28.3471
19.7796
-2.49358
-14.4767
4.32594
0.562505
-13.0904
14.655
-10.7619
-8.06802
9.81058
-6.02229
-9.40024
18.6311
-19.6125
-0.56255
10.7991
-14.2262
7.62461
1.84638
-13.922
5.96083
3.97895
-7.63397
1.25825
0.984782
2.29072
-14.4793
12.0228
11.2965
-28.6256
20.2457
-2.50805
-16.0421
28.4522
-18.3668
-9.54493
30.2463
-24.8611
-1.01491
27.7184
-25.797
4.11896
15.112
-14.4923
8.91708
-2.3684
0.774074
12.2032
-20.2599
16.143
4.38715
-16.4144
21.3283
-9.89008
-2.06399
20.2822
-21.0275
11.5543
10.5961
-14.6332
12.2739
3.27734
-11.472
25.8451
-19.2821
7.1906
15.1048
-21.9351
26.4122
-1.15576
-23.154
34.6284
-8.0063
-7.65162
20.4832
-13.6854
11.5758
9.1449
-15.8517
19.1582
4.45079
-10.2428
13.9554
-1.02519
1.75798
12.3541
-5.77685
5.48596
2.28296
11.2693
-1.73023
-4.56913
27.2096
-17.5301
0.836678
30.0188
-19.8139
8.00676
17.8741
-17.8243
22.5569
1.95183
-12.7279
30.8506
-13.2654
-3.5949
34.6236
-21.4253
5.33889
25.1959
-18.4092
16.7457
7.8773
-8.15929
16.3978
-0.810815
6.39414
9.31524
-5.47305
15.0798
2.848
-0.63082
12.8318
1.77127
2.75116
12.147
-6.47773
23.0302
-5.12464
-7.51698
32.1865
-6.65741
-8.40776
32.0723
-14.7196
8.64775
22.1367
-17.8159
15.6862
17.6758
-16.3114
22.4097
6.38421
-12.254
25.3187
5.78285
-11.0132
20.7329
5.38842
-1.08364
8.01127
13.5083
-0.860705
3.70176
15.5796
1.73038
0.86001
16.572
0.0186114
7.0197
9.43199
0.473722
12.6886
8.82267
-7.43217
20.0645
7.22551
-4.29596
13.8933
7.43931
0.616983
16.8653
-2.46246
8.59782
13.3506
-2.03034
10.7705
10.642
-2.80492
17.0896
3.72506
-0.666086
20.2705
-3.1387
6.52355
20.7198
-13.3907
17.0771
18.5537
-15.323
20.2054
13.0168
-12.469
26.1862
1.8001
-3.4075
23.8302
-1.30689
2.04541
18.8657
-1.91984
10.5721
9.56744
2.24985
11.3194
6.00471
6.54741
10.354
2.2595
14.1211
1.51343
7.5199
15.1873
-2.01842
9.18523
17.0377
-8.65204
18.5076
11.5238
-6.88748
17.9238
8.56932
-2.84315
20.8876
1.27001
2.40517
15.455
5.21281
6.82457
8.69678
3.82256
14.0282
0.483483
12.4636
8.81896
0.441665
14.742
6.73269
1.74004
16.4178
0.239997
10.8398
10.0417
-0.0765653
16.1036
5.18655
1.63543
18.6897
-1.90729
9.42328
14.4329
-3.66099
17.9612
7.2147
-5.9164
26.395
-1.95589
2.20505
23.7849
-6.7579
8.03244
21.1813
-9.35947
16.3532
13.1016
-6.58813
18.1193
8.19414
-1.98497
19.998
-0.325827
8.1684
13.9169
-1.64333
13.7347
10.5911
-3.15342
17.6985
3.20804
6.49936
13.6508
0.147391
10.2565
13.1984
-3.65856
17.5889
6.40509
-0.9587
19.208
2.47284
2.54129
19.329
-4.18647
12.648
13.0854
-5.50296
15.3664
13.9973
-7.74372
18.5418
8.1817
-1.06287
15.5358
5.62596
0.765231
19.3423
0.573168
4.9666
13.5902
4.58104
5.74871
11.8533
2.94964
8.35225
9.25879
7.40856
3.83588
11.0161
7.69661
3.99524
8.87745
12.287
-1.42257
11.775
10.8359
0.502294
11.6516
8.26387
1.22893
16.3988
0.563134
5.1865
16.8035
0.0330375
4.83114
17.217
-1.9149
9.89995
10.5972
1.11062
11.1205
9.80159
-0.65823
13.6183
6.34272
4.91723
8.36019
6.87428
6.44532
10.5564
2.0255
9.15452
9.80582
2.90839
7.21764
12.9149
-0.202637
8.5507
11.7564
1.72303
6.35997
14.2989
-1.41588
10.0374
10.1467
1.43628
9.62653
9.58676
0.223455
13.2796
4.7434
3.86927
10.8066
6.75559
3.21082
10.9171
3.41486
8.356
7.04657
6.05789
6.31737
9.46901
4.01773
6.10189
7.91086
9.7811
0.584947
10.1793
7.74912
2.94312
8.87002
8.23367
2.78721
10.9752
1.64016
7.68083
11.8945
0.452056
6.33639
13.0189
-2.06355
12.2544
6.96261
0.878549
11.689
5.23572
2.84654
13.6997
-1.8453
9.94662
10.5223
-1.94129
10.6594
11.085
-3.61978
13.0755
5.46375
3.25285
11.5381
1.99613
5.30698
12.4036
-1.7991
12.2703
5.89292
-0.128683
13.3277
5.12071
-0.989434
16.3639
0.69311
2.52785
13.9968
1.87482
2.54279
13.3057
1.59904
6.84665
5.27011
6.63018
7.351
3.58075
5.45503
9.83103
0.94092
9.47713
5.05012
4.07181
7.29787
6.87136
2.67486
9.73496
2.17529
7.46567
6.39473
4.43258
6.29254
6.4738
3.35696
8.25367
3.49265
8.35748
3.03936
6.00455
8.31136
2.75778
3.5229
12.6267
0.484204
4.50529
8.439
5.85148
3.75026
5.76224
4.79543
9.76527
-0.267511
7.72959
8.32637
1.04616
6.54637
8.42273
0.52292
9.94958
2.89243
4.91216
7.74989
3.64494
3.84209
10.229
0.0847883
7.23447
6.76384
3.36
5.04011
6.9917
3.64919
7.03501
2.52108
6.99555
5.06991
5.89015
3.19673
5.04902
7.83806
4.29602
0.875775
11.5717
1.97621
2.77464
8.85429
4.27285
2.42064
9.29325
-0.51022
9.38752
5.67151
-0.663742
9.84423
6.57243
-3.38315
13.0041
3.5437
0.83306
8.19596
5.23603
1.71968
9.0394
1.32104
6.78638
4.23861
3.49994
7.51943
4.17406
-0.190927
12.1339
1.15027
3.06798
7.36393
4.5417
2.55758
6.51709
3.59188
6.70016
1.34721
6.59969
5.67792
1.94081
5.63285
7.49618
-1.59599
9.70717
3.21356
2.78895
7.56438
1.45023
4.21618
10.2051
-4.1386
10.064
6.3825
-3.65317
10.3118
8.00332
-6.43376
12.8246
4.41076
-1.70282
10.5095
2.76438
-0.785538
12.7299
-0.695676
2.66412
8.45196
3.16997
1.35447
8.00281
2.15659
3.95679
4.68743
6.02681
1.42829
4.66831
5.90281
3.38715
1.07871
9.45984
1.07278
2.66356
6.97811
3.64418
1.16023
8.1264
1.64484
3.54792
5.56757
4.19141
0.878902
8.49225
1.19562
4.02789
5.37552
3.15667
2.03135
7.78088
1.3764
4.05175
4.02124
4.67877
2.82319
4.91779
2.61645
5.87664
0.783838
6.48363
3.67689
2.5527
4.09822
4.77594
2.05145
7.13341
-0.642899
6.3742
4.80571
0.550807
4.69826
8.03809
-3.1868
6.9576
6.52316
-0.466642
3.49809
8.26712
-0.526543
4.3472
4.65217
4.24208
0.652959
7.11382
2.69675
1.52393
5.10861
5.73569
-1.0901
7.7673
2.50791
1.29568
6.32348
3.65053
-0.641208
9.67136
-0.554336
3.03632
7.23257
-0.0601488
3.87102
7.89135
-3.5419
7.77958
4.52189
-0.573805
6.20687
5.08438
-2.45177
9.4632
1.13054
1.26883
6.90012
2.12598
1.16169
7.96411
-1.42989
5.37157
4.68514
1.49332
3.18134
5.31642
0.359089
6.3551
1.75654
2.68712
3.94148
4.16439
1.40742
4.90385
1.80891
5.13748
0.433829
5.59937
2.88129
1.7844
3.88124
5.35542
-0.829057
6.11993
2.87662
2.40721
2.98745
4.44422
1.10565
5.70079
0.797716
4.45417
3.19834
2.06859
2.73956
6.28048
-0.693379
4.42624
4.16115
2.25205
0.906677
7.69478
-0.190072
2.62876
4.84668
3.29802
0.297403
5.80725
2.13459
2.69246
2.16833
5.20036
1.0589
3.91401
2.59644
3.46129
1.07965
6.33515
0.526548
2.41531
4.92579
2.59689
-0.205291
7.87058
-0.433443
2.78142
4.82011
2.24679
0.809375
6.50008
-0.318829
3.82769
3.84528
1.93434
1.96908
5.44034
-0.309288
4.39937
3.18202
2.84967
0.520409
5.91018
0.735703
3.05681
3.84746
1.87494
0.935205
7.478
-1.48827
2.95897
5.44164
1.04694
0.795441
7.27105
-1.22315
3.63134
3.7919
1.67436
2.85243
3.94418
-0.682005
6.52724
0.687025
2.56411
3.2896
2.60632
1.42365
5.36214
-0.815051
5.09034
2.0627
1.65641
3.60838
3.31765
-0.143185
6.18955
-0.566202
3.99748
3.15828
1.70328
2.59985
3.3333
0.299339
6.53827
-1.21338
3.69562
4.27435
-0.0493358
2.96723
6.70355
-4.42955
6.74783
3.57683
-1.35234
4.74228
4.29079
-1.9852
6.33293
1.03127
2.87396
1.9823
2.32295
3.16161
3.13603
-0.763438
6.55973
0.0217396
2.55062
3.0195
1.85833
2.59491
3.68022
-1.09647
6.78333
-0.92128
2.75027
5.23764
-0.54045
1.05575
7.3789
-2.85669
5.0042
3.32214
-1.04598
3.85136
5.36023
-2.87914
5.13861
2.16554
2.4708
1.13511
3.07348
1.98435
3.1393
0.0465493
5.45893
-0.387939
3.00613
3.08714
1.15806
1.63332
5.34501
-1.82691
4.80816
2.08099
0.38046
3.85332
3.42627
-2.36882
6.76196
0.503055
1.07627
4.13124
1.58637
-0.779409
7.05631
-0.646728
1.53926
3.1907
2.85729
0.285976
3.96262
0.444002
3.63481
0.639778
2.99589
1.76362
2.5788
0.732873
3.98481
0.287414
3.17526
1.16515
3.19002
0.682773
3.25298
0.872488
3.67869
0.0406863
3.36801
1.50064
2.57728
0.459727
3.82116
0.763045
2.86909
0.761897
3.41083
0.674395
2.74609
1.03337
3.56563
0.0863812
3.28205
1.10576
2.32319
1.37251
3.72263
-1.01272
4.34277
0.964948
1.48216
2.19029
3.03024
-0.844199
5.1707
-0.629924
2.32413
3.24959
0.575081
0.568056
5.77755
-2.49473
3.98056
2.37663
0.278417
1.8646
3.89676
-1.31356
4.52401
-0.254356
2.7052
1.94561
1.44971
0.814601
4.21217
-1.63314
4.55102
0.948151
0.542924
2.40972
3.35587
-1.51058
4.37038
0.86745
1.14069
1.33448
4.13848
-1.22787
2.25173
2.5117
2.59953
-1.9297
4.99187
0.67461
0.312065
3.00733
2.54293
-2.29908
6.10272
-0.464005
0.348706
3.80375
1.26051
-1.354
6.06227
-1.52891
1.60219
3.11666
0.358645
0.74706
4.58258
-2.66282
4.26735
1.30283
-0.0344323
2.26706
3.262
-2.37306
4.6899
0.336331
1.07214
1.66079
2.43031
-0.849979
3.34893
0.420029
2.42713
-0.447012
3.04796
0.866093
1.45985
0.224012
3.34336
-0.721262
2.87093
0.524161
2.09811
-0.438495
3.39327
0.285997
1.49051
0.309553
3.44792
-1.17964
2.95143
0.983374
0.838606
0.799866
3.30356
-1.63823
3.55106
0.202752
0.963686
1.6304
1.94952
-1.15867
4.44876
-1.66996
1.90362
2.62969
-0.150145
-0.572579
5.93205
-3.75158
2.58342
3.66948
-1.7713
0.189468
5.78491
-4.02795
3.39092
2.33278
-1.8142
1.84101
4.32006
-4.3386
4.69807
0.831549
-0.664879
1.96784
2.22954
-1.91217
4.1298
-1.37556
2.31268
0.806927
0.692044
0.547406
2.52084
-1.62017
3.67932
-0.67456
1.22685
0.827391
1.71957
-0.161332
1.78927
-0.410623
3.15125
-1.89224
2.91443
0.505333
-0.0589362
1.24337
2.65015
-2.81447
4.23295
-0.828742
0.630669
1.76554
0.835732
-1.12696
3.88804
-2.27652
2.76547
0.343816
-0.221027
1.7723
1.55904
-2.71319
5.23111
-2.01846
0.0486319
3.14972
0.0320466
-2.21798
5.41248
-2.75492
1.23118
1.83912
-0.123033
-0.23445
3.04894
-2.34873
2.93402
-0.695947
0.939421
0.825936
0.720013
-0.894879
3.36048
-2.00953
1.59855
0.173338
1.30023
-0.541204
1.4387
-0.487298
2.31661
-2.11535
3.08249
-1.2367
0.68104
1.6185
-0.336168
-1.38486
4.84242
-3.70817
1.81431
1.67928
-1.731
1.13038
2.49961
-4.15286
5.09186
-1.70726
-1.0459
3.25728
-0.822262
-2.15456
5.44815
-4.36925
1.90722
1.82558
-1.75103
0.346339
2.7833
-3.5725
3.41975
-0.755507
-0.339714
0.825491
0.955138
-1.80504
2.76193
-1.62979
1.18329
-0.557375
1.22014
-0.987953
1.46782
-1.27824
1.57127
-1.00729
1.3784
-1.34364
1.75565
-0.919014
0.664678
-0.854972
1.98564
-1.62695
1.14068
-0.641577
1.0494
-1.08545
1.54639
-1.67713
1.51749
-0.62722
0.253425
-0.712403
2.27076
-2.89348
1.99836
-0.352129
-0.412182
-0.380216
1.92535
-2.5846
2.40336
-1.78478
0.529013
0.530779
-0.430787
-1.33248
2.93342
-3.45644
1.84133
0.201699
-1.13997
-0.471524
2.12317
-3.08982
2.40964
-1.28286
-0.377044
0.426733
0.624412
-2.85348
3.28882
-2.42433
-0.173308
1.04141
-0.134904
-2.89723
3.50247
-2.46247
-0.178133
0.955941
-0.557983
-2.3119
3.25976
-3.00998
0.489763
0.460164
-0.457287
-2.13636
2.86146
-2.87759
0.464545
0.562449
-0.844195
-2.41144
3.69778
-2.96399
-0.737948
1.153
-0.28042
-2.83609
3.33106
-3.24998
0.216063
1.06574
-1.76451
-1.30398
3.05851
-4.57768
2.2119
-0.434756
-2.02479
0.281982
1.2911
-4.00119
3.10699
-2.4872
-0.361578
0.396508
-0.63311
-2.04775
2.00691
-2.86555
1.4743
-2.11239
0.400204
-0.384503
-1.02282
-1.60415
2.41412
-3.67643
1.10085
-0.798433
-0.784764
-0.960004
0.919318
-2.78343
1.68693
-2.55469
0.526377
-0.766916
-0.6618
-1.54875
1.25533
-2.51325
0.85821
-2.14532
0.818341
-1.54471
-0.561453
-1.03142
0.889344
-3.31273
2.10158
-2.46366
-0.756088
0.329466
-0.924072
-2.95834
3.48664
-4.46107
0.0952804
0.901759
-2.38029
-1.59393
2.95223
-5.24583
1.52878
-0.136109
-2.84087
-0.141861
1.55307
-4.99783
2.27162
-1.56954
-1.45803
-0.567656
0.190376
-2.93226
1.29219
-2.39863
0.232036
-1.87045
0.351018
-2.47571
0.331845
-1.37823
-0.248297
-2.69687
1.73026
-3.18479
0.0619444
-0.870219
-1.21177
-1.59279
1.23539
-3.99562
1.88505
-2.54088
-1.02234
-0.202914
-0.762612
-3.36164
2.49966
-3.61943
-0.179996
-0.744038
-0.885013
-2.08017
0.530398
-2.99752
1.35776
-3.33873
0.0368875
-0.709133
-1.46527
-2.22661
1.53742
-3.83382
0.362125
-1.54065
-0.555566
-1.97381
-0.0147694
-2.87259
1.20175
-3.30913
0.18511
-1.48104
-1.10571
-1.99403
0.899304
-3.59717
0.379961
-1.83761
-0.60628
-2.30869
0.340175
-2.61846
0.31605
-3.13268
0.529238
-1.84112
-1.42853
-1.58569
0.657104
-4.02136
1.128
-2.39828
-1.11284
-1.34674
-0.444466
-3.09974
1.46097
-3.97314
-0.251863
-0.619798
-1.92397
-2.30166
1.56419
-4.5477
0.410806
-1.22506
-1.6805
-2.54322
1.28457
-3.98331
0.249664
-1.57074
-1.77338
-1.98629
1.07386
-4.48406
0.752075
-1.91156
-1.60128
-1.77732
0.397341
-4.08627
1.01933
-2.70683
-1.45525
-1.17118
-0.552494
-3.5157
0.869701
-2.99849
-0.506546
-2.69161
0.298208
-2.97385
-0.710836
-1.75442
-0.555719
-3.52724
1.20785
-3.76329
-0.744128
-0.809993
-2.20816
-2.65805
2.08021
-5.81013
0.89471
-1.10678
-3.35607
-0.574831
0.0695169
-5.32002
2.31156
-3.52004
-1.59589
-0.694129
-1.69283
-3.19883
1.39483
-4.58877
0.237412
-2.14849
-1.50355
-1.86365
-0.801543
-2.98506
0.459871
-4.07949
0.285739
-2.27624
-1.54463
-2.34821
-0.0308781
-3.45008
-0.204093
-2.81883
-0.38197
-2.93507
-0.552791
-2.79812
-0.269422
-3.11022
-0.311925
-3.08939
-0.0573489
-3.28772
-0.496348
-2.15981
-1.43107
-2.85167
0.670751
-4.26149
-0.252676
-1.96701
-1.66693
-2.66992
0.40553
-4.40938
0.312362
-2.38357
-1.96201
-1.80794
-0.558461
-4.34912
1.42842
-3.93614
-1.6462
-0.801307
-1.62669
-3.87079
1.23208
-4.31755
-0.708915
-1.60566
-2.25838
-2.20811
-0.0141987
-4.69154
1.05176
-3.35313
-1.6447
-1.6993
-1.36048
-3.23723
0.303008
-4.0639
0.0967872
-3.009
-1.6106
-1.99763
-0.879683
-3.66122
0.295714
-3.907
-0.388635
-2.55484
-1.49791
-2.58253
-0.769712
-3.03455
-0.379611
-3.97337
0.134597
-3.15909
-1.23739
-2.36388
-1.20512
-3.31097
0.354994
-4.19589
-0.517112
-2.32025
-1.94596
-2.4042
-0.359163
-4.39107
0.465334
-3.28461
-1.62628
-2.01749
-1.24839
-3.72724
0.426266
-3.79217
-1.24901
-2.16551
-1.34569
-3.61899
0.382813
-4.16839
-0.658194
-2.29862
-1.89356
-3.06355
0.210798
-4.37825
-0.539135
-2.47784
-1.81529
-2.66813
-0.419985
-4.14598
-0.0303357
-3.49256
-0.95632
-3.02594
-1.06123
-3.01975
-0.924025
-3.3088
-0.257119
-4.3746
-0.0760329
-2.99297
-2.02174
-2.08481
-0.874558
-4.72961
1.06661
-4.17904
-1.78622
-1.19636
-2.5886
-3.28002
1.03628
-5.64592
-0.120069
-1.86782
-3.02865
-2.47186
0.085531
-5.07649
0.440933
-3.25228
-2.27086
-2.06872
-1.08844
-4.1434
0.19176
-3.95676
-1.12603
-2.57938
-1.57829
-3.26847
-0.445453
-4.2067
-0.429742
-3.04192
-1.76634
-2.81338
-0.872167
-3.99603
-0.0917319
-4.08968
-0.872529
-2.75782
-1.85061
-3.13783
-0.343996
-4.29498
-0.38059
-3.57394
-1.44837
-2.36563
-1.78962
-3.7712
0.244126
-4.55954
-0.857375
-2.54981
-2.09314
-3.14687
-0.496125
-4.05986
-0.639097
-3.78249
-0.635135
-3.66428
-1.46366
-2.52223
-1.32158
-4.47574
0.387169
-4.0665
-1.7161
-2.11413
-1.96522
-3.78806
0.215514
-4.69097
-0.750164
-2.81096
-2.24937
-2.91575
-0.252129
-4.87904
-0.468154
-2.87094
-2.34672
-2.78897
-0.41828
-5.10712
0.00584229
-3.14778
-2.37399
-2.54982
-1.05994
-4.51481
0.00793607
-3.82284
-1.84635
-2.3693
-1.63264
-4.03659
-0.0370082
-4.30759
-1.21895
-2.93036
-1.25659
-4.08371
-0.859659
-3.13009
-1.71078
-3.62455
-0.367019
-4.4632
-0.857359
-3.11341
-2.04048
-2.94682
-0.993134
-4.40175
-0.377912
-3.93904
-1.45466
-2.55171
-2.39611
-3.26952
-0.36258
-5.11668
0.0708887
-3.82442
-2.29109
-2.05891
-2.00163
-4.17394
0.181361
-4.98175
-0.811676
-2.8487
-2.45882
-2.84445
-1.19079
-4.70231
0.32142
-4.51681
-1.74596
-2.3149
-2.22516
-3.71639
-0.483564
-4.64503
-0.487154
-3.7122
-1.79104
-3.22304
-1.25356
-3.96906
-0.902617
-4.13858
-0.838023
-3.6211
-1.94454
-2.96122
-1.56145
-4.16136
-0.245064
-4.67963
-1.30512
-2.5007
-2.69771
-3.5068
0.0632475
-5.54721
-0.546093
-2.63153
-3.23413
-2.7215
-0.57689
-5.71307
0.582758
-4.12467
-2.77093
-1.72932
-2.33008
-4.57172
0.829534
-5.53701
-1.28481
-1.92909
-3.32427
-3.48568
0.189503
-5.51631
-0.874076
-3.14258
-1.9895
-3.54249
-1.36609
-3.93587
-1.083
-4.11119
-1.20111
-3.89741
-1.03928
-4.06614
-1.63613
-3.08953
-1.8345
-4.12958
-0.275839
-4.85167
-1.39365
-2.8582
-2.47073
-3.44413
-0.598749
-5.24404
-0.587906
-3.51966
-2.16461
-3.35562
-1.45029
-4.27843
-0.540058
-4.46698
-1.56279
-3.219
-1.7981
-4.18749
-0.71266
-4.33193
-1.5245
-3.26578
-1.94332
-3.99826
-0.676787
-4.69622
-1.07301
-3.3896
-2.58183
-2.96184
-1.14806
-5.3093
0.048418
-4.34039
-2.48479
-2.13792
-2.35532
-4.6795
0.432429
-5.26354
-1.65454
-2.73999
-2.48381
-3.59248
-0.949618
-4.78488
-0.956725
-3.92859
-1.46162
-3.90747
-1.70673
-3.67605
-1.56191
-3.98265
-1.26915
-4.50394
-0.68049
-4.24092
-2.24918
-2.63521
-1.98361
-4.85083
0.0621727
-4.99966
-1.86478
-2.44142
-2.76946
-4.10945
-0.183019
-5.18118
-1.43373
-2.99427
-2.56483
-3.83414
-0.706531
-4.97237
-1.06982
-3.5867
-2.41102
-3.33259
-1.20129
-5.33902
-0.470126
-3.7283
-2.64996
-3.12306
-1.43967
-5.0046
-0.402348
-4.44109
-2.03879
-3.21237
-2.09093
-3.90674
-1.07714
-4.89461
-1.00326
-3.93679
-2.23251
-3.41488
-1.55216
-4.65622
-1.07075
-3.9297
-1.9322
-4.32481
-0.853929
-4.26834
-2.22843
-3.11514
-2.01383
-4.68372
-0.374023
-4.93076
-1.79276
-2.92623
-2.84861
-3.6431
-0.81367
-5.5522
-0.533741
-3.88458
-2.98903
-2.75432
-1.71331
-5.17137
-0.39013
-4.69379
-1.91689
-3.08156
-2.40024
-4.26682
-0.683418
-4.90446
-1.51932
-3.47969
-2.51515
-3.68612
-1.17862
-4.96203
-1.20194
-3.7979
-2.3936
-3.62072
-1.501
-4.93783
-0.729483
-4.2798
-2.36076
-3.30115
-1.87032
-4.66559
-0.77136
-4.62246
-2.04302
-3.47063
-1.71472
-4.64527
-1.40485
-3.83233
-2.14019
-4.20189
-1.02693
-4.8554
-1.54224
-3.39548
-2.89409
-3.60639
-0.766301
-5.95273
-0.295625
-4.05283
-3.36274
-2.21283
-2.19522
-5.63039
0.490232
-5.42228
-2.21463
-2.3077
-3.54497
-3.74953
-0.332187
-6.20721
-0.691543
-3.6236
-3.23223
-2.9052
-1.77181
-5.25854
-0.465871
-4.77802
-1.96517
-3.69205
-2.11244
-4.11835
-1.40914
-4.89419
-1.12889
-4.1906
-2.38821
-3.67176
-1.62466
-4.78996
-1.25006
-4.19266
-2.21341
-3.83519
-1.68251
-4.74827
-1.36567
-4.22643
-1.90014
-4.15276
-1.68388
-4.43908
-1.65509
-4.22208
-1.76442
-4.41274
-1.43986
-4.54418
-1.8736
-3.52466
-2.5514
-4.39323
-0.773954
-5.2913
-1.53436
-3.45232
-3.28731
-3.25763
-1.1868
-6.24985
-0.1346
-4.23613
-3.49585
-2.45453
-2.12513
-5.74274
0.0673978
-5.11837
-2.41666
-2.91856
-2.87399
-4.24469
-0.872861
-5.24968
-1.88703
-3.54488
-2.23862
-4.63307
-1.31497
-4.28255
-2.24166
-4.09503
-1.59052
-4.86273
-1.43829
-4.16831
-2.20457
-4.16263
-1.71238
-4.61194
-1.36024
-4.63014
-2.07734
-3.70481
-2.17157
-4.66153
-1.09487
-4.68212
-2.35552
-3.29805
-2.40674
-4.83528
-0.545213
-5.23893
-1.98899
-3.4026
-2.81227
-4.11606
-1.09137
-5.54549
-0.925476
-4.20153
-2.93577
-3.01485
-2.42907
-5.03538
-0.325527
-5.42172
-1.99501
-3.2274
-3.1668
-3.57924
-1.66231
-5.45228
-0.610415
-4.83367
-2.43746
-3.34132
-2.63044
-4.25646
-1.28803
-5.26014
-1.0215
-4.7554
-2.27032
-3.28755
-2.89955
-4.21041
-1.21772
-5.28802
-1.23359
-4.52777
-2.36281
-3.43814
-2.79837
-4.25961
-0.91937
-5.8704
-1.05326
-3.85458
-3.3339
-3.3218
-1.63821
-5.73788
-0.483348
-4.80032
-2.8884
-2.96985
-2.49542
-5.19714
-0.425295
-5.30015
-2.57242
-2.58602
-3.07973
-4.97313
-0.228003
-5.79112
-1.97326
-2.99368
-3.41354
-4.17283
-0.644325
-6.14877
-1.07186
-3.85004
-3.32747
-3.45071
-1.81125
-5.28804
-1.03372
-4.78371
-2.21665
-3.86637
-2.22154
-4.322
-1.94998
-4.58154
-1.59107
-4.85077
-1.72641
-4.14911
-2.52785
-4.12897
-1.76681
-4.73156
-1.57434
-5.1331
-1.33805
-4.18831
-2.93785
-3.51541
-1.99922
-5.26273
-0.93362
-4.8364
-2.60835
-3.25733
-2.62856
-4.76115
-1.07646
-5.28527
-1.76934
-4.00276
-2.57235
-4.06324
-1.90463
-5.00423
-1.36579
-4.5364
-2.40599
-4.05929
-2.01562
-4.87203
-1.27521
-4.84218
-2.32986
-3.68834
-2.72792
-4.41538
-1.21323
-5.44391
-1.82221
-3.73478
-2.79736
-4.21116
-1.60298
-5.35085
-1.23506
-4.61101
-2.43625
-4.02108
-2.19048
-4.41525
-2.09407
-4.56473
-1.57927
-5.21969
-1.36785
-4.28878
-3.11891
-3.27713
-2.32221
-5.52771
-0.269825
-5.59779
-2.37881
-2.69999
-4.00956
-4.06428
-0.301434
-7.12158
-0.390572
-3.93555
-4.21529
-2.395
-2.24252
-6.10824
-0.00758723
-5.2776
-2.76668
-2.9873
-3.0943
-4.51554
-1.008
-5.50886
-1.67114
-4.30239
-2.47276
-4.0447
-2.12058
-4.75507
-1.71086
-4.5275
-2.05032
-4.72691
-1.74434
-4.53932
-2.10786
-4.38737
-2.16903
-4.50729
-1.78229
-4.79876
-2.00274
-4.14509
-2.47808
-4.46052
-1.56629
-4.97686
-1.94146
-4.20035
-2.31175
-4.67336
-1.47649
-4.99594
-2.06702
-3.84118
-2.72909
-4.45098
-1.34665
-5.51654
-1.50824
-4.11882
-2.97462
-3.77532
-2.05928
-5.19459
-1.15489
-5.05025
-2.25211
-3.57583
-3.00308
-4.42167
-1.24961
-5.56126
-1.46622
-4.38117
-2.55841
-4.06626
-2.14828
-4.62137
-1.71961
-4.89275
-1.927
-4.44065
-2.17318
-4.37656
-2.02145
-4.63717
-2.05607
-4.68664
-1.60128
-4.75524
-2.21366
-4.17356
-2.27797
-4.51524
-1.79641
-4.96127
-1.5501
-4.70033
-2.3752
-4.1126
-2.00039
-4.9303
-1.71989
-4.52532
-2.35519
-4.03566
-2.27706
-4.90214
-1.25668
-5.02223
-2.30671
-3.49329
-3.0154
-4.86667
-0.484148
-5.82925
-2.20201
-3.03815
-3.67352
-4.09673
-0.975398
-6.37984
-0.802819
-4.22726
-3.47996
-3.04602
-2.69233
-5.21319
-0.536389
-5.71333
-2.04984
-3.51505
-3.33005
-3.95407
-1.72154
-5.49175
-0.972089
-5.21852
-2.20382
-3.64473
-3.06163
-3.90482
-1.93748
-5.59177
-0.798683
-5.14256
-2.46761
-3.47004
-2.96096
-4.48102
-1.19222
-5.80071
-1.42306
-3.96557
-3.33655
-3.76193
-1.63041
-5.59735
-1.32864
-4.55056
-2.40874
-4.38438
-2.03835
-4.6895
-1.84993
-4.67284
-2.11623
-4.39751
-2.29882
-4.35759
-1.9857
-5.03293
-1.29329
-4.99138
-2.40087
-3.60788
-2.76939
-4.78114
-1.01707
-5.53094
-2.10733
-3.48852
-3.22834
-4.31495
-1.22479
-5.89649
-1.11833
-4.35939
-3.00404
-3.701
-2.33663
-4.91142
-1.33048
-4.99833
-2.32009
-4.19014
-2.01205