
15.8608
144.582
295.868
390.798
513.672
563.738
597.199
593.475
517.536
445.872
293.635
201.439
174.581
324.57
429.202
555.215
593.259
606.196
552.723
425.329
306.168
144.581
133.649
287.383
393.015
468.956
502.1
442.171
378.401
228.803
98.5984
165.437
303.864
406.871
513.674
532.411
555.446
537.57
491.601
496.177
477.751
491.27
518.218
488.817
484.457
432.542
368.31
351.942
324.465
341.309
376.547
353.36
347.313
308.785
264.673
295.392
331.641
382.347
448.893
445.608
451.949
418.858
363.015
340.042
296.701
293.912
309.413
284.697
285.738
232.542
155.611
85.0528
86.6202
150.066
237.014
266.714
292.808
286.758
228.663
197.972
168.584
180.089
236.896
246.308
259.381
243.474
188.578
153.68
83.0921
61.2918
107.565
129.523
152.22
161.597
122.419
123.031
133.508
150.59
208.828
221.048
231.373
230.233
182.672
164.429
120.187
101.521
136.942
139.127
139.614
129.98
74.3695
53.2194
31.4817
51.4884
90.6427
107.766
91.7695
97.1839
53.7678
51.7764
15.389
5.76002
48.1406
71.9491
77.6108
88.91
51.9492
63.5453
38.173
54.346
22.1384
33.3852
7.41231
37.1729
18.6842
26.497
14.9407
37.0461
30.0219
44.3682
7.41194
30.1321
21.0141
43.9356
17.5304
22.1217
13.9277
24.1943
23.0793
43.5029
22.0458
41.4853
15.9694
16.2618
7.01499
23.2422
17.4376
47.4439
29.8191
35.6776
26.3339
1.49181
24.1344
28.6404
33.1964
57.9103
38.2297
48.5047
43.3328
25.1684
49.2314
61.2085
44.8917
56.5229
38.8139
15.1327
33.0218
37.1019
17.6036
28.7259
10.2
10.0608
15.8095
27.472
17.6436
35.0038
9.84733
12.0249
16.432
25.6168
24.375
43.3682
16.3626
26.6359
10.9745
9.84147
14.0427
32.8419
10.0612
23.6573
2.91198
22.4728
6.64718
27.0147
21.6638
11.7571
28.9738
44.1048
25.3276
45.0577
28.4813
18.525
30.8584
32.7335
31.5703
53.7354
32.2274
27.173
25.1981
16.7429
14.5455
30.5712
9.19245
33.0655
17.892
29.4069
23.7411
4.61158
20.4375
32.8853
19.3705
41.8367
24.0344
26.0829
22.9717
11.1147
14.7854
34.1278
16.3339
35.9891
25.9231
19.6589
27.8718
15.3051
23.5768
42.2667
29.8224
46.8997
36.1019
11.6627
23.7768
23.3737
14.1765
35.6184
18.7009
29.1794
23.4202
4.47132
13.5499
26.417
6.90643
27.529
13.1567
15.7089
8.79397
17.6188
11.9604
4.82383
19.3094
29.5616
24.0681
46.7562
32.3374
20.2447
26.5543
17.8857
18.3083
38.4174
23.1216
37.7641
30.8887
14.3553
30.7748
35.1522
27.6531
47.1084
30.2256
22.8727
23.77
7.92286
11.6985
25.7293
7.0403
26.181
12.9214
21.4391
15.907
7.37909
6.40543
22.068
7.47633
24.8026
13.8752
21.6623
23.5028
7.13182
23.8739
36.1012
24.9076
39.8338
32.2694
14.7284
26.5411
22.3238
18.0087
39.304
26.1853
23.9703
26.8258
9.69058
17.378
35.0933
21.8032
26.5959
22.1905
5.75346
3.34039
21.5368
13.8504
7.61375
10.1984
20.0541
8.47726
22.2616
16.5842
7.31952
9.80576
12.7007
1.49841
22.7979
14.7114
20.2048
22.0102
7.49891
6.59884
23.3937
11.0857
18.6263
16.9123
6.32346
13.9426
14.0808
2.21627
22.2578
13.4578
15.2371
17.8841
3.7558
10.5693
22.8732
10.5435
28.0237
23.9918
15.6199
26.0944
20.3643
15.3313
35.2247
25.0358
23.6171
27.4174
8.07432
14.433
26.2698
13.6745
24.1071
19.4286
6.65942
12.5923
10.4849
2.55639
17
7.64673
15.9467
11.4076
12.9228
14.131
5.15005
10.7276
15.9298
6.0594
23.9595
20.729
13.1367
21.9639
13.1762
7.67162
25.8002
16.6769
17.7217
20.9046
2.36665
8.43831
18.0959
8.10131
14.1189
9.98672
13.4354
14.3604
6.58897
13.4658
8.82518
2.47438
19.2888
12.029
15.0476
16.6246
3.87105
12.4146
10.0439
2.27016
20.0143
12.5854
16.9335
19.0906
2.3624
13.3233
14.458
3.70514
24.1788
19.3808
20.5407
26.4062
8.3373
14.5888
23.8399
13.8845
26.4359
25.1836
10.4654
20.1106
15.0279
6.69707
24.4194
17.7822
15.855
20.1109
0.888366
10.9969
13.9176
3.46042
20.4443
17.5001
12.3521
17.7239
3.35716
8.08958
13.8407
5.33851
18.28
17.5622
9.42411
18.0562
8.60736
5.22454
21.0301
14.3049
17.75
20.8588
4.46793
15.023
14.0594
5.89119
23.5738
22.1804
11.8333
19.5154
10.4523
2.18684
18.2097
13.723
14.1334
19.6757
3.20613
7.02231
14.1903
8.71503
11.2196
13.0349
4.5845
8.35248
10.2485
9.52618
7.65355
11.0842
7.81065
5.17632
13.1008
15.2205
4.0636
12.4789
11.0927
2.98553
15.1592
13.5833
9.86887
16.7979
2.86772
8.00173
16.8744
11.1294
15.7627
19.1931
1.92937
10.6593
10.7136
3.62774
14.7034
14.9941
6.87493
13.6204
6.47934
5.34309
9.57681
8.72355
9.012
12.3778
3.34956
9.1669
9.81222
6.53437
11.9134
15.3772
1.11668
8.91388
11.7566
7.82283
12.7625
16.8488
1.68024
10.4224
10.3547
4.69967
12.7957
14.149
5.77103
13.3894
5.37162
3.90949
11.7445
11.2547
6.81192
11.905
3.74809
8.5954
7.17709
7.65358
7.82288
11.1047
4.21818
6.71896
9.31294
12.8175
2.45042
10.1793
7.98266
4.68222
10.5564
11.9414
5.28271
12.0272
1.6527
7.8624
11.9868
8.4276
12.1213
16.4925
2.79673
12.3111
8.68864
1.71558
12.7092
12.0618
8.58601
15.6904
1.98755
10.4742
11.7352
5.20131
14.6109
17.5916
5.12706
13.0908
7.22039
3.28191
11.5967
9.59669
10.455
15.8002
2.40473
12.2746
8.56736
0.518197
14.2928
14.7907
8.64078
16.8583
6.67722
3.93405
14.0363
11.9872
9.30289
14.9144
2.22241
7.34387
5.29599
7.53074
7.35143
7.76786
7.8785
12.8641
1.73691
9.86171
5.42184
5.54109
7.9078
10.6888
4.24201
11.1825
2.21916
7.78471
6.48189
6.71813
6.75554
9.7762
4.2999
9.92333
3.65425
9.70293
3.17391
6.35768
8.32641
8.75656
7.55997
14.462
3.56047
4.53958
8.50844
9.65788
4.00237
8.00739
5.87601
12.4933
0.999901
7.72963
8.95911
6.45143
8.49467
12.7161
2.18233
10.7095
3.92136
5.38868
7.75043
8.70053
6.04938
12.775
1.26982
7.34072
7.1037
6.83886
5.65423
9.63421
3.76471
9.34845
2.54024
7.98214
5.10233
8.37593
3.21106
6.00633
7.8639
10.7322
4.63774
12.5504
5.09877
3.15838
8.9328
10.5691
4.60149
11.9624
0.533406
9.46572
8.16706
3.4797
10.9978
15.1436
5.43679
13.1244
7.84368
2.5257
8.52647
10.9032
3.39128
10.9654
1.91112
7.55905
4.83148
5.19221
7.58369
11.2671
4.67934
13.0423
5.55333
3.40907
7.36453
9.21373
2.89032
8.53768
3.59727
9.37854
1.50425
7.18858
6.30375
6.32782
6.62135
12.5699
1.93229
10.0126
5.91187
3.71939
7.62139
8.4378
7.00213
14.7031
4.23111
10.1342
10.7105
5.01233
12.2754
17.4212
6.92093
12.8515
10.378
2.26448
10.7347
13.0253
6.02156
14.0537
6.1612
2.66561
8.47773
9.91562
2.80477
9.73639
3.28015
5.76472
4.70726
9.3974
1.90053
5.84173
5.95301
9.2819
3.13602
11.0023
4.53322
3.5
6.97811
9.79569
2.57382
9.93284
3.33488
5.09042
5.56787
9.53629
2.24131
10.1433
3.4652
5.10026
5.50584
8.21786
2.92481
9.95009
2.94905
5.75549
4.04792
7.86816
2.83201
7.90139
2.62123
8.8934
0.971093
7.50069
4.81039
5.94396
4.17177
8.79373
2.31936
10.1345
1.70103
6.74085
6.34377
5.86525
5.88696
12.8165
3.56052
6.9576
8.33382
7.11994
5.34113
11.6536
2.62528
5.26601
4.75739
8.6889
0.786868
8.32204
4.82346
4.6687
5.3652
10.8658
1.10894
8.47478
5.4763
3.64657
6.35633
10.6027
2.73403
11.0601
5.31595
3.09317
7.80802
7.92486
5.72156
13.013
3.67056
7.82391
7.54963
4.66129
6.68939
12.1583
3.00102
10.0883
6.19333
2.31131
6.9312
9.5175
3.06881
10.9196
2.9125
5.69909
5.90268
6.49161
3.41293
9.26289
0.472523
7.98066
3.73228
5.07738
3.95273
8.36157
1.43432
7.65773
1.95858
8.13362
1.2672
6.84064
4.44817
5.4279
4.00824
9.9579
1.03858
7.0831
4.44887
5.91812
2.98749
8.22055
1.14032
8.11608
2.298
6.02325
4.10374
6.35762
3.01415
9.85301
2.30608
5.3627
4.77502
7.77127
1.91774
9.81257
4.23403
3.70825
4.98575
8.62345
0.326186
7.52379
3.60447
6.17685
2.16833
8.11198
2.22724
6.23863
2.98255
7.37155
1.08825
8.50522
3.75143
4.01061
5.03743
9.11414
1.7761
9.74197
4.4268
3.67203
5.18318
8.14894
1.35074
9.03591
3.0532
4.88543
4.66718
6.943
2.08683
8.90756
1.88821
5.78868
3.92048
7.54654
0.529811
7.93615
3.34835
4.82263
4.34166
7.69272
1.98026
10.1121
4.47784
3.32466
6.04977
8.2974
2.30896
9.99463
3.79851
4.38006
4.79463
6.33869
2.85668
8.94466
0.705232
8.10249
4.00124
4.63029
3.66596
7.27969
1.45278
8.78713
2.0174
6.24363
4.33426
4.87118
3.63981
8.69034
0.362257
8.49542
3.16362
5.00567
4.56563
6.02702
2.63012
8.07316
0.541915
9.05573
3.83702
4.24549
5.72912
6.63245
3.90616
11.9434
4.81128
6.77243
7.67754
4.71712
4.97172
10.6242
1.98754
7.53275
4.0875
5.3228
3.12874
5.54141
3.28764
8.71044
0.817837
8.3087
4.32006
4.29369
3.89801
6.26541
2.60701
8.95283
1.10057
8.52634
4.74885
3.22778
6.43346
8.20024
3.18568
10.9081
4.34095
5.28488
6.50186
5.34576
4.30424
11.0701
3.28521
5.90983
4.23897
6.18753
2.10138
6.0719
2.52093
7.54689
0.576914
7.84801
3.64086
4.47541
4.34631
6.61811
1.75532
9.31861
2.99827
5.69765
5.1641
4.61125
3.85334
9.97756
2.36948
7.79879
5.48047
3.47086
4.46091
8.67402
1.48317
9.01068
5.13163
3.56239
3.54977
7.68709
1.2383
6.96199
2.23649
6.45154
2.64134
5.7175
2.86598
6.75595
1.37172
7.17139
2.43137
6.02979
2.38401
6.66023
2.08418
6.4679
2.0217
7.03133
2.37253
5.81176
3.00348
6.62466
1.53155
6.66966
2.73134
6.26494
2.066
6.57466
2.55597
6.10707
1.96841
7.07652
2.34598
5.99212
2.87351
6.06857
1.84336
7.94537
2.16656
6.15685
4.05152
5.10626
2.509
8.09141
1.26457
7.4299
4.20299
3.96424
4.55201
7.41356
1.13246
9.4805
4.16424
4.7769
5.21062
5.80657
1.86833
8.6703
2.1376
6.74116
3.63498
4.89991
3.69225
6.5186
1.01096
8.23331
2.82808
5.96814
4.97712
4.6629
2.55216
8.53751
2.31103
6.15287
4.30996
5.39603
1.60727
8.0796
3.59339
4.361
3.31819
8.37059
2.33709
6.36894
5.2619
4.28433
3.19081
9.12472
2.34118
7.53247
6.00681
3.02146
4.29265
8.7804
1.41184
8.37143
5.39334
3.18366
4.55
7.18385
0.796062
9.10403
3.7582
5.35618
5.28284
5.05517
2.33301
9.06008
2.84585
6.25171
4.74805
4.81321
2.53527
7.48985
2.0532
6.11936
3.04446
6.46038
2.43163
5.75063
3.51413
6.24952
1.45544
7.11414
2.84116
5.7633
3.08372
6.4319
2.04548
6.21621
3.6222
5.84917
1.59247
7.23864
3.26438
5.19756
4.02379
5.83957
1.41046
7.84807
3.00105
5.71762
4.28878
4.8869
2.56386
7.7123
1.60743
7.36581
4.625
3.66488
4.54112
7.70301
1.06332
9.44627
6.12412
2.85011
6.43745
7.85607
1.73032
10.0167
5.76628
3.83459
6.31057
6.22489
2.08753
10.3267
4.95297
5.36455
6.1372
4.74935
2.26999
8.3832
2.34583
6.80888
4.22971
4.65641
4.03702
5.7555
1.72056
7.42999
2.64293
6.18808
4.43943
4.6736
2.86628
6.40937
2.53893
6.3454
1.89977
7.15667
3.67868
4.97474
4.63994
5.28969
1.65794
8.54249
3.37265
6.08213
5.22937
3.94034
3.31253
7.44989
1.45021
7.4526
4.33646
4.64748
4.89146
4.79294
2.39294
8.58943
2.80254
7.28565
6.37883
2.52917
4.27775
8.78234
2.24284
8.08041
6.06031
2.94529
4.38357
6.71254
0.964646
7.67922
3.72876
5.3649
4.40595
4.59482
3.16951
6.73384
1.58427
7.15453
4.39181
4.5398
3.30778
5.99022
2.81187
5.97187
2.2818
6.95473
3.40329
5.64523
4.86656
3.81957
3.78587
7.51791
1.39017
8.36511
6.1923
2.76609
5.54132
6.15771
1.14227
9.29486
4.37911
6.40359
7.10448
2.64248
4.29457
9.00539
2.37953
8.85156
6.73752
2.50145
5.7256
6.46682
0.415384
8.48946
4.33599
5.12088
5.41507
4.37178
2.46352
7.1692
2.5113
6.21946
4.16634
4.94244
3.14899
5.79725
2.99345
5.86687
3.16617
5.56558
3.2498
5.75727
3.18159
5.44576
3.72423
5.44747
2.45869
6.17779
3.83556
5.01803
3.15914
5.80052
2.89826
5.98629
3.49067
5.07065
3.66479
5.64809
1.88687
7.06081
4.33338
4.38171
4.45836
5.42293
1.65463
7.06984
3.73538
5.37066
4.73081
3.94196
3.58342
6.66367
1.6166
7.29587
5.07278
3.66437
4.83916
5.84472
1.15942
7.35063
4.14785
4.88783
4.92871
4.37492
2.39819
7.39647
3.20454
6.02548
5.66051
3.31987
3.19057
7.59049
3.04963
6.15025
5.76586
3.29535
3.39
7.30718
2.41844
6.65884
5.47544
3.33581
3.63287
6.78452
2.41478
6.37641
5.28731
3.35084
3.75325
7.03699
2.46434
6.6486
6.27451
3.02995
2.97213
7.62138
2.95512
6.42158
5.90748
2.65712
4.23536
7.07132
1.30752
7.99102
5.72676
3.51754
5.60143
5.21543
0.971527
8.06855
4.36435
5.34046
5.77572
3.33601
3.30394
6.71079
2.39167
6.28101
4.29321
4.80506
4.47783
4.03122
3.78018
6.12998
1.83128
6.87835
5.2292
3.58389
4.30188
5.22001
2.15234
6.44948
3.67885
5.25868
4.61036
3.9622
3.83079
5.61494
2.36757
5.99839
3.93481
5.00287
3.81078
4.71096
4.04709
4.99763
2.2041
6.60745
4.01874
4.94112
5.37934
3.54667
2.9055
7.27127
2.97288
6.8369
6.76202
1.79091
4.54723
6.98067
1.61688
7.82913
6.49293
2.45891
5.61822
5.76607
0.314485
8.17966
5.51293
3.84236
5.43336
4.47698
2.11821
6.49314
3.57157
5.07385
4.18831
4.68748
3.4697
5.26181
3.83591
4.48035
3.34801
5.85493
3.21828
5.4674
5.09117
3.51351
3.73101
5.64877
2.00197
6.67121
4.69482
4.38731
5.42078
3.63231
2.70275
6.89917
3.47953
5.67756
5.76469
3.06476
3.58917
5.67025
2.82429
5.69452
3.7856
5.10929
5.11765
3.20757
3.83934
5.96481
2.46781
6.08784
5.14716
3.51431
3.83385
5.03726
3.13948
5.51556
3.53801
5.14067
4.87321
3.59901
3.9619
5.19316
2.60048
5.81326
4.7369
3.78751
3.90978
4.97324
3.24335
5.03849
3.80236
4.96535
4.2647
3.88695
4.34259
4.88564
2.18868
6.24797
4.73293
3.90546
4.84794
4.15621
2.73963
5.85676
3.50138
5.30142
5.59664
2.64132
3.79285
6.03462
2.38849
6.2832
5.6519
2.82182
4.16741
5.6063
2.76144
5.61432
5.21995
3.18127
4.22802
5.21764
2.23822
6.18017
5.3469
3.15376
4.60467
4.71567
2.39156
5.94437
4.74799
3.78893
5.08387
3.85179
2.50622
5.98692
3.92226
4.51107
4.53553
4.30686
3.62479
4.51369
4.46537
3.9248
3.07767
5.60883
3.92578
4.6396
5.50052
2.77787
3.51723
6.16214
2.65814
6.60485
6.80601
1.6752
5.51027
5.25545
0.780338
7.45039
5.44363
4.11228
6.20824
2.99203
2.92405
6.16503
3.27281
5.49211
5.67733
2.7482
4.49885
4.23708
2.91655
5.24469
3.43527
5.06851
4.94298
3.20301
4.41618
4.52888
2.95884
4.99984
4.31133
4.01355
3.92417
4.32067
3.98933
4.26196
3.69054
4.48407
4.03413
4.27077
3.98176
4.21436
4.44702
3.56359
3.75336
4.9357
3.14463
5.06787
5.29035
2.86186
3.94475
4.89576
2.98461
5.20892
5.16184
2.90026
4.6425
4.29744
2.43644
5.79204
4.56342
4.03486
5.96259
2.75375
2.71513
6.12346
3.95749
4.57357
5.71677
2.4554
3.87246
5.03921
2.41582
5.74919
5.01671
3.41824
5.38485
3.35879
2.94866
5.19995
3.5003
4.67747
4.83226
3.29068
4.69924
3.73905
2.84503
5.15529
4.01587
4.2033
4.89054
3.07483
4.13393
4.1749
3.26504
4.49635
3.62962
4.64736
4.51801
3.42476
4.58581
3.63508
3.36247
4.74784
3.61749
4.44862
5.17096
2.78079
4.04997
4.4468
2.76584
5.19833
4.7715
3.27049
4.94296
3.49674
2.9677
5.09968
3.96286
4.00622
5.02908
3.22943
3.21458
4.96989
3.83792
4.21975
5.13713
2.79004
3.85307
4.69214
3.26048
4.60981
5.17537
2.74336
3.96644
4.34315
3.01567
4.84531
4.58443
3.48645
4.54699
3.52807
3.90494
3.915
3.69325
4.20843
3.76682
4.37764
4.95641
2.78954
4.61657
3.80583
2.58637
5.4137
4.87807
3.40509
5.90725
2.52453
3.01106
5.67808
3.28009
5.26522
6.3738
1.4161
4.46074
4.987
2.5044
5.30644
5.44955
2.58998
5.12421
3.63945
2.61824
5.02083
4.36841
3.58266
4.99194
2.95997
3.63809
4.32906
3.59832
4.226
4.75388
2.92404
4.27649
3.89506
3.24078
4.49287
4.31854
3.63048
4.92884
2.82052
3.93641
4.20612
3.38539
4.28972
4.82287
3.03515
4.64003
3.11591
3.30846
4.78903
3.87794
4.00572
5.36398
2.41804
3.89214
4.34338
3.35036
4.21321
4.54051
3.44184
4.3868
3.28865
4.55261
3.18232
3.19766
4.77833
4.63031
3.12809
5.3311
2.77979
3.11413
4.85503
3.86072
3.9995
5.40676
2.32823
4.13769
4.09405
3.06333
4.5008
5.36624
2.23599
4.28821
4.07413
2.93842
4.71662
5.43631
2.13872
4.74878
3.73819
2.87984
4.61534
4.72975
2.88325
4.97519
3.04557
3.04659
4.64034
4.16428
3.54541
5.07521
2.76121
3.65486
4.0018
4.49954
2.90076
3.97084
3.98119
3.83718
3.72057
5.06487
2.49656
4.19315
3.71546
3.25335
4.25198
4.69143
2.91328
4.82198
2.73187
3.57622
4.50221
3.32156
4.47372
5.39068
2.32185
5.20236
3.07625
2.7227
4.9674
4.20507
3.74555
5.60299
1.9636
4.16485
3.98034
3.04075
4.56344
4.80084
2.99045
5.56768
2.44675
3.25938
4.53385
3.79222
3.84496
4.99623
2.55874
4.62933
3.23585
3.63292
3.72801
4.30016
3.28181
4.58879
2.74123
4.48436
3.28759
3.37041
4.14896
4.2934
3.29345
5.35154
2.14153
3.63119
4.57479
3.51087
4.21367
5.98765
1.36061
4.3365
4.47999
2.72654
4.91259
5.82462
2.01703
5.7355
3.11868
2.33432
5.27198
4.57422
3.62049
6.37329
1.47251
3.64863
5.07149
3.49664
4.25165
5.97338
1.76851
4.09567
3.56037
3.84577
3.48264
4.22499
3.23812
4.4942
2.99136
4.28532
3.01008
4.63013
2.82484
3.58295
3.98768
4.21476
3.24016
5.45525
2.12158
3.74095
4.05589
3.49006
3.99486
5.5129
1.88398
4.47131
3.37405
3.61487
3.68683
4.43373
2.91664
5.0614
2.53558
3.75226
3.71809
4.33949
2.87632
4.87387
2.57333
3.8144
3.70748
4.11369
3.15791
5.11923
2.11508
4.2893
3.60628
3.05356
4.30708
5.40188
2.01903
5.4484
2.81174
2.65439
4.84685
4.67963
3.07902
6.01964
1.95271
3.58966
3.93856
3.66139
3.58083
5.02717
2.36125
4.42798
2.85658
4.34514
2.98361
3.987
3.2476
4.21165
3.1866
4.71442
2.35889
4.99966
2.78837
2.9907
4.38873
4.86895
2.58898
5.75654
2.08977
3.28705
4.45703
4.11015
3.20827
5.66845
1.89112
3.77135
3.93202
3.86356
3.29694
5.27847
1.97818
4.31032
3.38841
3.43241
3.84427
5.46737
1.571
4.7043
3.36198
3.24044
3.87542
5.08997
2.12627
5.15519
2.57348
3.62896
3.53253
4.00437
3.24055
5.12633
2.04811
4.57501
3.02027
3.60876
3.46911
4.81056
2.30357
4.39797
3.17194
4.4513
2.34601
4.87669
2.79772
3.38809
3.86947
4.71273
2.44213
5.49588
2.06515
3.62669
3.98883
3.64652
3.60841
5.70568
1.34388
4.90254
3.38047
2.84127
4.13602
5.2021
2.05797
5.27033
2.26606
3.55949
3.77738
4.28882
2.70844
5.27949
2.02058
4.05048
3.43429
3.73857
3.22367
5.15644
1.96754
4.3402
3.20286
3.71171
3.37029
5.02532
1.91876
4.89403
2.83998
3.48164
3.53106
4.71848
2.29063
5.07924
2.50872
3.6945
3.22212
4.79778
2.23133
4.19364
3.18972
4.26372
2.63853
5.15062
1.9663
3.96779
3.74338
3.60683
3.60297
6.05881
0.859163
5.21697
3.49487
2.28709
4.72195
5.64068
1.97536
6.22183
2.21474
3.17569
4.61322
3.8206
3.63628
6.37411
0.826246
4.64485
3.56717
2.93251
3.94722
5.27027
1.89733
5.24505
2.32577
3.97514
3.04914
4.19854
2.81211
5.02826
1.85206
4.66762
2.86712
3.77153
3.02791
4.90108
2.02011
4.56916
2.79492
3.94952
2.96671
4.85623
2.12074
4.49986
2.61943
4.30776
2.63322
4.60078
2.40845
4.41312
2.61754
4.54865
2.3083
4.81015
2.2383
3.84843
3.5062
4.39564
2.44
5.56521
1.66153
4.10479
3.75585
3.26432
3.82474
6.27572
0.548827
5.32244
3.5605
2.47929
4.30938
5.74668
1.40384
5.78771
2.43088
3.308
3.7874
4.24521
2.54343
5.49457
2.04286
3.79322
3.17469
4.67131
2.03972
4.55332
2.77499
4.15363
2.6562
4.96212
1.91705
4.4423
2.73916
4.23742
2.57816
4.6952
2.08243
4.8835
2.33143
3.87206
3.05009
4.68609
1.91361
5.01228
2.5007
3.4403
3.52364
4.8364
1.91573
5.57717
2.03615
3.74236
3.45246
4.1166
2.66498
5.63074
1.1082
4.81915
3.03483
3.09061
3.72411
5.04406
1.78176
5.80944
1.99622
3.70878
3.61049
3.57962
3.26283
5.45792
1.30041
5.28005
2.48919
3.52894
3.35402
4.25647
2.56343
5.31651
1.46289
5.11783
2.31466
3.55897
3.55088
4.21388
2.53441
5.35983
1.53847
4.84863
2.46441
3.61404
3.47736
4.27461
2.58957
5.95699
1.06213
4.48776
3.49898
3.32476
3.30396
5.741
0.915788
5.36238
2.89598
3.04884
3.63199
5.20726
1.40284
5.72684
2.58571
2.8166
4.14656
5.05071
1.85992
6.08545
2.00809
3.43895
3.97199
4.26225
2.59417
6.24473
1.08474
4.48189
3.44791
3.4509
3.00216
5.29412
1.42631
5.02931
2.28954
3.97642
2.65399
4.36124
2.44683
4.61144
2.09219
4.93884
1.87665
4.33961
2.79116
4.13907
2.41612
4.76314
2.09505
5.19346
1.40572
4.5587
3.02666
3.52135
2.97828
5.26412
1.26776
5.15692
2.6139
3.34309
3.34605
4.76957
1.86363
5.39902
1.79466
4.19836
2.79617
4.07356
2.5499
5.01719
1.59727
4.71987
2.53113
4.08649
2.53593
4.88076
1.59838
5.03973
2.35086
3.79814
3.12319
4.4245
2.04831
5.53275
1.82244
3.92779
3.08982
4.21359
2.38625
5.36404
1.34141
4.82485
2.4862
4.06404
2.49021
4.43839
2.40454
4.56969
2.04278
5.25521
1.38738
4.61244
3.14166
3.27716
3.32052
5.57082
0.919518
5.93282
2.55002
3.0787
4.42551
4.4606
2.80202
7.1502
1.27049
4.96488
4.22071
2.46738
3.83409
6.17339
0.406629
5.73142
2.84866
3.10427
3.54202
4.58675
1.84725
5.56992
1.67241
4.44161
2.53123
4.05836
2.446
4.75943
1.86264
4.57271
2.227
4.74119
1.84666
4.59995
2.19461
4.42128
2.31407
4.51497
1.97872
4.83993
2.03048
4.20472
2.64572
4.46181
1.87711
5.01577
1.96198
4.24915
2.49945
4.67338
1.6789
5.06546
2.06727
3.92268
2.93139
4.47227
1.86009
5.54447
1.53168
4.33536
2.99969
3.77886
2.57058
5.19856
1.26324
5.17125
2.27503
3.66578
3.2219
4.48844
1.84763
5.57734
1.47446
4.51728
2.57118
4.0697
2.33503
4.62151
1.87863
4.91408
1.94364
4.47083
2.222
4.38375
2.14102
4.64558
2.13601
4.68722
1.67213
4.80758
2.2171
4.18904
2.38706
4.51552
1.96182
4.96409
1.5712
4.77303
2.37598
4.11496
2.17402
4.93309
1.72714
4.57773
2.35893
4.04025
2.46944
4.91191
1.3252
5.11068
2.35597
3.54371
3.27096
5.01485
1.00144
5.98077
2.5707
3.24112
3.82518
4.36089
2.05988
6.38094
1.30519
4.66808
3.51266
3.0571
3.21599
5.3517
0.877323
5.82476
2.31686
3.66805
3.37827
4.05452
2.22136
5.50629
0.977527
5.32211
2.35173
3.72679
3.09896
3.96187
2.41792
5.62472
0.799258
5.28609
2.61018
3.50297
3.08886
4.58952
1.58654
5.8081
1.69406
4.16746
3.3374
3.8687
2.12269
5.60019
1.37004
4.61668
2.40883
4.38441
2.06202
4.6895
1.85399
4.68177
2.11672
4.40172
2.3051
4.36202
2.06844
5.04194
1.29329
5.05918
2.51345
3.61888
2.88868
4.87799
1.13821
5.57965
2.39296
3.55613
3.28821
4.49323
1.63598
5.89666
1.45083
4.54333
3.04096
3.71338
2.47073
4.95361
1.34146
5.02714
2.36014
4.19134
2.04738