
0
0
0
0
0
0
0
0
0
0
0
0
0
0
0
0
0
0
0
0
0
0
0
0
0
0
0
0
0
0
0
0
0
0
0
0
0
0
0
0
0
0
0
0
0
0
0
0
0
0
0
0
0
0
0
0
0
0
0
0
0
0
0
0
0
0
0
0
0
0
0
0
0
0
0
0
0
0
0
0
0
0
0
0
0
0
0
0
0
0
0
0
0
0
0
0
0
0
0
0
0
0
0
0
0
0
0
0
0
0
0
0
0
0
0
0
0
0
0
0
0
0
0
0
0
0
0
0
0
0
0
0
0
0
0
0
0
0
0
0
0
0
0
0
0
0
0
0
0
0
0
0
0
0
0
0
0
0
0
0
1.32043e-06
3.83726e-06
6.09479e-06
8.15393e-06
9.99605e-06
1.16446e-05
1.31552e-05
1.45164e-05
1.58999e-05
1.73226e-05
1.87065e-05
1.99915e-05
2.11282e-05
2.20695e-05
2.2822e-05
2.34079e-05
2.3804e-05
2.40538e-05
2.42393e-05
2.43705e-05
2.44331e-05
2.43611e-05
2.40428e-05
2.3438e-05
2.25027e-05
2.1271e-05
2.00746e-05
1.88375e-05
1.7653e-05
1.64818e-05
1.52342e-05
1.41101e-05
1.3248e-05
1.24874e-05
1.19733e-05
1.16359e-05
1.12933e-05
1.09723e-05
1.04957e-05
9.95409e-06
9.21105e-06
8.30331e-06
7.12136e-06
5.96721e-06
4.88268e-06
3.86138e-06
2.98453e-06
2.15902e-06
1.2851e-06
5.26203e-07
-7.58427e-08
-4.86515e-07
-7.41821e-07
-8.88098e-07
-9.7565e-07
-9.87494e-07
-8.95381e-07
-7.03378e-07
-4.31976e-07
-8.15443e-08
3.4583e-07
8.58203e-07
1.3489e-06
1.76725e-06
2.04785e-06
2.16912e-06
2.15917e-06
2.0731e-06
1.98795e-06
1.97046e-06
2.06168e-06
2.29215e-06
2.63919e-06
3.12775e-06
3.69091e-06
4.21798e-06
4.58212e-06
4.57787e-06
4.56591e-06
4.89368e-06
5.22396e-06
5.53692e-06
5.84522e-06
6.16085e-06
6.45765e-06
6.72923e-06
6.9348e-06
7.05612e-06
7.08503e-06
7.04488e-06
6.99653e-06
7.00876e-06
7.13548e-06
7.36322e-06
7.65252e-06
7.89244e-06
8.01114e-06
7.89119e-06
7.48907e-06
6.80006e-06
5.88369e-06
4.96133e-06
4.15066e-06
3.67033e-06
3.77151e-06
4.47083e-06
5.57466e-06
6.4718e-06
7.04493e-06
7.65909e-06
8.16297e-06
8.33256e-06
8.1405e-06
7.68145e-06
7.19913e-06
7.05816e-06
7.36123e-06
7.83319e-06
8.31519e-06
8.3758e-06
8.14485e-06
8.00611e-06
7.75062e-06
7.43972e-06
7.33984e-06
7.19687e-06
6.66145e-06
5.80914e-06
5.01015e-06
4.52667e-06
4.39455e-06
4.5321e-06
4.80686e-06
5.03068e-06
5.11941e-06
5.07814e-06
4.94502e-06
4.85681e-06
4.94592e-06
5.13625e-06
5.83561e-06
6.41004e-06
6.35457e-06
6.27917e-06
6.02941e-06
5.56703e-06
5.02804e-06
4.61865e-06
4.46504e-06
4.61657e-06
5.04135e-06
5.63201e-06
6.18201e-06
6.30854e-06
5.51172e-06
3.417e-06
3.61931e-07
-3.21231e-06
-7.55721e-06
-1.2104e-05
-1.72254e-05
-2.19163e-05
-2.52836e-05
-2.71776e-05
-2.76193e-05
-2.63821e-05
-2.35783e-05
-1.96758e-05
-1.57147e-05
-1.155e-05
-7.31915e-06
-3.57321e-06
-3.6141e-07
2.74243e-06
5.10259e-06
7.33597e-06
9.50246e-06
1.16508e-05
1.37379e-05
1.58084e-05
1.75374e-05
1.83004e-05
1.84287e-05
1.82924e-05
1.77405e-05
1.67837e-05
1.58214e-05
1.50414e-05
1.45861e-05
1.442e-05
1.44569e-05
1.44969e-05
1.43457e-05
1.3902e-05
1.31483e-05
1.21205e-05
1.0943e-05
9.71058e-06
8.55051e-06
7.47688e-06
6.41926e-06
5.24776e-06
3.93556e-06
2.33167e-06
7.92506e-07
-8.46847e-07
-2.93348e-06
-5.00096e-06
-6.70553e-06
-8.12026e-06
-9.12813e-06
-9.65733e-06
-9.77411e-06
-9.855e-06
-9.9292e-06
-9.79578e-06
-9.62964e-06
-9.53629e-06
-9.57531e-06
-9.74821e-06
-9.97481e-06
-1.01718e-05
-1.02375e-05
-1.01159e-05
-9.78957e-06
-9.32869e-06
-8.79157e-06
-8.20021e-06
-7.61729e-06
-7.07611e-06
-6.56638e-06
-6.05443e-06
-5.48106e-06
-4.73972e-06
-3.97312e-06
-3.18173e-06
-2.48328e-06
-1.88477e-06
-1.43528e-06
-1.10781e-06
-8.56713e-07
-7.45347e-07
-4.30482e-07
-1.05519e-07
1.6887e-07
5.28001e-07
9.8749e-07
1.43164e-06
1.83856e-06
2.15675e-06
2.32577e-06
2.31671e-06
2.18127e-06
1.97113e-06
1.67246e-06
1.41985e-06
1.20592e-06
1.07408e-06
1.02584e-06
1.00748e-06
9.69907e-07
8.8253e-07
6.84367e-07
4.49194e-07
2.11784e-07
-8.90707e-08
-3.0815e-07
-3.54977e-07
-1.57732e-07
3.80278e-07
6.13656e-07
6.1188e-07
1.06514e-06
1.72317e-06
2.47032e-06
3.17067e-06
3.66756e-06
3.89532e-06
3.87977e-06
3.63762e-06
3.18892e-06
2.59623e-06
2.03198e-06
1.55837e-06
1.40112e-06
1.37854e-06
1.17312e-06
8.23425e-07
4.17223e-07
1.89006e-08
-2.81656e-07
-4.45718e-07
-4.68603e-07
-3.28654e-07
-6.14071e-08
2.66648e-07
5.70654e-07
7.50443e-07
8.11317e-07
7.6945e-07
6.57227e-07
4.71318e-07
2.34745e-07
7.02124e-09
-1.49234e-07
-2.28178e-07
-2.65309e-07
-2.95798e-07
-3.18354e-07
-3.41975e-07
-3.59193e-07
-3.87407e-07
-4.51665e-07
-5.53162e-07
-6.78718e-07
-8.20623e-07
-9.89546e-07
-1.11383e-06
-1.26468e-06
-1.56828e-06
-1.87141e-06
-2.1855e-06
-2.63945e-06
-3.19804e-06
-3.76344e-06
-4.12336e-06
-4.25372e-06
-4.12461e-06
-3.65593e-06
-2.88704e-06
-1.82313e-06
-7.10383e-07
3.4408e-07
8.40101e-07
7.51817e-07
6.20976e-07
5.29539e-07
5.81519e-07
9.86418e-07
1.5156e-06
1.35144e-06
1.3473e-06
1.33415e-06
9.53952e-07
9.59472e-07
1.17785e-06
1.46236e-06
1.75296e-06
2.0956e-06
2.43452e-06
2.55761e-06
2.32573e-06
1.90397e-06
1.4602e-06
9.49073e-07
4.64934e-07
-1.76992e-08
-5.79739e-07
-1.17453e-06
-1.36992e-06
-1.5786e-06
-2.24112e-06
-3.04851e-06
-3.96189e-06
-4.85276e-06
-5.78764e-06
-6.69824e-06
-7.43405e-06
-7.95326e-06
-8.18718e-06
-8.15934e-06
-7.92482e-06
-7.58536e-06
-7.24906e-06
-6.96774e-06
-6.79303e-06
-6.81557e-06
-7.03375e-06
-7.39162e-06
-7.71228e-06
-7.82233e-06
-7.55371e-06
-6.80052e-06
-5.58863e-06
-4.06362e-06
-2.41097e-06
-9.69092e-07
-1.875e-07
1.4874e-07
3.30414e-07
4.58558e-07
6.88164e-07
1.17979e-06
1.98634e-06
2.97583e-06
3.94515e-06
4.86441e-06
5.53662e-06
5.90192e-06
5.94917e-06
5.71277e-06
5.2687e-06
5.72363e-06
7.22229e-06
8.76074e-06
9.80684e-06
1.04216e-05
1.0176e-05
8.27799e-06
4.03442e-06
-1.13491e-06
-7.15854e-06
-1.40145e-05
-2.22522e-05
-3.12473e-05
-4.0793e-05
-5.0313e-05
-5.86214e-05
-6.55347e-05
-6.94623e-05
-7.14992e-05
-7.06548e-05
-6.72738e-05
-6.25793e-05
-5.66241e-05
-4.90437e-05
-4.15217e-05
-3.32504e-05
-2.46702e-05
-1.60163e-05
-6.45167e-06
3.82188e-06
1.36455e-05
2.34452e-05
3.25689e-05
4.18648e-05
5.03268e-05
5.88257e-05
6.73754e-05
7.55871e-05
8.27594e-05
8.94328e-05
9.59322e-05
0.000101892
0.000107028
0.000111244
0.000113875
0.000114876
0.000114687
0.000113188
0.000110551
0.000107536
0.000104225
0.000100126
9.55871e-05
9.07286e-05
8.54048e-05
7.86668e-05
7.09419e-05
6.23189e-05
5.4006e-05
4.55447e-05
3.71272e-05
2.98427e-05
2.36707e-05
1.83161e-05
1.33391e-05
8.80218e-06
4.60855e-06
1.05798e-06
-2.05658e-06
-4.99512e-06
-7.82371e-06
-1.04632e-05
-1.28344e-05
-1.44767e-05
-1.54982e-05
-1.58151e-05
-1.56494e-05
-1.4587e-05
-1.27944e-05
-1.10078e-05
-9.89163e-06
-9.33241e-06
-9.11758e-06
-9.65619e-06
-9.23504e-06
-8.03433e-06
-7.81553e-06
-8.37172e-06
-8.73274e-06
-8.75388e-06
-8.50481e-06
-7.51378e-06
-5.90504e-06
-3.69043e-06
-6.32741e-07
1.88372e-06
3.54817e-06
5.06211e-06
5.77182e-06
5.57676e-06
4.34834e-06
2.48526e-06
1.01532e-06
2.21059e-07
8.21604e-07
3.43031e-06
6.69833e-06
1.03555e-05
1.60824e-05
2.27019e-05
3.13751e-05
3.9945e-05
4.79106e-05
5.44804e-05
5.97255e-05
6.43582e-05
6.79682e-05
7.11709e-05
7.40771e-05
7.65578e-05
7.8952e-05
8.20501e-05
8.52663e-05
8.80217e-05
9.04826e-05
9.28698e-05
9.45404e-05
9.57632e-05
9.67183e-05
9.73114e-05
9.77249e-05
9.85166e-05
9.99404e-05
0.000102057
0.000104937
0.00010808
0.000111047
0.000113547
0.000116402
0.0001204
0.000124694
0.000129038
0.000134025
0.000139705
0.000145197
0.000149939
0.000154227
0.00015866
0.000162107
0.000164942
0.000167613
0.000170134
0.000173199
0.000176428
0.000180129
0.000184232
0.000187808
0.000190867
0.000193691
0.000195589
0.000196872
0.000198053
0.000199424
0.000201399
0.000203433
0.000206851
0.000210618
0.000213999
0.000217279
0.000219952
0.000221561
0.000222462
0.000223401
0.000225024
0.000227865
0.000233528
0.000241253
0.000249913
0.000259853
0.000271717
0.000285971
0.000299951
0.000313603
0.000326852
0.000338357
0.000348373
0.000356292
0.000362592
0.000366907
0.000369709
0.000372148
0.000373477
0.000373462
0.00037137
0.000367444
0.000363558
0.000359094
0.00035287
0.000345733
0.00033727
0.000328583
0.000319355
0.000311034
0.000304159
0.000298811
0.000294549
0.00029158
0.000290435
0.000291082
0.000292771
0.000295451
0.000299888
0.000305787
0.000312361
0.000320217
0.000329085
0.000337645
0.000345505
0.000353082
0.000359456
0.00036482
0.000369216
0.000372894
0.000376713
0.000380516
0.000385651
0.000390905
0.000397009
0.000404136
0.000411976
0.000419571
0.00042642
0.00043158
0.000434217
0.000434812
0.000433921
0.000432703
0.000431763
0.000430152
0.00042747
0.000424557
0.000422006
0.000419737
0.000418917
0.00042127
0.000426934
0.000435606
0.000447984
0.000461856
0.000477121
0.000494147
0.000513431
0.000534495
0.000557242
0.000579184
0.000601025
0.00062194
0.000642908
0.000662573
0.000679149
0.000691123
0.000699865
0.000708189
0.000715547
0.000720277
0.000720981
0.000717211
0.000709055
0.000695472
0.000680508
0.000663421
0.000649435
0.00063751
0.000628344
0.000623037
0.000619513
0.000616001
0.000611094
0.000603379
0.000591421
0.000576566
0.00056048
0.000543623
0.00052567
0.000508054
0.000488964
0.000473527
0.000461306
0.000451837
0.000445642
0.00044141
0.000438459
0.000437279
0.000436726
0.000435791
0.000434789
0.000434263
0.000433926
0.000433118
0.000432378
0.000431401
0.000429384
0.00042581
0.000420824
0.000413709
0.000404548
0.000394466
0.000384801
0.000376145
0.000369915
0.00036576
0.000363261
0.000361054
0.000358287
0.000354585
0.000349077
0.000341949
0.000334007
0.000326924
0.000323188
0.000323286
0.000326757
0.00033451
0.000343316
0.000353966
0.000365218
0.000375707
0.00038273
0.000386449
0.000387683
0.000388841
0.000389584
0.000389483
0.000387961
0.000383267
0.000372819
0.000355199
0.000332412
0.000305149
0.000272428
0.000233396
0.000190979
0.000145679
0.000103617
7.12697e-05
4.88534e-05
3.79335e-05
3.6466e-05
4.53191e-05
6.51673e-05
8.92724e-05
0.000114978
0.000140715
0.000164762
0.000185243
0.000201953
0.000218825
0.000235804
0.000254284
0.000271415
0.000283301
0.000288386
0.00028622
0.000276643
0.00025881
0.000234956
0.000208464
0.000180214
0.000158232
0.000146556
0.000146138
0.000154802
0.000171677
0.000194789
0.000228221
0.000266535
0.000308471
0.000338687
0.000360939
0.000375267
0.000377168
0.00036894
0.000352565
0.000330213
0.000305569
0.000279687
0.000253359
0.000222326
0.000188442
0.000148897
0.000107032
6.8196e-05
3.27573e-05
4.53341e-06
-2.07309e-05
-4.32796e-05
-6.38935e-05
-8.28108e-05
-0.000102645
-0.000121708
-0.000137428
-0.00014542
-0.000148028
-0.000144913
-0.000137845
-0.000132159
-0.000127349
-0.000120735
-0.000110869
-9.67359e-05
-7.99277e-05
-6.10661e-05
-4.09521e-05
-2.0907e-05
-2.96491e-06
1.11936e-05
2.23167e-05
2.96584e-05
3.38212e-05
3.54148e-05
3.56672e-05
3.65557e-05
4.05536e-05
5.0551e-05
6.39082e-05
7.9728e-05
0.000100102
0.000130746
0.000165567
0.000206664
0.000256404
0.000298078
0.000332409
0.000361255
0.000382644
0.000395588
0.000399084
0.000396164
0.00038656
0.000368271
0.000339101
0.000293349
0.000235116
0.000171102
0.000107421
4.4587e-05
-1.78149e-05
-6.87293e-05
-0.000107412
-0.000129815
-0.000132964
-0.000122622
-9.95753e-05
-6.39001e-05
-1.80916e-05
2.97858e-05
7.79812e-05
0.000122156
0.000162192
0.000197869
0.000232899
0.000267352
0.000301111
0.00033015
0.000364882
0.000402491
0.000443593
0.00048198
0.000514809
0.000539259
0.000551084
0.000549402
0.000534332
0.000508431
0.000482695
0.000459689
0.000435475
0.000412072
0.000398356
0.000392354
0.000392698
0.000402743
0.000427233
0.000469868
0.000514392
0.000558727
0.000607918
0.000663828
0.000727987
0.000795673
0.000864163
0.000930504
0.000986881
0.00103661
0.00107986
0.00111626
0.00115263
0.00118447
0.00121654
0.00124928
0.0012885
0.00133294
0.001379
0.00142427
0.00146769
0.00150301
0.00152284
0.001524
0.00150984
0.00148424
0.00144402
0.00138793
0.00131906
0.00124503
0.00117299
0.00110952
0.0010566
0.00101478
0.000981627
0.000958706
0.000942934
0.000929501
0.000915278
0.000900236
0.000883997
0.000867047
0.000850967
0.000839825
0.000835507
0.000839761
0.000849745
0.000859508
0.000868873
0.000875558
0.000878551
0.000876533
0.000872577
0.000869347
0.000866161
0.000863271
0.00086098
0.00085897
0.000857896
0.000857718
0.000855328
0.000849476
0.000839381
0.00082587
0.00081082
0.000798779
0.000791385
0.000791991
0.000797808
0.000807105
0.000821202
0.000840095
0.000861969
0.000889113
0.000912752
0.000935796
0.000958347
0.000984004
0.00101702
0.00105467
0.00109393
0.00113829
0.00119144
0.00125052
0.00131287
0.0013768
0.00143697
0.00149501
0.00154735
0.00159444
0.0016372
0.00167596
0.00171001
0.00174001
0.0017669
0.00178877
0.00180749
0.00182595
0.00184584
0.00186787
0.00189925
0.00193058
0.00197096
0.00200973
0.00204188
0.00205393
0.00204455
0.0020086
0.00196871
0.00192791
0.00187141
0.00179662
0.00170232
0.00158413
0.00147255
0.00136688
0.00126275
0.00116725
0.00107569
0.000981972
0.000911475
0.000853488
0.000789302
0.000724053
0.000659315
0.000580653
0.000485471
0.000374975
0.000268789
0.000161318
4.74398e-05
-6.31493e-05
-0.00015722
-0.000246175
-0.000312928
-0.000364621
-0.000401422
-0.000429967
-0.000457103
-0.000486786
-0.000517742
-0.00054898
-0.00057995
-0.000600151
-0.000607181
-0.000594522
-0.000567124
-0.00053438
-0.000494953
-0.000446819
-0.000393309
-0.000338364
-0.000292091
-0.000255175
-0.000237467
-0.000241312
-0.000263797
-0.000297947
-0.000329373
-0.000347385
-0.000338349
-0.000302044
-0.00024342
-0.000158426
-3.77419e-05
9.36275e-05
0.000229121
0.000369101
0.00050056
0.000607466
0.000698404
0.00076874
0.000821052
0.000851553
0.000862761
0.000860445
0.000845652
0.000820935
0.000789001
0.000753573
0.000715321
0.000675117
0.000635252
0.000597248
0.000564148
0.000533268
0.000499407
0.000460542
0.000419889
0.000377219
0.000332394
0.000283619
0.000233997
0.000179291
0.000124016
6.79783e-05
1.71368e-05
-2.89917e-05
-6.78146e-05
-9.57828e-05
-0.000107802
-0.000108814
-0.000103461
-8.90443e-05
-5.90482e-05
-1.44957e-05
4.25778e-05
0.000110577
0.000189122
0.000264708
0.000323676
0.000375952
0.00042021
0.000459095
0.000489559
0.000506655
0.000516637
0.000520551
0.000519011
0.000512862
0.000508081
0.000511982
0.000526594
0.000557555
0.000597306
0.000647658
0.000700955
0.000753386
0.000810501
0.000865542
0.000925649
0.000983784
0.00104798
0.00111715
0.0011923
0.00125758
0.0013142
0.00136308
0.001411
0.00145357
0.00149009
0.00151922
0.00154088
0.00155424
0.00156235
0.00156706
0.00157141
0.00157834
0.00158738
0.00159815
0.00161154
0.00162389
0.00163909
0.00165565
0.00166007
0.00164332
0.00159831
0.00152381
0.00142188
0.001257
0.00114119
0.0010406
0.000951537
0.000872102
0.000803461
0.000737279
0.000680077
0.000634315
0.000605999
0.000595666
0.000601569
0.000618376
0.00063697
0.00064926
0.000647092
0.000623159
0.000579501
0.000519665
0.000440043
0.00033729
0.000219105
7.66504e-05
-3.33405e-05
-0.000122569
-0.000195255
-0.000245796
-0.000276662
-0.000290706
-0.000294524
-0.000298162
-0.000310309
-0.000331176
-0.000355093
-0.000391457
-0.000423611
-0.000457415
-0.000488159
-0.000510371
-0.000512602
-0.000501436
-0.000480233
-0.000437134
-0.000376788
-0.000289958
-0.000188496
-8.02702e-05
3.01771e-05
0.000133823
0.00022158
0.000298632
0.000368948
0.000414371
0.000450146
0.00047941
0.000504443
0.000533376
0.000566028
0.000600213
0.000642541
0.00069078
0.000749127
0.000810521
0.00088425
0.0009563
0.00101673
0.00106614
0.00111258
0.00115924
0.00120275
0.00123621
0.00125673
0.00125902
0.00124346
0.0012163
0.00118247
0.00112881
0.00105945
0.000979571
0.000909317
0.000832302
0.00074974
0.000682289
0.000663132
0.000699668
0.000798356
0.000958896
0.00113239
0.00130635
0.00148866
0.00165198
0.00179392
0.00190498
0.00200267
0.00208471
0.00215427
0.00219453
0.00220376
0.0021874
0.0021579
0.00211943
0.00206534
0.00200377
0.00193464
0.00185433
0.00178132
0.00171704
0.00165782
0.00160705
0.00156391
0.00152985
0.00150597
0.00149373
0.00149796
0.00152302
0.00156466
0.00161823
0.00167807
0.00173705
0.00177699
0.00178465
0.00177785
0.00177129
0.00176368
0.00175713
0.00175719
0.00175463
0.00173843
0.00171731
0.00171984
0.00175989
0.00184439
0.00196134
0.00208703
0.00221652
0.00232756
0.00241269
0.00247832
0.00252587
0.0025507
0.00255881
0.00255184
0.00252541
0.0024857
0.00243855
0.00238719
0.00233771
0.00230205
0.00227684
0.00224364
0.00215332
0.00205454
0.00187521
0.00170064
0.00149486
0.00129174
0.0010906
0.000895178
0.000742623
0.000605447
0.000497092
0.000448692
0.000469829
0.000556815
0.000672009
0.000793681
0.000906823
0.000979799
0.00103119
0.00107162
0.00109479
0.00110907
0.00112147
0.00111151
0.00108245
0.00106941
0.00109706
0.00117322
0.00129204
0.00146136
0.00159878
0.00172823
0.00184308
0.00194406
0.00200903
0.00202094
0.00196859
0.00184108
0.00165745
0.00144579
0.00120041
0.000939776
0.000673903
0.000415864
0.000165999
2.31569e-06
-0.000105529
-0.000145919
-0.000134247
-9.27698e-05
-3.39322e-05
3.085e-05
8.87037e-05
0.000144896
0.000195412
0.000256067
0.00032825
0.000399181
0.000460629
0.000526466
0.000597249
0.00071807
0.000870066
0.00104885
0.0012262
0.00138801
0.00151725
0.00161044
0.00164892
0.00166624
0.00168358
0.00169183
0.00168513
0.00163278
0.00151555
0.00134359
0.00116204
0.000991578
0.000827134
0.0007074
0.000641282
0.000622416
0.000660639
0.000765674
0.000888872
0.00105124
0.00125189
0.0014857
0.00170661
0.00192807
0.00210557
0.00229957
0.002504
0.00269457
0.00284356
0.00296153
0.0030567
0.00315
0.00323264
0.00330105
0.00334106
0.00334166
0.0033102
0.00326504
0.00321506
0.00316345
0.00311973
0.00308578
0.00305992
0.00304225
0.0030318
0.00301199
0.00296531
0.00287434
0.00271984
0.00253488
0.00232345
0.0021084
0.00187673
0.00167493
0.00147238
0.00130392
0.00119277
0.00119712
0.00123911
0.00126235
0.0012537
0.00126255
0.00129301
0.00130644
0.00128036
0.00123623
0.00119548
0.00115306
0.00109478
0.00103355
0.000991361
0.000967149
0.000956295
0.00096895
0.00101297
0.00110776
0.00122214
0.00134718
0.00150301
0.00168715
0.00186041
0.00199204
0.00216074
0.00238681
0.00263013
0.00286827
0.00308054
0.00325546
0.00337262
0.00346894
0.00353419
0.00355775
0.00353626
0.00346518
0.00333499
0.00317789
0.00292759
0.00273167
0.00253215
0.00234644
0.00218324
0.00202998
0.0019137
0.00184255
0.00180422
0.00178733
0.00179668
0.00184754
0.0019493
0.00210358
0.00226272
0.00240977
0.00253506
0.00263666
0.00269847
0.00271948
0.00270924
0.00267639
0.0026175
0.00252466
0.00241267
0.00229837
0.00217675
0.00204834
0.00192845
0.00183238
0.00174334
0.00164528
0.00151362
0.00136668
0.00123024
0.00114425
0.00111257
0.00112825
0.00119595
0.00129292
0.00140428
0.001518
0.00162315
0.0017315
0.00181996
0.00186564
0.00187653
0.00186502
0.00184302
0.00180943
0.00175751
0.00168354
0.00160699
0.00153339
0.00145222
0.00136303
0.00128014
0.00123383
0.00120993
0.00117725
0.0010884
0.000994755
0.000990072
0.00109156
0.00124316
0.0013363
0.00133197
0.00124166
0.00110331
0.000934327
0.000736715
0.000514082
0.000290939
0.000111524
1.47725e-05
3.2558e-05
0.000206973
0.000516559
0.000903967
0.00125909
0.00153877
0.00177901
0.00190857
0.00196961
0.00199102
0.00200709
0.00200686
0.00200358
0.00205033
0.00215155
0.00228039
0.00236078
0.00237617
0.00226591
0.00203484
0.00171845
0.0012871
0.000754013
0.000264275
-0.000116721
-0.000562242
-0.00100416
-0.00129505
-0.00136183
-0.00123816
-0.000985716
-0.000680558
-0.000321036
0.000192049
0.000675315
0.00114219
0.00151919
0.00177092
0.00193183
0.00203831
0.00212557
0.00223023
0.00234008
0.00244417
0.0025645
0.00271912
0.00291865
0.00318708
0.00334035
0.00345832
0.00352651
0.00350574
0.00339057
0.00321462
0.00297479
0.00272386
0.00255147
0.0024409
0.00237108
0.00237627
0.00243472
0.00250693
0.0026228
0.00279039
0.00302429
0.00333613
0.00366489
0.00391481
0.00405268
0.00408327
0.0039807
0.00373929
0.00335604
0.00282328
0.00205245
0.00116281
0.000295506
-0.000565312
-0.00126869
-0.00179292
-0.00202685
-0.00221172
-0.00228295
-0.00202246
-0.00153454
-0.000905682
-0.000249815
0.000502877
0.0012406
0.00168487
0.0018925
0.00194848
0.00194283
0.00190948
0.0019065
0.00202686
0.00227767
0.00263572
0.00307612
0.00349235
0.00382667
0.00409919
0.00428342
0.0042789
0.00415211
0.00398932
0.00377914
0.00363469
0.00354985
0.00347718
0.00339545
0.00326919
0.00311589
0.00297173
0.00288037
0.00284813
0.00286058
0.00292296
0.00299465
0.00303925
0.00305243
0.00303351
0.00301559
0.00303445
0.00307528
0.00310104
0.00311372
0.00312955
0.00314259
0.0031096
0.00300323
0.00283004
0.00263433
0.00234796
0.00207369
0.00179245
0.00146616
0.00103306
0.000551675
0.000181394
1.3944e-05
5.16088e-05
0.000300497
0.000729803
0.00124204
0.00195883
0.00271979
0.00321268
0.003583
0.00380266
0.00389782
0.00386621
0.00379187
0.00372858
0.00367802
0.00370152
0.00378827
0.00392276
0.00405134
0.00413734
0.00409659
0.00391391
0.00363863
0.00327075
0.00280827
0.00229317
0.00173386
0.00121048
0.000742314
0.000266684
-0.00018272
-0.000693437
-0.00130396
-0.00196283
-0.00257266
-0.00302232
-0.00330682
-0.0033493
-0.00312401
-0.00267512
-0.00225299
-0.00182244
-0.00106992
-0.000158113
0.000812845
0.00175113
0.00261287
0.00359194
0.00446797
0.00521166
0.00578224
0.00623221
0.0064734
0.00654462
0.00650813
0.00641805
0.0062858
0.00608991
0.00586129
0.0056576
0.00546683
0.00524785
0.00493144
0.00470287
0.00452598
0.00420749
0.00377161
0.00329189
0.0027738
0.00235745
0.00220091
0.00240913
0.00296192
0.00386224
0.00519402
0.00670336
0.00848393
0.00999782
0.0115885
0.0129186
0.0144402
0.0161987
0.0178518
0.0198182
0.0222931
0.0254574
0.0292358
0.0340525
0.0396257
0.04585
0.0526331
0.0606182
0.0684179
0.0763808
0.0842367
0.0925659
0.103177
0.111964
0.12147
0.131116
0.141273
0.152833
0.162778
0.173589
0.18439
0.19353
0.202304
0.218836
0.234635
0.250208
0.2654
0.2796
0.293934
0.307645
0.321817
0.334721
0.346002
0.356617
0.366234
0.374526
0.378516
0.385136
0.387981
0.390535
0.39265
0.394571
0.395753
0.396444
0.396729
0.396621
0.396136
0.395309
0.394164
0.392695
0.391024
0.388978
0.386719
0.384478
0.382003
0.379362
0.376514
0.373496
0.370399
0.367268
0.364061
0.360828
0.356185
0.352121
0.348615
0.344083
0.340554
0.337202
0.333904
0.331076
0.328373
0.325528
0.32283
0.320191
0.31771
0.315327
0.312998
0.310575
0.308156
0.305893
0.30374
0.301729
0.299743
0.297824
0.295892
0.29409
0.292311
0.290588
0.288987
0.287318
0.285822
0.284333
0.282617
0.281188
0.27977
0.278437
0.277119
0.275896
0.274748
0.273731
0.272815
0.272075
0.271486
0.271083
0.270849
0.27078
0.270867
0.271102
0.271495
0.272051
0.272879
0.273721
0.274698
0.275803
0.277038
0.278409
0.279823
0.281323
0.282959
0.28457
0.286218
0.28794
0.289643
0.291251
0.292934
0.294605
0.296353
0.297989
0.299562
0.301094
0.302833
0.304182
0.305587
0.306902
0.308212
0.309425
0.310519
0.31162
0.312652
0.313671
0.314588
0.315449
0.316268
0.317027
0.317761
0.318412
0.318981
0.319529
0.32
0.320453
0.320858
0.321207
0.321535
0.321832
0.322099
0.322342
0.322556
0.322748
0.322923
0.323064
0.323175
0.323264
0.32334
0.323404
0.323462
0.323502
0.323535
0.323557
0.32357
0.323575
0.323575
0.323572
0.323565
0.323557
0.323549
0.323542
0.323537
0.323534
0.323535
0.323543
0.323556
0.323576
0.323598
0.323627
0.323673
0.323729
0.323776
0.323817
0.323862
0.323906
0.32395
0.323993
0.324035
0.324075
0.324114
0.324149
0.324185
0.324221
0.324253
0.324285
0.324321
0.324346
0.324369
0.324388
0.324404
0.32442
0.324435
0.324449
0.324464
0.324479
0.324494
0.324504
0.324511
0.324515
0.324515
0.324512
0.324508
0.324501
0.324494
0.324487
0.324478
0.324467
0.324452
0.324432
0.324406
0.324374
0.324334
0.324287
0.324245
0.324198
0.32415
0.324098
0.324043
0.323983
0.323913
0.323832
0.323742
0.323643
0.323547
0.323452
0.32336
0.323272
0.323185
0.323105
0.323034
0.322963
0.32289
0.322827
0.322775
0.322743
0.322745
0.322796
0.322917
0.323117
0.323444
0.323891
0.324523
0.325319
0.326246
0.327527
0.329503
0.331098
0.333001
0.334764
0.336746
0.338835
0.34104
0.34489
0.348736
0.352709
0.356901
0.361643
0.364212
0.368878
0.373824
0.378587
0.38329
0.387979
0.392863
0.397868
0.402548
0.407254
0.412275
0.416577
0.420738
0.424767
0.428563
0.432136
0.435118
0.438108
0.440697
0.443286
0.445394
0.447111
0.448641
0.449939
0.450983
0.45176
0.452309
0.452635
0.452757
0.452691
0.452454
0.452059
0.451523
0.450855
0.450031
0.449107
0.448151
0.447094
0.445923
0.444668
0.443357
0.442105
0.440771
0.439416
0.438039
0.436715
0.435292
0.433923
0.432489
0.431161
0.429854
0.428578
0.427315
0.42609
0.424751
0.423523
0.422338
0.421143
0.419928
0.418787
0.417655
0.416934
0.416246
0.414826
0.413564
0.412843
0.411641
0.410928
0.409887
0.408851
0.40776
0.406688
0.405639
0.404556
0.40349
0.402435
0.401308
0.40017
0.399016
0.397886
0.396689
0.395457
0.394266
0.393086
0.391851
0.390598
0.389342
0.388065
0.386617
0.385238
0.383871
0.382536
0.381133
0.379683
0.378324
0.376961
0.375497
0.374074
0.372567
0.371043
0.369334
0.367749
0.366135
0.364533
0.362898
0.361282
0.359569
0.357921
0.356274
0.354629
0.352767
0.351052
0.349336
0.347645
0.34587
0.34409
0.342339
0.340572
0.338836
0.337071
0.335279
0.333468
0.331542
0.329836
0.32808
0.326191
0.324377
0.322547
0.320779
0.318808
0.317722
0.31663
0.31519
0.312711
0.31163
0.309552
0.307654
0.305736
0.303837
0.301999
0.300152
0.298286
0.296459
0.294608
0.292662
0.291616
0.289759
0.287785
0.285787
0.284742
0.282778
0.280732
0.278677
0.277601
0.275555
0.274512
0.273474
0.272428
0.270458
0.26854
0.266576
0.265569
0.263692
0.26185
0.2609
0.259902
0.258932
0.257575
0.256236
0.255167
0.254041
0.252867
0.25154
0.24899
0.247557
0.246009
0.244483
0.242846
0.241102
0.239242
0.23728
0.235379
0.233366
0.231313
0.229236
0.226982
0.224838
0.222608
0.220269
0.21788
0.215299
0.212723
0.210294
0.207705
0.205101
0.202438
0.199739
0.19711
0.194146
0.191408
0.18878
0.185952
0.183255
0.180392
0.177456
0.174522
0.171747
0.168922
0.166137
0.163089
0.159939
0.15682
0.15368
0.150681
0.147569
0.144261
0.141377
0.138497
0.135608
0.132308
0.128659
0.125096
0.121673
0.118429
0.115243
0.112038
0.108855
0.106064
0.103267
0.100478
0.0976676
0.0948152
0.0918939
0.0890662
0.0860524
0.0832079
0.0802997
0.0774556
0.0746438
0.0717843
0.0689752
0.065899
0.0628507
0.0600218
0.0569971
0.0540521
0.0511761
0.0482349
0.0454077
0.0425771
0.0397161
0.0367715
0.0340838
0.0313829
0.0286033
0.0256947
0.0230815
0.0204957
0.0179517
0.0152494
0.0126245
0.00986506
0.00648793
0.00399028
0.0015188
-0.000720405
-0.00282593
-0.0048031
-0.00687627
-0.00876301
-0.0105105
-0.0122147
-0.0139247
-0.0155098
-0.0169701
-0.0183873
-0.0197331
-0.0208974
-0.0220287
-0.0230878
-0.0239563
-0.0247643
-0.0254474
-0.0260772
-0.0265703
-0.0269906
-0.027326
-0.0275804
-0.0277699
-0.027884
-0.0279446
-0.0279478
-0.027895
-0.0277946
-0.0276536
-0.0274567
-0.0272063
-0.0269001
-0.0265789
-0.0262095
-0.0258334
-0.025415
-0.0249916
-0.0245395
-0.0240899
-0.0236232
-0.023178
-0.0226826
-0.0222252
-0.0217503
-0.0212618
-0.0207577
-0.0202476
-0.0196702
-0.0191071
-0.0185144
-0.0179153
-0.0172888
-0.0166578
-0.0160136
-0.0153618
-0.0144688
-0.0136222
-0.0127436
-0.0117995
-0.0108068
-0.00990964
-0.0089342
-0.00808253
-0.00716915
-0.00623607
-0.00530361
-0.00433689
-0.00336507
-0.00235842
-0.00125974
-0.000179152
0.000926243
0.00200578
0.0031874
0.00436435
0.00554591
0.006734
0.00784481
0.00902373
0.010304
0.0114253
0.0125869
0.0136731
0.0148729
0.0162061
0.0175831
0.0191392
0.0206651
0.0222277
0.0239838
0.0258393
0.0277003
0.0297062
0.0318391
0.0341594
0.0363676
0.0387496
0.0411973
0.0436553
0.0462411
0.0488916
0.0516392
0.0542578
0.0569354
0.0595005
0.0622174
0.0647719
0.0673777
0.0698671
0.0723176
0.0745067
0.0765543
0.0783893
0.0800323
0.0815022
0.0828399
0.0839986
0.08487
0.0855817
0.0861013
0.0864012
0.0865118
0.0864251
0.0861071
0.085641
0.0849509
0.0840138
0.0829643
0.0817524
0.0802895
0.0787368
0.0769683
0.0752161
0.073321
0.0712902
0.0692857
0.0670556
0.0648541
0.0624418
0.0599117
0.057484
0.0548074
0.0521693
0.0494275
0.046712
0.0439533
0.0411849
0.038325
0.0354477
0.0324655
0.02959
0.0265873
0.0238455
0.0210358
0.0180159
0.0146431
0.0112873
0.00798424
0.00432204
0.00111438
-0.00197071
-0.00501843
-0.00779895
-0.0105806
-0.0133559
-0.0161233
-0.0189187
-0.0217048
-0.0244502
-0.0271886
-0.0300277
-0.03274
-0.0353928
-0.0382102
-0.0409896
-0.0437513
-0.0465636
-0.0491427
-0.0520919
-0.0547633
-0.0574001
-0.0599737
-0.0625686
-0.0653025
-0.0676292
-0.0699988
-0.0726907
-0.0750925
-0.0773154
-0.0795136
-0.0816718
-0.0838245
-0.0859229
-0.087982
-0.0900177
-0.0920079
-0.0939383
-0.0958574
-0.0977337
-0.0996276
-0.101476
-0.103383
-0.105216
-0.10734
-0.109462
-0.111499
-0.113287
-0.115035
-0.116656
-0.118235
-0.11989
-0.121491
-0.123092
-0.124656
-0.126547
-0.127993
-0.129592
-0.131149
-0.132657
-0.134168
-0.135713
-0.137238
-0.138671
-0.140094
-0.141525
-0.142929
-0.1444
-0.145838
-0.147278
-0.148826
-0.150359
-0.151855
-0.153237
-0.154708
-0.156107
-0.157523
-0.158938
-0.160343
-0.161652
-0.163035
-0.164468
-0.1658
-0.16711
-0.168419
-0.169731
-0.171004
-0.172331
-0.173689
-0.175001
-0.176253
-0.177475
-0.178705
-0.180035
-0.181437
-0.18275
-0.184255
-0.186017
-0.187748
-0.189606
-0.191331
-0.193199
-0.194996
-0.196797
-0.198509
-0.200292
-0.201993
-0.203749
-0.205542
-0.207479
-0.209481
-0.211806
-0.213721
-0.215689
-0.217715
-0.219778
-0.22178
-0.223937
-0.226092
-0.228273
-0.230479
-0.232807
-0.235261
-0.237468
-0.23972
-0.242394
-0.24492
-0.247113
-0.249321
-0.251435
-0.2535
-0.255432
-0.257315
-0.259091
-0.260843
-0.262563
-0.264193
-0.265947
-0.267584
-0.269215
-0.270753
-0.272228
-0.273709
-0.275313
-0.276672
-0.277957
-0.279238
-0.280501
-0.281756
-0.28289
-0.283969
-0.284956
-0.28586
-0.287584
-0.289178
-0.289957
-0.290678
-0.291431
-0.292082
-0.29269
-0.293308
-0.293836
-0.294383
-0.294824
-0.29524
-0.295951
-0.296608
-0.297257
-0.297607
-0.298321
-0.299027
-0.299817
-0.300643
-0.301456
-0.302352
-0.303338
-0.304323
-0.305196
-0.30601
-0.306424
-0.306754
-0.307257
-0.307463
-0.307564
-0.307576
-0.307426
-0.307102
-0.306588
-0.306183
-0.305687
-0.305039
-0.304336
-0.303502
-0.302584
-0.301623
-0.3006
-0.299524
-0.297523
-0.296366
-0.294056
-0.29155
-0.288711
-0.285747
-0.284007
-0.280355
-0.276417
-0.272198
-0.267809
-0.263417
-0.260929
-0.257957
-0.255266
-0.250251
-0.247448
-0.241689
-0.238839
-0.23564
-0.229981
-0.224377
-0.221229
-0.215238
-0.209528
-0.203939
-0.198193
-0.192732
-0.187199
-0.181913
-0.176936
-0.172266
-0.167576
-0.163219
-0.159454
-0.155925
-0.152741
-0.149822
-0.147185
-0.144734
-0.142472
-0.140425
-0.139344
-0.137536
-0.135866
-0.134369
-0.132813
-0.131333
-0.129857
-0.128431
-0.126947
-0.125433
-0.123997
-0.122393
-0.12073
-0.119835
-0.118132
-0.116371
-0.11446
-0.11249
-0.111413
-0.109364
-0.107238
-0.104833
-0.10358
-0.102185
-0.100752
-0.0993794
-0.097913
-0.0966548
-0.095152
-0.0936887
-0.0923799
-0.0898749
-0.0873186
-0.0859177
-0.0844775
-0.0828717
-0.0813549
-0.0782848
-0.0751736
-0.073466
-0.0714838
-0.0679226
-0.0642012
-0.0601446
-0.0558839
-0.0514186
-0.0470312
-0.0425024
-0.0397988
-0.0349527
-0.0301032
-0.0251845
-0.022569
-0.0197923
-0.0171117
-0.0144975
-0.00937359
-0.00670106
-0.00160446
0.00367109
0.00635248
0.011441
0.0143033
0.0194319
0.0221741
0.0248591
0.0275723
0.0327903
0.0381407
0.0431907
0.0459512
0.0509009
0.0560069
0.0610888
0.0660327
0.0708368
0.0734815
0.0784893
0.0836137
0.0885857
0.0932587
0.0981518
0.100683
0.10413
0.108936
0.111442
0.114336
0.119086
0.123865
0.12638
0.129155
0.131893
0.136478
0.138914
0.143825
0.148718
0.151233
0.155847
0.160551
0.162994
0.165856
0.168571
0.171138
0.173919
0.177722
0.180327
0.183012
0.185776
0.18835
0.19074
0.193157
0.197747
0.200079
0.202473
0.204881
0.207408
0.210186
0.214507
0.216843
0.219083
0.221445
0.223889
0.226177
0.23061
0.23298
0.235601
0.238087
0.243288
0.246103
0.248836
0.251659
0.254576
0.257904
0.260845
0.263859
0.266922
0.272875
0.275902
0.28212
0.285188
0.289714
0.293036
0.299404
0.302664
0.305957
0.309264
0.315715
0.319047
0.322375
0.325778
0.329189
0.33295
0.336455
0.339777
0.343092
0.346448
0.352765
0.356093
0.35948
0.362705
0.366014
0.369238
0.372482
0.375789
0.378935
0.38194
0.385104
0.388104
0.391161
0.39418
0.397161
0.400057
0.40313
0.406059
0.409043
0.411954
0.414938
0.417877
0.420888
0.423765
0.426989
0.430201
0.433281
0.436185
0.439037
0.441877
0.444686
0.447445
0.450151
0.452794
0.455404
0.457937
0.460438
0.46295
0.465319
0.4676
0.469866
0.471973
0.474029
0.476106
0.478046
0.479901
0.481734
0.483548
0.485697
0.487775
0.489817
0.491869
0.493565
0.495183
0.496883
0.49854
0.499908
0.502534
0.505104
0.506402
0.508843
0.510019
0.511187
0.512222
0.513114
0.513939
0.514709
0.515357
0.515872
0.516253
0.516511
0.516532
0.516339
0.515929
0.514712
0.513137
0.511946
0.510646
0.509083
0.507345
0.505333
0.501219
0.498966
0.496522
0.493892
0.49107
0.48822
0.482596
0.479421
0.472998
0.469646
0.466185
0.462673
0.459022
0.45538
0.451339
0.447287
0.443356
0.439464
0.43544
0.431381
0.427455
0.4236
0.415945
0.408035
0.404001
0.399913
0.396004
0.392074
0.38715
0.379683
0.375701
0.371745
0.367935
0.364265
0.360516
0.353257
0.349546
0.345811
0.3389
0.335334
0.328375
0.321791
0.318357
0.315203
0.311203
0.308181
0.305379
0.302449
0.299881
0.297526
0.293143
0.291028
0.289034
0.286797
0.285026
0.283385
0.280231
0.278673
0.277248
0.275917
0.274682
0.273533
0.27229
0.27121
0.270114
0.269022
0.268074
0.267239
0.26644
0.265739
0.264975
0.264193
0.263552
0.262945
0.262338
0.261446
0.260118
0.259411
0.258642
0.257516
0.255747
0.254751
0.253668
0.251316
0.248586
0.246086
0.244695
0.243229
0.241576
0.239897
0.236515
0.234677
0.232703
0.23071
0.228689
0.226617
0.222611
0.220422
0.218342
0.214306
0.210072
0.207822
0.203245
0.198374
0.195771
0.192875
0.189765
0.186399
0.179363
0.175329
0.170895
0.16561
0.160392
0.148296
0.136988
0.130849
0.124256
0.116972
0.102721
0.094764
0.0848459
0.0765055
0.0677706
0.0588734
0.0494591
0.0399172
0.0304237
0.0205943
0.0104405
-0.000270233
-0.0102399
-0.0207728
-0.0417271
-0.0524361
-0.0636347
-0.0751702
-0.0968529
-0.108212
-0.119923
-0.131978
-0.143964
-0.156139
-0.167944
-0.180054
-0.192399
-0.204871
-0.227119
-0.23855
-0.249973
-0.261424
-0.272811
-0.284273
-0.295483
-0.316677
-0.338267
-0.359622
-0.381832
-0.394782
-0.406035
-0.417564
-0.428133
-0.439432
-0.449431
-0.459036
-0.469419
-0.47816
-0.492961
-0.50704
-0.519977
-0.53124
-0.541678
-0.550056
-0.556782
-0.561814
-0.565374
-0.567582
-0.568791
-0.568866
-0.568095
-0.56662
-0.565426
-0.563741
-0.560473
-0.558454
-0.554379
-0.552101
-0.547588
-0.542794
-0.540245
-0.535524
-0.530411
-0.52566
-0.523039
-0.520458
-0.517865
-0.514766
-0.512288
-0.507875
-0.503564
-0.499518
-0.49553
-0.490981
-0.487197
-0.483424
-0.481538
-0.478061
-0.474642
-0.472858
-0.47105
-0.469286
-0.465835
-0.462372
-0.459075
-0.455744
-0.452311
-0.448747
-0.445204
-0.441705
-0.43957
-0.437599
-0.433904
-0.430112
-0.426243
-0.422208
-0.418263
-0.413929
-0.409359
-0.404594
-0.399688
-0.393964
-0.390241
-0.386861
-0.3824
-0.378315
-0.3743
-0.370123
-0.365727
-0.36096
-0.351643
-0.342025
-0.332116
-0.321497
-0.310452
-0.299335
-0.292775
-0.280196
-0.267253
-0.254522
-0.247686
-0.240675
-0.227616
-0.220338
-0.206777
-0.199434
-0.185879
-0.172716
-0.15722
-0.143329
-0.130038
-0.116835
-0.104357
-0.0908623
-0.0780012
-0.0649377
-0.0523064
-0.0457048
-0.0332038
-0.0207489
-0.00865692
0.00497985
0.0172609
0.0295351
0.0418105
0.053892
0.0660465
0.0779837
0.0901083
0.102156
0.115504
0.127807
0.139628
0.151569
0.163901
0.176454
0.188141
0.200217
0.211651
0.223087
0.23489
0.246608
0.258025
0.269901
0.281292
0.292712
0.304486
0.311445
0.322645
0.333557
0.344394
0.350828
0.357641
0.36433
0.370625
0.376872
0.3837
0.390132
0.396556
0.402247
0.412662
0.423215
0.433136
0.443121
0.453218
0.463329
0.473499
0.483616
0.49355
0.504137
0.51432
0.524982
0.53642
0.547459
0.558866
0.570812
0.583537
0.590472
0.603334
0.610437
0.622838
0.635499
0.647281
0.659604
0.671799
0.684202
0.696174
0.707964
0.719918
0.732838
0.745042
0.757071
0.769195
0.782316
0.794587
0.806559
0.818962
0.831686
0.843845
0.855409
0.867016
0.878862
0.890344
0.901682
0.912669
0.92336
0.934118
0.944779
0.955645
0.965847
0.975497
0.985975
0.995677
1.00481
1.01358
1.02247
1.03203
1.04054
1.04889
1.05709
1.06761
1.07617
1.08355
1.09083
1.09816
1.10522
1.11213
1.11946
1.12617
1.13225
1.13832
1.1444
1.14997
1.15519
1.16183
1.16831
1.1752
1.18025
1.18473
1.1892
1.19285
1.19615
1.19936
1.20229
1.2049
1.20751
1.21017
1.21247
1.21457
1.21646
1.21821
1.21974
1.22111
1.22225
1.22327
1.22422
1.22494
1.22554
1.22601
1.22629
1.22643
1.22641
1.22625
1.22593
1.22548
1.22489
1.22417
1.22315
1.22214
1.22091
1.2196
1.21778
1.216
1.21411
1.21224
1.21032
1.20812
1.20594
1.20359
1.20112
1.19846
1.19519
1.19235
1.18902
1.18591
1.18272
1.17925
1.17594
1.17235
1.16872
1.16503
1.16114
1.15668
1.1528
1.14847
1.14408
1.1396
1.13533
1.13092
1.12621
1.12139
1.11656
1.11179
1.10696
1.10171
1.09647
1.09154
1.08612
1.0806
1.07518
1.06973
1.06388
1.05723
1.05113
1.04432
1.0374
1.03072
1.02454
1.01739
1.01117
1.00517
0.99834
0.991757
0.984816
0.978332
0.971768
0.96464
0.957853
0.95096
0.942809
0.935484
0.927736
0.920542
0.912973
0.904123
0.89599
0.888563
0.879912
0.872567
0.865235
0.857568
0.850039
0.842347
0.834779
0.827099
0.819563
0.811901
0.804119
0.796261
0.788995
0.781231
0.773938
0.76647
0.759011
0.750989
0.743624
0.736208
0.728566
0.719416
0.710908
0.703025
0.695223
0.68628
0.677732
0.669911
0.661213
0.653146
0.644391
0.6364
0.628078
0.61895
0.610625
0.602567
0.594515
0.586008
0.577259
0.568998
0.560044
0.551667
0.543153
0.53463
0.525668
0.516879
0.507857
0.498216
0.489716
0.480746
0.471755
0.462864
0.454154
0.445001
0.436157
0.427216
0.418131
0.409173
0.399721
0.390252
0.380485
0.370747
0.361679
0.351736
0.342239
0.331311
0.320381
0.309789
0.298758
0.286632
0.276162
0.264835
0.254034
0.243107
0.230507
0.219009
0.204349
0.195101
0.187199
0.160008
0.150278
0.134754
0.125332
0.118542
0.111746
0.103207
0.096388
0.0871519
0.0801919
0.0728457
0.065805
0.0585713
0.044971
0.0376857
0.0305218
0.0235919
0.0164008
0.00878462
0.00149399
-0.00554632
-0.0191902
-0.0266235
-0.0340117
-0.041065
-0.0481693
-0.0551091
-0.0624019
-0.0698767
-0.0770726
-0.0842678
-0.0916277
-0.0988354
-0.106349
-0.116384
-0.124318
-0.131554
-0.139436
-0.146761
-0.154149
-0.162319
-0.170147
-0.177785
-0.185428
-0.193028
-0.200728
-0.208115
-0.215837
-0.223876
-0.232062
-0.239772
-0.247537
-0.255338
-0.263523
-0.271748
-0.280055
-0.290077
-0.298327
-0.305881
-0.313211
-0.320508
-0.328225
-0.33583
-0.343589
-0.351206
-0.359089
-0.366828
-0.375263
-0.382897
-0.39092
-0.398702
-0.406652
-0.414293
-0.423582
-0.431772
-0.439723
-0.44754
-0.45565
-0.463985
-0.472289
-0.480349
-0.488359
-0.495846
-0.503535
-0.511205
-0.519083
-0.527522
-0.535415
-0.542651
-0.549962
-0.557944
-0.565273
-0.579118
-0.593104
-0.606726
-0.613589
-0.627128
-0.633865
-0.64112
-0.653805
-0.661862
-0.668492
-0.675386
-0.687458
-0.694164
-0.700922
-0.707576
-0.71425
-0.726889
-0.738186
-0.749898
-0.761356
-0.772503
-0.783891
-0.796354
-0.803587
-0.815147
-0.826523
-0.838355
-0.849527
-0.861296
-0.868261
-0.880131
-0.892648
-0.904161
-0.915515
-0.926558
-0.938822
-0.950366
-0.963849
-0.976821
-0.989323
-1.00238
-1.01494
-1.02737
-1.04032
-1.05314
-1.06726
-1.0822
-1.09649
-1.11052
-1.12425
-1.13761
-1.15148
-1.1651
-1.17875
-1.1932
-1.20845
-1.22322
-1.238
-1.25297
-1.26719
-1.28071
-1.29566
-1.31019
-1.32382
-1.33674
-1.35038
-1.3631
-1.37608
-1.38883
-1.401
-1.41303
-1.42528
-1.43632
-1.44696
-1.45737
-1.46889
-1.47942
-1.48917
-1.49856
-1.508
-1.5169
-1.52574
-1.53419
-1.54223
-1.5505
-1.55925
-1.56922
-1.57787
-1.58663
-1.59474
-1.60253
-1.6103
-1.61661
-1.62254
-1.62855
-1.63459
-1.64045
-1.64622
-1.65174
-1.65676
-1.66164
-1.66659
-1.67122
-1.67553
-1.6795
-1.68361
-1.6876
-1.69101
-1.69423
-1.69739
-1.70026
-1.70306
-1.70573
-1.7081
-1.71058
-1.71272
-1.71473
-1.71636
-1.71777
-1.71901
-1.71997
-1.7207
-1.72118
-1.72139
-1.72136
-1.7211
-1.7206
-1.71987
-1.71896
-1.71782
-1.71647
-1.71475
-1.71286
-1.71065
-1.70795
-1.70493
-1.70188
-1.69852
-1.69485
-1.69082
-1.68673
-1.68233
-1.67749
-1.67256
-1.66726
-1.66154
-1.65576
-1.64946
-1.64269
-1.63592
-1.6292
-1.62167
-1.61429
-1.60652
-1.59802
-1.58881
-1.56483
-1.55219
-1.54253
-1.5322
-1.52149
-1.50889
-1.49764
-1.48621
-1.47354
-1.4587
-1.44363
-1.43128
-1.4138
-1.3974
-1.38547
-1.36423
-1.35217
-1.34059
-1.3206
-1.30124
-1.27349
-1.2602
-1.2399
-1.2261
-1.21199
-1.19679
-1.18236
-1.16697
-1.15277
-1.12704
-1.10192
-1.07633
-1.0508
-1.02424
-0.997427
-0.969468
-0.941567
-0.912918
-0.884763
-0.856323
-0.827101
-0.798751
-0.769746
-0.741477
-0.712134
-0.683237
-0.651287
-0.634315
-0.604446
-0.588514
-0.558324
-0.528465
-0.499105
-0.470006
-0.441469
-0.409513
-0.381499
-0.352941
-0.323281
-0.294127
-0.266973
-0.239406
-0.21037
-0.183654
-0.155953
-0.129307
-0.103604
-0.0779011
-0.053614
-0.0302021
-0.0103842
0.00792697
0.0274642
0.0468355
0.065703
0.0843703
0.103657
0.122752
0.140416
0.158579
0.176018
0.193337
0.210298
0.22725
0.244877
0.261641
0.278563
0.294791
0.310497
0.326163
0.341909
0.357477
0.375724
0.392655
0.407274
0.423918
0.438079
0.452988
0.467061
0.480466
0.492334
0.503415
0.516654
0.528742
0.540433
0.549113
0.557246
0.563779
0.569915
0.574397
0.577503
0.579781
0.581414
0.581912
0.581576
0.580316
0.578159
0.575062
0.570996
0.566605
0.560787
0.555039
0.547318
0.538855
0.531156
0.522076
0.512081
0.502706
0.492215
0.481677
0.471253
0.460556
0.449527
0.437369
0.426685
0.415423
0.403698
0.392628
0.38062
0.368018
0.35587
0.341117
0.327958
0.31351
0.300585
0.287866
0.275732
0.26423
0.253103
0.242539
0.232064
0.221889
0.211919
0.202563
0.193576
0.184811
0.176434
0.168499
0.161082
0.152629
0.145504
0.138689
0.131904
0.125641
0.119383
0.113449
0.107588
0.102039
0.0965367
0.0912972
0.0859488
0.0806711
0.075498
0.0700733
0.0650776
0.0600847
0.0549995
0.0496385
0.0442676
0.0391131
0.0340061
0.0282549
0.0230921
0.0177207
0.0120914
0.00670927
0.000838355
-0.00584266
-0.0123202
-0.0183878
-0.0245
-0.030785
-0.0375245
-0.0439205
-0.0498659
-0.0559974
-0.0630429
-0.0697495
-0.0765927
-0.0830862
-0.090181
-0.0968659
-0.104312
-0.111547
-0.117735
-0.123825
-0.129858
-0.135699
-0.14112
-0.146807
-0.151854
-0.156659
-0.161215
-0.165605
-0.169887
-0.173647
-0.177087
-0.180305
-0.183147
-0.185665
-0.187792
-0.189654
-0.191304
-0.192652
-0.193697
-0.194409
-0.194809
-0.194913
-0.194725
-0.194288
-0.193622
-0.192646
-0.191527
-0.190163
-0.188679
-0.186932
-0.185088
-0.18309
-0.180988
-0.178769
-0.175997
-0.173504
-0.17069
-0.168021
-0.165427
-0.162901
-0.160263
-0.15749
-0.154967
-0.152372
-0.149791
-0.147475
-0.144883
-0.142351
-0.139806
-0.137486
-0.135054
-0.132737
-0.13038
-0.128116
-0.125973
-0.12376
-0.121566
-0.119462
-0.117297
-0.115179
-0.112817
-0.110507
-0.108071
-0.105764
-0.103521
-0.101041
-0.0985941
-0.0955799
-0.0925878
-0.0897312
-0.0868552
-0.0838122
-0.0806912
-0.0775499
-0.0739252
-0.0700816
-0.0664073
-0.0628317
-0.0587391
-0.0546852
-0.0495265
-0.044674
-0.0405571
-0.0366509
-0.0325229
-0.0283991
-0.0240781
-0.0203744
-0.0168601
-0.0134419
-0.0101428
-0.00689149
-0.00382557
-0.000925172
0.00247016
0.00592282
0.00930402
0.0123044
0.0150173
0.0175801
0.0203199
0.0226423
0.0245703
0.0264933
0.0282172
0.029902
0.0314412
0.032944
0.0344291
0.0359425
0.037301
0.0384079
0.0392957
0.0402556
0.0410499
0.0416327
0.0421175
0.0425267
0.0427996
0.0429823
0.0430826
0.0430994
0.0430382
0.0428997
0.0426808
0.0423926
0.0420691
0.0416728
0.0412317
0.0406784
0.0401136
0.0394905
0.0388098
0.0380396
0.037309
0.0365841
0.0358066
0.0350083
0.0341283
0.0333275
0.0324242
0.0314704
0.0306331
0.0298561
0.0290734
0.0282442
0.0275303
0.0268702
0.026336
0.0258943
0.0255772
0.0253814
0.0253136
0.0253818
0.0255762
0.0258877
0.0263662
0.0269596
0.0276508
0.0284701
0.0293344
0.0304489
0.0318977
0.0331246
0.0344719
0.0358839
0.0375502
0.0391737
0.0410042
0.0427262
0.0444138
0.0463705
0.0482024
0.0499162
0.0517946
0.0536279
0.0557208
0.0577304
0.0597949
0.0618034
0.0638339
0.0659354
0.0681166
0.070349
0.0726027
0.0747268
0.076859
0.0790001
0.0814054
0.0835535
0.0856557
0.0879714
0.0900637
0.0921452
0.0942329
0.0963697
0.0985201
0.100655
0.102939
0.105584
0.108018
0.110238
0.112746
0.114973
0.117201
0.119386
0.121585
0.123515
0.125501
0.127461
0.129573
0.131692
0.133601
0.13553
0.137499
0.13944
0.141404
0.143277
0.145192
0.147178
0.149224
0.15125
0.153446
0.155349
0.157308
0.159383
0.161546
0.163687
0.165749
0.167957
0.169946
0.172117
0.174257
0.176312
0.178331
0.180317
0.1823
0.184345
0.186245
0.188192
0.190175
0.192051
0.193608
0.195102
0.196372
0.197769
0.198797
0.199693
0.200474
0.201062
0.201481
0.201817
0.201952
0.201939
0.201779
0.201452
0.200972
0.20028
0.199502
0.198493
0.196876
0.195662
0.193712
0.192189
0.190547
0.188866
0.186704
0.184314
0.182275
0.180176
0.17801
0.174748
0.171626
0.168816
0.166399
0.163783
0.161247
0.158652
0.154756
0.151918
0.149108
0.146293
0.143548
0.140691
0.137581
0.133993
0.130929
0.127592
0.124351
0.121244
0.118056
0.114175
0.110107
0.106831
0.103852
0.101004
0.0976651
0.0944697
0.0915422
0.0888116
0.0859882
0.0826811
0.0792106
0.0760002
0.0722494
0.0696549
0.0670971
0.0636589
0.0610205
0.058286
0.0557435
0.0522243
0.049498
0.0468859
0.0440935
0.0412637
0.038073
0.034898
0.0315959
0.0281864
0.0245097
0.0206594
0.0169529
0.0129605
0.00851183
0.00416486
-0.000171216
-0.00497382
-0.0097071
-0.0145605
-0.0194794
-0.0247299
-0.0300009
-0.0354544
-0.0408914
-0.0465529
-0.0522577
-0.058174
-0.0641922
-0.0703968
-0.0766138
-0.0830375
-0.0895489
-0.0959823
-0.10544
-0.115326
-0.122064
-0.129497
-0.137364
-0.144207
-0.15172
-0.158692
-0.165146
-0.171723
-0.178572
-0.18462
-0.190911
-0.196975
-0.202769
-0.208341
-0.213272
-0.218291
-0.222794
-0.22758
-0.231728
-0.235478
-0.239301
-0.242772
-0.245666
-0.248279
-0.250697
-0.252868
-0.254628
-0.256291
-0.257599
-0.258705
-0.259603
-0.26031
-0.260831
-0.261218
-0.261467
-0.261608
-0.26165
-0.261614
-0.261518
-0.261383
-0.261207
-0.261038
-0.260856
-0.260663
-0.260556
-0.260513
-0.260559
-0.260743
-0.261105
-0.26158
-0.262087
-0.262843
-0.263739
-0.264751
-0.266186
-0.267658
-0.2691
-0.270712
-0.272327
-0.274243
-0.276056
-0.27822
-0.279967
-0.281441
-0.282506
-0.283423
-0.284028
-0.284347
-0.284447
-0.284354
-0.284078
-0.283663
-0.28314
-0.282442
-0.281362
-0.280441
-0.279468
-0.278285
-0.276899
-0.275187
-0.273752
-0.272332
-0.270633
-0.268881
-0.266859
-0.264637
-0.262021
-0.25974
-0.257489
-0.255241
-0.253032
-0.250845
-0.248658
-0.24657
-0.244658
-0.242774
-0.241027
-0.239363
-0.237778
-0.23629
-0.234832
-0.233419
-0.232388
-0.231418
-0.230495
-0.22989
-0.229574
-0.229459
-0.229554
-0.229844
-0.230341
-0.230978
-0.231885
-0.232983
-0.234121
-0.235443
-0.236947
-0.238524
-0.240241
-0.242227
-0.244179
-0.246214
-0.248264
-0.250344
-0.252487
-0.254585
-0.256655
-0.258732
-0.26056
-0.262322
-0.263967
-0.265374
-0.266641
-0.267733
-0.268633
-0.269399
-0.270001
-0.270453
-0.270734
-0.27086
-0.270812
-0.270503
-0.269918
-0.269084
-0.26799
-0.266512
-0.264834
-0.262818
-0.260176
-0.258634
-0.256919
-0.254552
-0.252826
-0.25093
-0.249098
-0.247067
-0.24472
-0.240827
-0.238568
-0.23449
-0.230447
-0.228019
-0.223101
-0.217817
-0.212181
-0.206051
-0.199592
-0.192761
-0.188819
-0.180741
-0.172017
-0.162846
-0.157734
-0.147192
-0.140553
-0.134433
-0.128377
-0.121913
-0.115241
-0.108465
-0.101298
-0.094044
-0.0862406
-0.0779751
-0.0695992
-0.0607095
-0.0519199
-0.0410114
-0.0276903
-0.0171688
-0.00729059
0.00265405
0.0126452
0.0229752
0.032866
0.0423072
0.0525736
0.0623493
0.0718103
0.0815004
0.0911675
0.100607
0.110099
0.119195
0.128679
0.138436
0.147437
0.156555
0.16491
0.172747
0.180452
0.187627
0.194665
0.201466
0.207832
0.213572
0.21885
0.223888
0.228714
0.232481
0.235662
0.238407
0.240705
0.242502
0.243899
0.244848
0.24542
0.245637
0.245506
0.245064
0.244285
0.243274
0.242012
0.240526
0.238742
0.236932
0.23488
0.232733
0.230363
0.227958
0.225563
0.222978
0.220293
0.217606
0.215009
0.21189
0.20818
0.204968
0.202138
0.199187
0.196263
0.192774
0.189596
0.187122
0.184757
0.182552
0.180258
0.178053
0.175952
0.174022
0.172145
0.170359
0.168493
0.166748
0.165041
0.163615
0.162199
0.160839
0.159552
0.158377
0.157265
0.156247
0.155285
0.154498
0.153771
0.153099
0.152415
0.151771
0.151143
0.150542
0.149912
0.149265
0.148581
0.147908
0.147191
0.146474
0.145758
0.145011
0.144254
0.143449
0.142571
0.141719
0.140824
0.139859
0.138835
0.13754
0.136373
0.135268
0.134116
0.13281
0.131499
0.130133
0.128763
0.127309
0.125781
0.124264
0.122706
0.121097
0.119445
0.117758
0.116114
0.114481
0.112897
0.111321
0.109843
0.108352
0.107021
0.105719
0.104532
0.10343
0.102434
0.10149
0.100635
0.0998525
0.0991504
0.0985796
0.0980316
0.0976764
0.0974615
0.0973827
0.0974648
0.0976936
0.0980655
0.0985922
0.099287
0.10014
0.10113
0.102293
0.103549
0.105035
0.106786
0.108557
0.110499
0.112491
0.114734
0.117195
0.119687
0.122289
0.12502
0.127948
0.130975
0.134538
0.138506
0.142547
0.146358
0.15015
0.154325
0.158469
0.162432
0.166097
0.169733
0.173516
0.177251
0.18091
0.184543
0.187842
0.191042
0.194105
0.197051
0.199527
0.201715
0.203456
0.204841
0.205748
0.206171
0.206105
0.205564
0.204515
0.203054
0.20107
0.198748
0.195955
0.192451
0.188618
0.184388
0.179654
0.174512
0.169078
0.16308
0.157265
0.151011
0.144626
0.137595
0.12993
0.122393
0.115012
0.10659
0.098403
0.0898401
0.0809268
0.0726464
0.0634252
0.0540368
0.04427
0.0336398
0.0230486
0.0129388
0.00316693
-0.00655617
-0.0162605
-0.0260336
-0.0357134
-0.0456611
-0.0508556
-0.0508556
-0.0508556
-0.0508556
-0.0508556
-0.0508556
-0.0508556
-0.0508556
-0.0508556
-0.0508556
-0.0508556
-0.0508556
-0.0508556
-0.0508556
-0.0508556
-0.0508556
-0.0508556
-0.0508556
-0.0508556
-0.0508556
-0.0508556
-0.0508556
-0.0508556
-0.0508556
-0.0508556
-0.0508556
-0.0508556
-0.0508556
-0.0508556
-0.0508556
-0.0508556
-0.0508556
-0.0508556
-0.0508556
-0.0508556
-0.0508556
-0.0508556
-0.0508556
-0.0508556
-0.0508556
-0.0508556
-0.0508556
-0.0508556
-0.0508556
-0.0508556
-0.0508556
-0.0508556
-0.0508556
-0.0508556
-0.0508556
-0.0508556
-0.0508556
-0.0508556
-0.0508556
-0.0508556
-0.0508556
-0.0508556
-0.0508556
-0.0508556
-0.0508556
-0.0508556
-0.0508556
-0.0508556
-0.0508556
-0.0508556
-0.0508556
-0.0508556
-0.0508556
-0.0508556
-0.0508556
-0.0508556
-0.0508556
-0.0508556
-0.0508556
-0.0508556
-0.0508556
-0.0508556
-0.0508556
-0.0508556
-0.0508556
-0.0508556
-0.0508556
-0.0508556
-0.0508556
-0.0508556
-0.0508556
-0.0508556
-0.0508556
-0.0508556
-0.0508556
-0.0508556
-0.0508556
-0.0508556
-0.0508556
-0.0508556
-0.0508556
-0.0508556
-0.0508556
-0.0508556
-0.0508556
-0.0508556
-0.0508556
-0.0508556
-0.0508556
-0.0508556
-0.0508556
-0.0508556
-0.0508556
-0.0508556
-0.0508556
-0.0508556
-0.0508556
-0.0508556
-0.0508556
-0.0508556
-0.0508556
-0.0508556
-0.0508556
-0.0508556
-0.0508556
-0.0508556
-0.0508556
-0.0508556
-0.0508556
-0.0508556
-0.0508556
-0.0508556
-0.0508556
-0.0508556
-0.0508556
-0.0508556
-0.0508556
-0.0508556
-0.0508556
-0.0508556
-0.0508556
-0.0508556
-0.0508556
-0.0508556
-0.0508556
-0.0508556
-0.0508556
-0.0508556
-0.0508556
-0.0508556
-0.0508556
-0.0508556
-0.0508556
-0.0508556
-0.0508556
-0.0508556
-0.0508556
-0.0508556
-0.0508556
-0.0508556
-0.0508556
-0.0508556
-0.0508556
-0.0508556
-0.0508556
-0.0508556
-0.0508556
-0.0508556
-0.0508556
-0.0508556
-0.0508556
-0.0508556
-0.0508556
-0.0508556
-0.0508556
-0.0508556
-0.0508556
-0.0508556
-0.0508556
-0.0508556
-0.0508556
-0.0508556
-0.0508556
-0.0508556
-0.0508556
-0.0508556
-0.0508556
-0.0508556
-0.0508556
-0.0508556
-0.0508556
-0.0508556
-0.0508556
-0.0508556
-0.0508556
-0.0508556
-0.0508556
-0.0508556
-0.0508556
-0.0508556
-0.0508556
-0.0508556
-0.0508556
-0.0508556
-0.0508556
-0.0508556
-0.0508556
-0.0508556
-0.0508556
-0.0508556
-0.0508556
-0.0508556
-0.0508556
-0.0508556
-0.0508556
-0.0508556
-0.0508556
-0.0508556
-0.0508556
-0.0508556
-0.0508556
-0.0508556
-0.0508556
-0.0508556
-0.0508556
-0.0508556
-0.0508556
-0.0508556
-0.0508556
-0.0508556
-0.0508556
-0.0508556
-0.0508556
-0.0508556
-0.0508556
-0.0508556
-0.0508556
-0.0508556
-0.0508556
-0.0508556
-0.0508556
-0.0508556
-0.0508556
-0.0508556
-0.0508556
-0.0508556
-0.0508556
-0.0508556
-0.0508556
-0.0508556
-0.0508556
-0.0508556
-0.0508556
-0.0508556
-0.0508556
-0.0508556
-0.0508556
-0.0508556
-0.0508556
-0.0508556
-0.0508556
-0.0508556
-0.0508556
-0.0508556
-0.0508556
-0.0508556
-0.0508556
-0.0508556
-0.0508556
-0.0508556
-0.0508556
-0.0508556
-0.0508556
-0.0508556
-0.0508556
-0.0508556
-0.0508556
-0.0508556
-0.0508556
-0.0508556
-0.0508556
-0.0508556
-0.0508556
-0.0508556
-0.0508556
-0.0508556
-0.0508556
-0.0508556
-0.0508556
-0.0508556
-0.0508556
-0.0508556
-0.0508556
-0.0508556
-0.0508556
-0.0508556
-0.0508556
-0.0508556
-0.0508556
-0.0508556
-0.0508556
-0.0508556
-0.0508556
-0.0508556
-0.0508556
-0.0508556
-0.0508556
-0.0508556
-0.0508556
-0.0508556
-0.0508556
-0.0508556
-0.0508556
-0.0508556
-0.0508556
-0.0508556
-0.0508556
-0.0508556
-0.0508556
-0.0508556
-0.0508556
-0.0508556
-0.0508556
-0.0508556
-0.0508556