
0
333.695
-533.666
526.503
-308.422
-53.9412
440.416
-729.009
835.556
-738.576
496.136
-219.519
31.6059
-24.5447
207.335
-508.622
826.536
-1043.44
1048.27
-816.309
428.694
-3.85675
-338.137
484.146
-380.784
78.4137
301.69
-622.167
763.913
-660.472
337.815
75.0805
-404.214
519.555
-378.335
10.8813
492.667
-985.497
1293.54
-1290.6
972.538
-449.449
-115.878
565.977
-781.677
699.2
-346.089
-136.925
566.697
-812.097
801.194
-533.036
112.166
295.645
-549.707
573.097
-355.953
-36.5752
475.278
-811.908
952.752
-875.621
594.444
-175.822
-239.516
490.078
-515.341
379.277
-154.791
-109.112
318.252
-362.66
231.656
-12.9347
-197.863
340.437
-367.482
231.877
42.2891
-331.971
519.239
-559.298
453.828
-247.249
14.3779
175.412
-270.63
252.444
-139.16
-20.7284
174.019
-271.096
259.66
-129.714
-54.7554
211.381
-300.663
293.47
-171.894
-24.2357
229.167
-383.322
442.219
-385.544
227.49
-30.824
-124.796
185.589
-138.495
24.7983
89.0812
-166.139
186.459
-137.948
49.9241
25.9102
-64.3614
65.1091
-39.4682
4.08015
36.6967
-82.864
131.442
-162.556
144.576
-92.527
55.2639
-48.2915
46.9546
-34.3172
21.2005
-15.066
17.1779
-34.2307
50.3316
-30.4552
-10.3997
15.6733
20.2675
-51.1832
46.8008
-21.5251
14.3111
-34.1069
56.7165
-72.8568
76.2373
-55.2211
25.6575
-9.81538
2.02655
1.85884
12.5448
-36.4986
49.301
-57.33
65.7411
-53.5098
12.6355
21.8263
-24.9476
12.361
-0.150013
-17.3873
53.751
-96.7191
115.193
-96.3369
44.8916
22.4261
-68.43
54.6889
14.7135
-87.7143
114.59
-88.2738
36.1495
5.62398
-11.0981
-14.9283
39.3571
-48.7403
54.17
-49.6854
27.0784
-2.8366
-1.93578
-10.0475
29.1187
-55.4457
71.8249
-59.5614
33.7311
-16.4642
4.23242
3.03541
11.5373
-36.9925
45.8094
-36.7245
25.3899
-22.0739
32.257
-54.7072
60.9517
-26.8566
-17.171
32.4209
-24.7826
6.37685
29.636
-72.6812
90.1331
-68.845
22.8078
25.1159
-44.5914
20.419
24.0169
-52.8519
55.5675
-45.9974
39.7436
-41.1279
33.6543
-6.46371
-20.1528
26.4591
-12.2873
-11.8937
35.9482
-56.6435
67.9061
-59.4442
30.7504
1.09015
-16.5197
12.8046
-0.0250921
-16.5329
41.3609
-66.9863
74.9709
-64.863
44.2766
-10.4206
-31.8356
51.406
-23.8749
-24.3631
53.3974
-59.9841
58.2607
-50.3123
29.9226
-0.623876
-19.7827
13.3354
12.9044
-31.7397
37.017
-41.0813
40.8863
-28.0583
15.9879
-22.0745
33.7054
-28.8316
5.79202
24.7623
-39.5466
16.4981
31.7447
-67.3082
70.5376
-53.5568
29.4789
-0.761142
-25.1004
35.6801
-24.5564
-8.12623
53.7556
-84.5479
76.0133
-36.1567
-5.42135
26.1264
-26.1945
12.3982
9.64574
-26.3969
31.1462
-33.1162
37.2588
-35.538
23.4841
-7.62534
-2.29808
2.04564
5.38789
-14.3266
20.4827
-28.1127
46.4598
-63.4085
48.8153
-2.94967
-36.3699
39.7591
-13.5285
-20.2162
50.1614
-68.387
62.4227
-30.3909
-6.90363
26.683
-25.6522
6.09729
28.3857
-59.0171
59.6552
-30.0217
-0.486953
9.23937
4.16345
-23.7653
30.1956
-18.3392
0.115203
6.76595
3.78207
-21.499
32.5471
-31.0081
23.2687
-17.2096
10.1764
1.88199
-10.9509
1.80747
24.0815
-43.6208
39.2606
-20.295
7.19049
-0.778595
-4.75968
3.91964
6.41986
-21.6015
32.6691
-34.3766
27.9417
-16.2331
1.87265
10.3146
-11.7779
0.726278
17.077
-36.261
51.4003
-52.413
28.9841
8.74497
-32.9881
29.0062
-4.16175
-26.6468
49.9389
-55.5313
41.5247
-15.6055
-8.13144
15.5833
-6.5057
-7.1088
17.9512
-24.8879
27.0336
-24.3467
20.1819
-17.4461
14.6927
-11.06
5.91327
0.986135
-4.6727
-1.78455
18.2786
-34.8579
42.1118
-35.854
14.9445
10.6566
-21.8263
11.8341
7.28848
-24.5348
36.919
-37.0275
21.102
-3.86183
0.472397
-4.97094
4.75974
-2.13641
3.19226
-6.87403
13.9652
-24.2136
31.3913
-29.3886
18.9918
-7.22861
-0.825905
4.06118
-3.46917
-0.388013
9.21561
-22.0365
32.2748
-33.8866
26.9678
-13.8836
-1.0248
10.4502
-13.2015
9.48736
6.08611
-30.3445
47.784
-46.7133
30.053
-6.10914
-16.1946
23.4407
-12.3226
-8.29664
29.0244
-40.7462
37.2153
-21.3166
4.81941
5.10491
-7.46152
2.67696
5.28347
-13.9361
21.6306
-26.0454
24.2305
-15.7335
7.38875
-3.90584
3.23884
-3.97158
7.22628
-12.1965
16.1455
-17.4701
15.8279
-12.2253
8.84234
-7.49089
8.26269
-9.85883
10.8089
-10.7006
9.81654
-8.82034
9.30455
-12.1278
15.4618
-16.1172
13.1036
-8.33343
4.96334
-4.55286
6.40679
-10.5126
15.9225
-18.2744
15.1707
-9.95903
6.75787
-6.4325
7.58203
-9.95953
12.7576
-12.8536
10.1563
-7.56981
7.90736
-11.1017
14.2698
-14.7713
10.855
-4.73988
1.79807
-4.54733
10.032
-14.4643
16.7901
-17.0301
15.1272
-9.82654
2.58489
1.01124
2.36236
-10.2366
17.0654
-18.9164
16.0088
-11.4141
6.76845
-3.06175
2.63841
-6.48156
11.9464
-14.6216
13.29
-10.9685
10.1814
-9.28892
6.95905
-5.5997
7.47461
-11.5771
14.7436
-14.6537
10.557
-4.96429
2.70062
-5.52511
11.2017
-15.9942
16.698
-12.7888
7.12939
-3.2205
2.73479
-5.27326
9.43502
-13.2753
15.0188
-13.9239
10.0929
-5.84747
4.43555
-6.20228
8.30029
-9.64606
10.9716
-11.2587
10.5465
-9.10168
7.27663
-7.60336
10.5085
-12.0784
9.36577
-5.23951
3.90167
-5.80607
9.18021
-12.2345
12.9992
-11.6425
10.8106
-9.39112
5.03759
-1.26048
2.77486
-8.30709
13.3826
-15.8964
15.6778
-12.3436
7.12484
-3.29824
2.14231
-2.91272
5.07596
-9.17946
14.4991
-17.5236
15.8236
-9.5745
2.42677
0.451249
2.30116
-6.85421
10.0183
-12.9504
15.2535
-14.7059
11.3796
-7.2848
3.41079
-0.394261
1.01209
-6.00028
12.582
-16.9678
16.6088
-11.3738
4.06275
0.33375
0.65245
-5.85581
11.2961
-12.6422
10.5459
-9.18875
9.9031
-10.1993
8.12909
-5.1751
4.0827
-5.00595
6.82637
-9.14797
11.0633
-11.0792
9.35306
-7.58953
6.28324
-5.2742
4.99983
-6.104
7.77454
-8.84391
9.66847
-9.78778
8.9847
-8.62178
9.04147
-8.74114
6.84712
-4.19041
2.87927
-5.49401
10.807
-13.6216
11.0472
-6.53284
5.27146
-7.05309
7.75398
-5.67875
3.75222
-5.06009
9.01109
-12.5796
13.0845
-10.4513
7.13572
-5.03062
4.05157
-4.11793
5.44564
-7.79577
10.2388
-11.5501
10.7126
-7.74236
4.69777
-3.65183
4.95286
-7.10527
8.0891
-7.75662
7.79354
-8.77109
8.84693
-7.39478
6.68972
-8.2085
9.35421
-7.2493
3.58295
-2.10619
4.53684
-9.10641
12.1928
-11.5514
8.42223
-5.858
4.52397
-2.97307
1.87416
-3.8411
8.76549
-13.529
14.8471
-11.1941
4.72171
-0.419642
1.28232
-5.18299
8.34881
-9.70416
9.91262
-9.15438
8.03613
-7.14194
5.72397
-3.32835
1.78615
-3.95249
8.90064
-12.2225
11.3732
-8.05347
5.49522
-5.1216
6.31071
-6.79789
5.71863
-4.73467
5.54344
-8.02826
10.2452
-10.9032
9.30808
-5.79503
2.68793
-1.98422
3.18426
-4.65926
6.89437
-10.4632
13.3006
-13.0176
9.10568
-2.88273
-2.32504
2.29839
3.91332
-12.0552
16.1354
-13.9442
8.42746
-3.21729
-0.308011
0.805466
2.76222
-8.42308
12.0881
-11.1644
7.35311
-4.29326
3.69797
-4.90481
6.87886
-8.15255
6.98028
-4.81719
4.42408
-6.37815
9.10642
-10.0696
8.01624
-4.26119
2.05661
-3.06437
5.94132
-8.43212
9.18776
-8.02921
5.63148
-3.72647
3.52568
-5.10595
7.63328
-9.19772
8.88106
-7.41092
5.32542
-3.618
4.00281
-6.20496
7.8109
-7.47373
6.60641
-6.40327
6.49469
-6.56091
6.23723
-5.1437
3.7701
-3.9427
5.80165
-7.24519
7.5362
-7.81977
8.56815
-8.1026
5.7845
-2.97664
1.53128
-3.13514
7.35092
-11.2126
11.1973
-6.99054
2.2542
-0.916803
3.53025
-7.18114
8.57654
-7.06917
4.79775
-3.63464
4.40846
-6.94903
9.20868
-8.80323
6.0053
-3.30173
2.06868
-2.82771
5.45244
-8.45705
10.193
-9.65252
6.92037
-3.27684
0.785959
-0.74799
2.72546
-5.88366
9.51734
-11.5715
10.0342
-5.97423
2.23282
-0.484057
1.31034
-4.64553
8.5368
-10.6779
10.1195
-7.32258
4.202
-2.26407
1.77671
-2.76749
5.37306
-8.05477
8.66285
-7.47826
5.98676
-4.89251
3.81224
-3.33493
4.49041
-6.25419
6.97654
-6.47396
5.89979
-5.86139
6.3823
-6.87283
6.22835
-4.53429
2.92319
-2.86402
4.70974
-7.05614
8.09784
-7.07038
5.20436
-4.20445
4.13434
-4.24728
4.57289
-5.32663
6.22925
-7.13569
7.48363
-6.1187
3.70883
-2.63163
3.91852
-6.34375
8.01076
-7.57085
4.8899
-2.22108
2.11301
-4.43556
6.85533
-7.32777
5.97239
-4.20822
3.7461
-4.95178
6.13233
-6.07033
5.30851
-4.62046
4.03804
-4.17789
5.76156
-7.62791
7.7246
-5.73889
3.08856
-1.49972
2.22002
-4.78629
7.40932
-8.33448
7.11719
-4.96596
3.23307
-2.58987
3.34357
-5.19387
6.80429
-7.24749
6.59908
-5.11856
3.56023
-3.43172
5.14477
-6.7445
6.7131
-5.52549
4.13054
-2.86696
2.3146
-3.6217
6.53904
-8.88933
8.36876
-5.34069
2.31721
-1.19233
2.4643
-5.1495
7.33295
-7.62482
6.74171
-5.91784
4.79988
-3.10027
2.12392
-2.9454
4.61451
-5.86761
6.47277
-6.62838
6.1655
-4.88406
3.40518
-2.52519
2.57915
-3.6276
5.34489
-6.68778
7.11227
-6.85344
5.72845
-4.00602
2.98239
-2.96251
2.88579
-2.94716
4.18984
-6.35219
8.01649
-8.00233
6.33812
-3.34848
0.0754478
0.75354
2.15561
-6.4508
9.24268
-9.25037
6.85428
-3.85114
2.10337
-2.48814
3.66838
-3.92905
3.75519
-4.5385
6.31287
-7.47933
6.89484
-4.91931
3.2339
-2.81056
2.76896
-2.62483
3.07864
-4.65603
6.5574
-7.91505
8.27417
-6.60633
2.97335
-0.0948311
0.314622
-2.60845
5.35252
-7.9387
9.08584
-7.36401
3.58947
-0.996715
1.65353
-4.00468
5.13721
-4.62151
4.22583
-4.80397
5.65815
-6.05241
5.58626
-4.20389
2.76433
-2.06077
2.35206
-3.81408
5.89456
-7.16155
6.87507
-5.45873
3.38833
-1.34531
0.660549
-2.42383
5.48921
-7.42759
7.46683
-6.22783
3.97859
-1.36136
0.708276
-2.92556
5.75394
-6.60738
5.46212
-4.36093
3.98342
-3.92333
3.9233
-3.70632
3.49671
-3.75446
4.46055
-4.98041
4.99349
-4.53145
3.97072
-3.86158
4.09099
-4.284
4.18455
-3.95772
4.16009
-4.77167
5.04456
-4.56677
3.72903
-3.44551
4.02593
-4.55942
4.43978
-4.07231
3.9421
-4.15177
4.56707
-4.57883
3.98755
-3.53414
3.59338
-3.92246
4.3827
-5.14202
5.5108
-4.71996
3.42153
-2.45581
2.35139
-3.2568
4.6316
-5.69771
6.07904
-5.62699
4.23737
-2.34087
0.979915
-1.31112
3.29406
-5.64531
7.00562
-6.65579
4.89869
-2.90695
1.91078
-2.1557
2.90988
-3.56697
4.37482
-5.32786
5.73378
-5.23573
4.11227
-2.82589
1.74877
-1.67171
3.11366
-5.21051
6.21142
-5.5029
3.94699
-2.48258
2.16817
-3.4063
5.20622
-5.62442
3.85683
-1.88645
2.11109
-4.3811
6.28276
-6.39152
4.94795
-2.70147
0.89685
-0.745833
2.63558
-5.39135
7.18726
-6.96325
4.9708
-2.37982
0.644024
-0.926882
2.87117
-4.99173
6.26348
-6.5554
5.72947
-3.81724
1.82688
-0.943276
1.61335
-3.52314
5.65068
-6.48713
5.49994
-3.69124
2.40678
-2.10939
2.69547
-3.89858
4.54287
-4.03875
3.35581
-3.51172
4.37813
-4.7689
4.02062
-3.00175
2.73413
-3.01507
3.53256
-4.15235
4.23799
-3.47365
2.74275
-3.15122
4.26988
-4.75445
4.18023
-3.22708
2.38296
-2.10394
2.84384
-4.13737
5.12525
-5.14622
4.3851
-3.31118
2.24618
-1.77032
2.20647
-3.31893
4.59113
-5.71337
5.89654
-4.42966
1.91058
-0.0147252
0.313214
-2.76128
6.10104
-8.12935
7.02428
-3.60435
0.452955
0.532683
0.742573
-3.44564
6.36225
-7.77923
6.55702
-3.49226
0.733724
0.00263399
1.28603
-3.33569
5.00411
-5.58537
5.16741
-4.40871
3.62413
-2.70481
1.99879
-2.04033
2.56933
-3.43925
4.48822
-5.01053
4.57623
-3.61962
3.10654
-3.27515
3.36705
-2.85619
2.17958
-1.95092
2.54045
-3.85794
5.22395
-5.75846
4.83151
-2.96066
1.43972
-1.03215
1.60438
-2.93575
4.50205
-5.32171
5.17473
-4.37769
3.29368
-2.10197
1.06471
-0.801647
1.79521
-3.89169
5.96185
-6.70036
5.34037
-2.4685
0.0540313
0.233411
1.63148
-4.18669
5.85473
-5.85732
4.64168
-3.17854
2.0352
-1.57525
1.86993
-2.489
3.18608
-4.04652
4.72317
-4.77453
3.87953
-2.45876
1.89882
-2.46528
3.09141
-3.17123
2.99179
-3.13305
3.80597
-4.48198
4.68899
-4.39922
3.50432
-1.97735
0.455451
-0.32314
2.1732
-4.80506
6.4002
-6.3138
4.96084
-2.8108
0.709404
0.509678
-0.147124
-1.98477
4.82579
-6.90542
7.11165
-5.29473
2.41476
0.045827
-0.815798
-0.497886
2.96138
-5.01454
5.84455
-5.36104
3.82077
-2.04354
1.05917
-1.21969
2.15814
-3.2667
4.03891
-4.07114
3.46517
-2.95412
2.80747
-2.84882
2.82156
-2.83161
3.04751
-3.11658
2.97125
-2.72186
2.7105
-3.18501
3.6883
-3.50024
2.68535
-2.30726
2.63753
-3.10314
3.28918
-3.2961
3.34056
-3.0982
2.55843
-2.14083
2.22254
-3.0402
4.19222
-4.61718
3.88044
-2.59795
1.5023
-1.34698
2.22903
-3.20571
3.81402
-4.29731
4.50195
-3.97391
2.64379
-1.27988
0.742789
-1.2988
2.86163
-4.57061
5.20776
-4.31486
2.80754
-1.72026
1.1893
-1.39433
2.33317
-3.72032
4.81364
-4.77455
3.5932
-1.84765
0.578561
-0.694789
2.40441
-4.5341
5.30416
-4.36937
2.64611
-1.02409
0.308525
-1.22372
3.09819
-4.53825
4.83683
-3.81883
2.06991
-0.878137
1.10082
-2.36066
3.89258
-4.95207
4.56436
-2.47863
0.285441
-0.154596
2.1702
-4.43738
5.33011
-4.6377
2.96859
-1.1625
0.0570855
-0.304755
1.98751
-4.1661
5.584
-5.49897
4.07641
-1.98915
0.240474
0.0457434
1.184
-3.01619
4.47912
-5.05089
4.60796
-3.34272
1.85342
-1.05312
1.33031
-1.93348
2.31631
-2.60574
3.08775
-3.97783
4.61511
-3.93265
2.24076
-0.975565
0.914759
-1.74505
2.7687
-3.60958
3.90996
-3.62554
3.20063
-2.67336
1.9909
-1.38292
1.39807
-2.19905
3.0351
-3.21749
2.96043
-2.92422
3.16902
-3.2462
2.65921
-1.6704
1.15687
-1.3646
2.15583
-3.40038
4.53458
-4.75307
3.75156
-1.79233
-0.097346
0.559695
0.907685
-3.39896
5.31082
-5.74247
4.35817
-1.81924
-0.226821
0.680867
0.606152
-2.95742
5.08239
-5.50156
4.04419
-2.09748
0.890432
-0.803644
1.53169
-2.49931
3.12593
-3.13708
2.83913
-2.55805
2.30783
-2.43262
2.99985
-3.18414
2.54938
-1.59112
1.12509
-1.53057
2.51815
-3.4727
4.08712
-4.09425
3.25083
-2.13318
1.14337
-0.545715
0.802561
-1.91225
3.53167
-4.63393
4.3088
-2.94173
1.51568
-0.828135
1.17083
-1.87034
2.25068
-2.52793
3.04693
-3.72983
3.95199
-3.15215
1.6806
-0.696961
0.833848
-1.86745
3.09047
-3.42622
3.02629
-2.76158
2.61461
-2.16294
1.52436
-1.22666
1.40973
-2.0996
3.00881
-3.576
3.38183
-2.42615
1.58143
-1.47818
1.92852
-2.48002
2.66057
-2.48707
2.54747
-2.97399
3.11201
-2.4601
1.35113
-0.711967
1.10971
-2.21276
3.23032
-3.67769
3.40136
-2.62491
1.83189
-1.1778
0.764417
-1.07459
2.46489
-3.96991
4.41463
-3.70174
2.14213
-0.691545
0.346727
-1.31849
2.94252
-3.87455
3.50574
-2.45253
1.40322
-0.673321
0.768101
-1.9308
3.38787
-4.03199
3.52805
-2.32527
1.19512
-0.738215
1.16296
-2.19673
3.14797
-3.72549
3.56697
-2.52227
1.41097
-0.943344
1.31146
-2.08664
2.54006
-2.2635
1.72848
-1.67582
2.15193
-2.93434
3.30601
-2.90553
2.04893
-0.966844
0.285194
-0.565248
1.86667
-3.722
5.02388
-4.76464
2.93813
-0.682506
-0.768753
0.866914
0.459567
-2.5549
4.23019
-4.6269
3.78911
-2.41091
0.980684
-0.156067
0.324554
-1.23129
2.44446
-3.18474
3.31788
-3.11431
2.74686
-2.39437
1.85845
-1.16543
0.777179
-1.21205
2.20579
-2.87545
2.81843
-2.31104
1.92053
-1.90023
2.05464
-2.02122
1.86233
-1.90404
2.10299
-2.18008
2.0902
-2.06872
2.2389
-2.51954
2.69692
-2.48841
1.72167
-0.883659
0.749081
-1.51571
2.6458
-3.28482
3.11958
-2.30808
1.33119
-0.664152
0.668862
-1.51506
2.60712
-3.36739
3.59007
-3.11917
1.92191
-0.485415
-0.235451
-0.468085
2.18495
-3.48349
3.75626
-3.16504
2.0193
-0.91403
0.264771
-0.3188
0.979272
-2.04689
3.18448
-3.67341
3.18917
-2.2609
1.4661
-0.936272
0.8584
-1.12904
1.49717
-2.12849
2.87784
-3.10229
2.64798
-1.98434
1.46133
-1.09784
0.932527
-1.18393
1.74764
-2.19225
2.23352
-2.1947
2.51421
-2.75673
2.42726
-1.77381
1.30771
-1.11357
1.09778
-1.4368
2.19774
-2.92745
3.0449
-2.61117
1.8284
-1.00178
0.572284
-0.710067
1.49196
-2.45944
3.00428
-2.94757
2.37821
-1.51684
0.80027
-0.81783
1.5441
-2.39025
2.87739
-2.77484
2.1124
-1.31557
0.746279
-0.643517
1.30347
-2.33107
2.95673
-2.77359
1.93913
-1.12496
0.7273
-0.786256
1.33279
-2.00256
2.37558
-2.40909
2.17249
-1.9735
1.90293
-1.76722
1.64599
-1.47749
1.05775
-0.773701
1.15474
-1.96899
2.79536
-3.24403
2.87783
-1.76346
0.474273
0.279588
-0.0631286
-1.06392
2.53616
-3.74529
4.05924
-3.06112
1.26488
0.227572
-0.424185
-0.688222
2.16112
-3.11956
3.40337
-2.92161
1.69872
-0.673251
0.426373
-0.791802
1.49302
-2.17021
2.5652
-2.51646
2.08231
-1.56716
1.16156
-0.889873
1.06313
-1.69607
2.30356
-2.53338
2.34203
-1.99364
1.5689
-1.11731
0.797051
-0.807481
1.30047
-2.05451
2.52452
-2.40297
2.06951
-1.73989
1.27006
-0.659053
0.404096
-0.951887
1.89016
-2.65961
2.85376
-2.38665
1.51305
-0.809904
0.785292
-1.153
1.41283
-1.40236
1.35035
-1.49147
2.00276
-2.61215
2.49643
-1.53972
0.521724
-0.177314
0.58577
-1.50841
2.48099
-2.95569
2.70248
-1.88628
1.04296
-0.485108
0.374021
-1.01456
2.17354
-2.85387
2.58375
-1.71721
0.714332
-0.14671
0.408182
-1.4611
2.62175
-3.05577
2.53732
-1.58187
0.782923
-0.373752
0.649299
-1.40846
2.24165
-2.72826
2.49186
-1.79387
1.0216
-0.611171
0.793516
-1.46927
2.01717
-1.77323
1.14653
-0.890018
1.26301
-1.906
2.32906
-2.26363
1.75937
-1.16132
0.682547
-0.54599
0.903018
-1.54676
2.05175
-2.26993
2.37181
-2.16777
1.39489
-0.491382
0.00760276
-0.0636058
0.643589
-1.58524
2.56708
-3.05036
2.70574
-1.79935
0.837825
-0.174137
-0.000927091
-0.521363
1.40465
-2.10103
2.56208
-2.72793
2.28347
-1.2468
0.264776
0.0827908
0.358341
-1.18452
1.77879
-2.10847
2.26472
-2.02261
1.44238
-0.99266
0.917345
-1.06832
1.17749
-1.22166
1.45414
-1.91088
2.18448
-2.03385
1.61978
-1.04054
0.481884
-0.203293
0.551603
-1.56205
2.62498
-3.03877
2.39307
-1.09283
-0.16296
0.623211
0.171198
-1.59537
2.82843
-3.35421
2.99367
-1.7783
0.231219
0.676384
-0.631139
-0.325881
1.86261
-3.12257
3.49352
-2.65636
0.923515
0.465506
-0.628182
-0.3783
1.68141
-2.2301
1.98606
-1.60424
1.43432
-1.32227
1.20587
-1.09841
1.10917
-1.27698
1.1809
-0.843904
0.654786
-0.926882
1.54073
-2.08939
2.32644
-1.85609
0.912639
-0.203283
0.0267584
-0.37977
1.2202
-2.16624
2.47589
-1.99059
1.23793
-0.802966
0.649419
-0.549607
0.73682
-1.32072
1.86662
-1.94325
1.55132
-0.938499
0.607411
-0.687428
1.04302
-1.57068
1.92836
-1.87698
1.40524
-0.847435
0.386089
-0.17053
0.474557
-1.30505
2.30278
-2.73499
2.38484
-1.43988
0.230567
0.577387
-0.418039
-0.661297
2.03163
-2.8927
2.62425
-1.67439
0.840705
-0.338545
0.231641
-0.560256
1.1333
-1.38938
1.26813
-1.26628
1.44717
-1.49231
1.40002
-1.34053
1.30593
-1.11997
0.604822
-0.12792
0.202839
-1.04879
2.1588
-2.62279
2.27254
-1.3284
0.179104
0.511938
-0.209207
-0.891981
2.01682
-2.47384
2.04973
-1.13257
0.258106
0.0278934
0.386833
-1.09411
1.72276
-2.01395
1.8396
-1.24953
0.388188
0.253972
0.106847
-1.18741
2.03981
-2.26432
1.84245
-1.06942
0.312991
0.0206382
0.24074
-0.822766
1.27457
-1.56527
1.83729
-1.73377
1.25716
-0.716264
0.31875
-0.327242
0.780639
-1.36107
1.59431
-1.27683
0.705662
-0.624879
1.23366
-1.825
1.83658
-1.32393
0.557276
0.0664748
-0.0867678
-0.478659
1.35481
-2.11601
2.36653
-2.03289
1.1739
-0.198928
-0.426509
0.378666
0.470182
-1.65494
2.40259
-2.26115
1.5327
-0.797242
0.177625
0.107682
0.269148
-1.06786
1.75984
-1.90297
1.56572
-1.00911
0.393319
-0.0586085
0.257292
-0.910171
1.50516
-1.71849
1.47312
-0.92146
0.416369
-0.0419786
0.142957
-0.803735
1.5343
-1.84243
1.59693
-1.06681
0.448047
-0.0812414
0.319641
-1.02421
1.47706
-1.23638
0.703853
-0.412219
0.629414
-1.16646
1.56354
-1.55629
1.13746
-0.406305
-0.323178
0.486865
0.236717
-1.43828
2.44113
-2.83231
2.25226
-0.848115
-0.649741
1.31053
-0.740658
-0.542093
1.93611
-2.83446
2.8597
-1.97025
0.493638
0.726172
-0.982421
0.294686
0.791446
-1.85352
2.34634
-2.03853
1.27963
-0.491293
0.14108
-0.237664
0.477447
-0.728591
1.04722
-1.39151
1.52773
-1.24753
0.624173
-0.170158
0.234707
-0.652475
1.11003
-1.36751
1.22076
-0.825592
0.435842
-0.282153
0.57649
-0.902301
0.991173
-0.956951
0.838558
-0.69972
0.672443
-0.794612
0.886829
-0.901389
0.76592
-0.502004
0.181483
-0.0742364
0.608044
-1.43665
1.87238
-1.65619
1.0064
-0.148351
-0.649065
0.87996
-0.137666
-1.33818
2.53989
-2.74869
1.83349
-0.28866
-0.965181
1.17929
-0.277584
-0.978198
1.92499
-2.20131
1.80554
-1.01524
0.109123
0.307047
0.16732
-1.01071
1.40952
-1.15449
0.564474
-0.273897
0.527201
-0.935726
1.19322
-1.18516
0.859251
-0.419429
0.298163
-0.48871
0.692542
-0.841308
1.06562
-1.25742
1.06698
-0.578571
0.133201
-0.0850427
0.518498
-1.18007
1.62684
-1.4515
0.748096
0.12181
-0.596067
0.274492
0.54338
-1.29094
1.73682
-1.66708
1.07951
-0.346545
-0.371383
0.672746
-0.357609
-0.385393
1.33623
-2.04166
2.07217
-1.2975
0.282746
0.437966
-0.691841
0.495901
0.0294715
-0.850064
1.5938
-1.87659
1.51419
-0.820849
0.224462
0.200757
-0.29631
0.140098
0.15749
-0.625022
1.21245
-1.71414
1.7441
-1.20388
0.492589
-0.0128544
-0.188255
0.195333
-0.0177719
-0.410218
1.05786
-1.7107
1.94667
-1.50248
0.513818
0.515159
-0.926575
0.490746
0.562802
-1.56125
2.05683
-1.85793
0.880438
0.234039
-0.843724
0.595154
0.36188
-1.50151
2.283
-1.96085
0.615052
0.706237
-1.18624
0.720399
0.436801
-1.66794
2.23532
-1.85467
0.717645
0.476444
-1.07681
0.867219
0.0357643
-1.06248
1.57814
-1.48457
1.01759
-0.447561
0.0101881
0.0870605
0.166632
-0.319932
0.335034
-0.433543
0.580362
-0.809483
0.980916
-0.92457
0.525757
-0.0832114
-0.000870829
-0.126768
0.0884575
0.0951702
0.184589
-0.90286
1.47349
-1.5252
0.975546
-0.195352
-0.420833
0.601409
-0.185357
-0.674911
1.40151
-1.52569
1.18093
-0.613423
0.0231986
0.235244
-0.119489
-0.132262
0.500393
-0.901817
1.08718
-0.825574
0.321654
-0.0209145
-0.0172551
-0.137096
0.546926
-1.08162
1.25526
-1.05591
0.606644
0.0613961
-0.512107
0.41609
0.320338
-1.09715
1.29866
-1.07764
0.651969
-0.117982
-0.333367
0.384603
-0.0501043
-0.363776
0.535845
-0.478256
0.48712
-0.661655
0.899666
-1.05066
0.928135
-0.272784
-0.553652
0.999296
-0.833612
-0.0292985
1.1877
-2.02291
2.12784
-1.44951
-0.00498421
1.54788
-2.16312
1.56247
0.00560825
-1.69149
2.73023
-2.56952
1.22562
0.417828
-1.45717
1.40807
-0.540339
-0.57191
1.40825
-1.6844
1.30128
-0.493976
-0.0668166
0.222007
-0.213193
0.0566305
0.264343
-0.545585
0.598241
-0.380364
0.204923
-0.364655
0.57124
-0.556727
0.424559
-0.376617
0.281241
-0.120207
0.0854318
-0.22865
0.530979
-0.7549
0.735452
-0.372401
-0.0607092
0.17184
0.0254734
-0.404267
0.687912
-0.65005
0.292711
0.129524
-0.416087
0.312483
0.248935
-0.838625
1.17965
-1.09077
0.533754
0.204781
-0.661108
0.650458
-0.255431
-0.348578
0.848529
-1.13055
1.0825
-0.613902
-0.191419
0.797055
-0.796738
0.368423
0.279028
-0.733288
0.861296
-0.708823
0.418039
-0.265382
0.0790718
0.101254
-0.0436659
-0.120329
0.207225
-0.31535
0.398187
-0.272944
0.245461
-0.470813
0.492935
-0.168033
-0.125194
0.203506
-0.10891
-0.047022
0.218979
-0.416802
0.621358
-0.702598
0.408146
0.0507422
-0.244575
0.0455787
0.294502
-0.506341
0.618487
-0.554254
0.223275
0.280011
-0.593086
0.441878
0.0729226
-0.845767
1.48
-1.22536
0.0406796
1.14366
-1.54844
1.0106
0.167357
-1.33997
1.92695
-1.72091
0.740125
0.539574
-1.31288
1.42868
-0.990645
0.0678269
0.970736
-1.56893
1.40844
-0.735254
-0.16418
0.83717
-1.00499
0.846059
-0.442286
-0.119794
0.755984
-1.16752
1.13827
-0.891327
0.409735
0.387703
-1.01301
1.0982
-0.696343
-0.0581067
0.792193
-1.18872
1.11228
-0.522374
-0.410459
1.14027
-1.16114
0.438418
0.557875
-1.03508
0.868596
-0.337716
-0.125222
0.168895
-0.0846666
0.00825903
0.104719
-0.235663
0.2635
-0.223677
0.19718
-0.0335984
-0.205339
0.50009
-0.659259
0.403643
0.193494
-0.835435
1.06574
-0.677431
-0.127298
0.919406
-1.15963
0.648073
0.285434
-1.09526
1.3227
-1.03017
0.271976
0.648586
-1.0304
0.885571
-0.447885
-0.0375931
0.504556
-0.663768
0.221326
0.248369
-0.361149