
0
0
0
0
0
0
0
0
0
0
0
0
0
0
0
0
0
0
0
0
0
0
0
0
0
0
0
0
0
0
0
0
0
0
0
0
0
0
0
0
0
0
0
0
0
0
0
0
0
0
0
0
0
0
0
0
0
0
0
0
0
0
0
0
0
0
0
0
0
0
0
0
0
0
0
0
0
0
0
0
0
0
0
0
0
0
0
0
0
0
0
0
0
0
0
0
0
0
0
0
0
0
0
0
0
0
0
0
0
0
0
0
0
0
0
0
0
0
0
0
0
0
0
0
0
0
0
0
0
0
0
0
0
0
0
0
0
0
0
0
0
0
0
0
0
0
0
0
0
0
0
0
0
0
0
0
0
0
0
0
1.11927e-08
5.70935e-08
1.43329e-07
2.63559e-07
4.20729e-07
6.05399e-07
8.21182e-07
1.05447e-06
1.32006e-06
1.61611e-06
1.93264e-06
2.26891e-06
2.63204e-06
3.00991e-06
3.38886e-06
3.79132e-06
4.21311e-06
4.6518e-06
5.09983e-06
5.54617e-06
6.07842e-06
6.562e-06
7.05705e-06
7.52941e-06
7.99663e-06
8.43145e-06
8.83112e-06
9.20326e-06
9.52343e-06
9.82735e-06
1.01052e-05
1.03614e-05
1.05949e-05
1.08228e-05
1.10367e-05
1.12511e-05
1.14538e-05
1.16449e-05
1.18611e-05
1.20325e-05
1.21997e-05
1.23505e-05
1.25004e-05
1.26196e-05
1.27153e-05
1.27934e-05
1.28537e-05
1.2899e-05
1.29314e-05
1.29477e-05
1.29517e-05
1.29467e-05
1.29356e-05
1.29214e-05
1.29049e-05
1.28871e-05
1.28705e-05
1.2856e-05
1.28459e-05
1.28413e-05
1.28436e-05
1.28545e-05
1.28739e-05
1.29018e-05
1.29359e-05
1.29724e-05
1.30117e-05
1.30491e-05
1.30856e-05
1.31195e-05
1.3155e-05
1.3195e-05
1.32391e-05
1.32942e-05
1.33557e-05
1.34279e-05
1.35062e-05
1.35905e-05
1.36697e-05
1.37584e-05
1.38502e-05
1.3946e-05
1.40477e-05
1.41569e-05
1.42674e-05
1.43876e-05
1.4513e-05
1.46383e-05
1.47646e-05
1.48858e-05
1.50136e-05
1.51389e-05
1.52701e-05
1.53979e-05
1.5536e-05
1.56699e-05
1.58123e-05
1.59593e-05
1.60939e-05
1.62208e-05
1.63378e-05
1.64338e-05
1.6517e-05
1.65887e-05
1.66581e-05
1.67329e-05
1.68244e-05
1.6939e-05
1.70709e-05
1.7206e-05
1.7357e-05
1.75039e-05
1.76453e-05
1.77844e-05
1.79185e-05
1.8047e-05
1.81747e-05
1.83058e-05
1.84482e-05
1.85921e-05
1.87395e-05
1.88872e-05
1.90291e-05
1.91626e-05
1.92969e-05
1.94297e-05
1.95509e-05
1.96662e-05
1.97663e-05
1.98603e-05
1.99565e-05
2.00443e-05
2.01448e-05
2.02459e-05
2.03487e-05
2.04526e-05
2.05813e-05
2.07031e-05
2.07928e-05
2.08816e-05
2.09755e-05
2.10823e-05
2.11961e-05
2.13136e-05
2.14238e-05
2.15288e-05
2.16246e-05
2.17082e-05
2.17879e-05
2.18666e-05
2.19549e-05
2.20514e-05
2.21574e-05
2.22683e-05
2.23763e-05
2.24549e-05
2.24897e-05
2.24647e-05
2.2368e-05
2.21897e-05
2.18864e-05
2.15064e-05
2.10908e-05
2.06368e-05
2.01417e-05
1.96455e-05
1.91847e-05
1.87913e-05
1.84839e-05
1.82464e-05
1.80794e-05
1.79784e-05
1.79426e-05
1.79659e-05
1.80354e-05
1.81483e-05
1.82969e-05
1.84803e-05
1.8707e-05
1.89718e-05
1.92779e-05
1.96002e-05
1.99174e-05
2.0262e-05
2.05949e-05
2.09052e-05
2.11892e-05
2.14666e-05
2.17242e-05
2.19831e-05
2.22366e-05
2.24922e-05
2.27463e-05
2.30032e-05
2.32451e-05
2.34707e-05
2.36725e-05
2.3855e-05
2.40144e-05
2.4153e-05
2.4274e-05
2.43787e-05
2.44593e-05
2.45157e-05
2.45429e-05
2.45424e-05
2.45087e-05
2.4438e-05
2.43357e-05
2.42047e-05
2.40473e-05
2.38773e-05
2.37021e-05
2.35264e-05
2.33525e-05
2.31788e-05
2.30095e-05
2.28371e-05
2.2656e-05
2.24788e-05
2.23087e-05
2.21291e-05
2.195e-05
2.17716e-05
2.1589e-05
2.14196e-05
2.12598e-05
2.11033e-05
2.09601e-05
2.08314e-05
2.07142e-05
2.06066e-05
2.05052e-05
2.04044e-05
2.03253e-05
2.02604e-05
2.02119e-05
2.01732e-05
2.01429e-05
2.01169e-05
2.0092e-05
2.0075e-05
2.00601e-05
2.0055e-05
2.00556e-05
2.00626e-05
2.00783e-05
2.0101e-05
2.01305e-05
2.01659e-05
2.02051e-05
2.02478e-05
2.02881e-05
2.03253e-05
2.03638e-05
2.03918e-05
2.04155e-05
2.04359e-05
2.04548e-05
2.04729e-05
2.04908e-05
2.05074e-05
2.05221e-05
2.05328e-05
2.05385e-05
2.05396e-05
2.0536e-05
2.05301e-05
2.05252e-05
2.05273e-05
2.05365e-05
2.05482e-05
2.05645e-05
2.05896e-05
2.06278e-05
2.06816e-05
2.07464e-05
2.08132e-05
2.08837e-05
2.09507e-05
2.10103e-05
2.10639e-05
2.11055e-05
2.11388e-05
2.11649e-05
2.11919e-05
2.12143e-05
2.12325e-05
2.1244e-05
2.12478e-05
2.12455e-05
2.1239e-05
2.12308e-05
2.12223e-05
2.12184e-05
2.12203e-05
2.12284e-05
2.12401e-05
2.12544e-05
2.12688e-05
2.12817e-05
2.1292e-05
2.12984e-05
2.13008e-05
2.12994e-05
2.12959e-05
2.12916e-05
2.12867e-05
2.12814e-05
2.12751e-05
2.12686e-05
2.12617e-05
2.12542e-05
2.12452e-05
2.12342e-05
2.12208e-05
2.12042e-05
2.11849e-05
2.11639e-05
2.11394e-05
2.1108e-05
2.10718e-05
2.10288e-05
2.09758e-05
2.0913e-05
2.08421e-05
2.07656e-05
2.06916e-05
2.06236e-05
2.05669e-05
2.05229e-05
2.04999e-05
2.04967e-05
2.05071e-05
2.05211e-05
2.05332e-05
2.05439e-05
2.05541e-05
2.0568e-05
2.05924e-05
2.06195e-05
2.06439e-05
2.06687e-05
2.06894e-05
2.07058e-05
2.07253e-05
2.07485e-05
2.07768e-05
2.08187e-05
2.08749e-05
2.09343e-05
2.09851e-05
2.10267e-05
2.10593e-05
2.1085e-05
2.10983e-05
2.11022e-05
2.10969e-05
2.1081e-05
2.10573e-05
2.10296e-05
2.09955e-05
2.09478e-05
2.08824e-05
2.08051e-05
2.0709e-05
2.05926e-05
2.0466e-05
2.0326e-05
2.01849e-05
2.00372e-05
1.98887e-05
1.97476e-05
1.96166e-05
1.94928e-05
1.93679e-05
1.92431e-05
1.91192e-05
1.89856e-05
1.88515e-05
1.87095e-05
1.85714e-05
1.8438e-05
1.83227e-05
1.82344e-05
1.81766e-05
1.81462e-05
1.8136e-05
1.81357e-05
1.814e-05
1.8147e-05
1.81571e-05
1.8174e-05
1.82032e-05
1.82477e-05
1.8307e-05
1.83872e-05
1.848e-05
1.85826e-05
1.86918e-05
1.87955e-05
1.8894e-05
1.89907e-05
1.91064e-05
1.92692e-05
1.94496e-05
1.96436e-05
1.98384e-05
2.00019e-05
2.01159e-05
2.01412e-05
2.00656e-05
1.98796e-05
1.9556e-05
1.9088e-05
1.84175e-05
1.75375e-05
1.64969e-05
1.51552e-05
1.3928e-05
1.25912e-05
1.12464e-05
9.97099e-06
8.82329e-06
7.73192e-06
6.67503e-06
5.85659e-06
5.1703e-06
4.6661e-06
4.30867e-06
4.08839e-06
4.06323e-06
4.22089e-06
4.57106e-06
5.07107e-06
5.78292e-06
6.62873e-06
7.63676e-06
8.78639e-06
1.00871e-05
1.14776e-05
1.30048e-05
1.46693e-05
1.6451e-05
1.83646e-05
2.03413e-05
2.23087e-05
2.43009e-05
2.63939e-05
2.84766e-05
3.0472e-05
3.23598e-05
3.42088e-05
3.62037e-05
3.81007e-05
3.99429e-05
4.1704e-05
4.35116e-05
4.523e-05
4.67977e-05
4.8069e-05
4.91331e-05
5.00095e-05
5.06773e-05
5.1173e-05
5.15457e-05
5.1838e-05
5.20413e-05
5.21687e-05
5.2223e-05
5.22137e-05
5.21474e-05
5.2025e-05
5.18542e-05
5.1632e-05
5.13871e-05
5.11025e-05
5.08096e-05
5.05185e-05
5.02372e-05
4.99726e-05
4.97425e-05
4.9556e-05
4.93776e-05
4.92112e-05
4.90332e-05
4.88598e-05
4.8706e-05
4.85697e-05
4.84286e-05
4.82804e-05
4.81263e-05
4.79763e-05
4.78344e-05
4.77134e-05
4.76258e-05
4.75872e-05
4.75985e-05
4.76463e-05
4.77208e-05
4.78166e-05
4.7917e-05
4.80021e-05
4.80646e-05
4.80966e-05
4.81078e-05
4.81172e-05
4.81572e-05
4.82474e-05
4.8401e-05
4.86701e-05
4.90265e-05
4.95884e-05
5.02762e-05
5.10953e-05
5.20116e-05
5.2994e-05
5.41068e-05
5.52997e-05
5.65454e-05
5.78646e-05
5.9196e-05
6.05617e-05
6.21627e-05
6.37055e-05
6.52873e-05
6.688e-05
6.85958e-05
7.02644e-05
7.20589e-05
7.37829e-05
7.54868e-05
7.72411e-05
7.90004e-05
8.07704e-05
8.25642e-05
8.44214e-05
8.6279e-05
8.83287e-05
9.04268e-05
9.25242e-05
9.47861e-05
9.70842e-05
9.93569e-05
0.000101732
0.000104331
0.000106931
0.000109626
0.000112374
0.00011526
0.000118127
0.000121009
0.000124033
0.000127045
0.000130248
0.000133372
0.000136497
0.000139727
0.000143069
0.000146396
0.000149959
0.00015343
0.000156893
0.000160454
0.00016395
0.000168799
0.000172934
0.000177819
0.000182409
0.000186703
0.000191125
0.00019548
0.000199394
0.000203337
0.000207307
0.000211219
0.000215409
0.000220024
0.000224354
0.000228675
0.000233173
0.000237892
0.000243365
0.000248765
0.000254256
0.000260347
0.000266501
0.000272822
0.000279139
0.000285723
0.000292346
0.000298806
0.00030598
0.000312568
0.000319238
0.000326407
0.000333408
0.000339933
0.000346474
0.000353625
0.000360045
0.000366324
0.000372288
0.000378507
0.000384312
0.000389761
0.000395162
0.000400638
0.000406201
0.000411465
0.000416879
0.00042208
0.000427696
0.000433642
0.000439813
0.000445855
0.000451977
0.000458367
0.000464792
0.00047126
0.000478284
0.000485265
0.000492271
0.000499112
0.000505827
0.00051329
0.000520278
0.00052816
0.000535382
0.00054274
0.000550249
0.000558007
0.000565627
0.000573436
0.000581482
0.00058956
0.00059746
0.000605649
0.000614006
0.000622217
0.000630489
0.000638636
0.000646482
0.000654404
0.000662441
0.00067097
0.000679008
0.000687262
0.000695511
0.00070419
0.000712801
0.000721728
0.000730712
0.000740199
0.000750372
0.000761204
0.000772051
0.000783374
0.000794761
0.00080696
0.000819614
0.000832819
0.000845949
0.000858625
0.000871715
0.000884908
0.000898185
0.000911671
0.000924344
0.000937859
0.000953756
0.000967645
0.000982543
0.00099643
0.00101145
0.00102619
0.00103879
0.00105045
0.0010615
0.00107294
0.00108382
0.00109464
0.00110533
0.00111582
0.00112568
0.00113535
0.0011446
0.0011549
0.00116395
0.00117226
0.00118058
0.00118876
0.00119672
0.00120455
0.0012134
0.00122167
0.00122962
0.00123767
0.00124561
0.0012531
0.00126106
0.00126919
0.00127758
0.00128556
0.00129329
0.00130089
0.00130885
0.00131634
0.0013234
0.00133029
0.00133741
0.00134406
0.00135057
0.00135698
0.0013642
0.00137094
0.00137738
0.00138377
0.00138989
0.00139597
0.00140213
0.00140788
0.00141365
0.00141952
0.00142716
0.00143364
0.00144046
0.00144751
0.00145528
0.00146262
0.00147066
0.00147819
0.00148531
0.00149253
0.00149962
0.00150672
0.00151384
0.00152136
0.00152842
0.0015349
0.00154115
0.00154692
0.00155194
0.0015559
0.00155909
0.00156141
0.00156295
0.00156409
0.00156489
0.00156554
0.00156629
0.00156742
0.00156886
0.00157068
0.00157298
0.00157576
0.00157907
0.00158257
0.0015863
0.00159027
0.00159492
0.00159994
0.00160491
0.00161
0.00161506
0.00162036
0.00162571
0.0016304
0.00163441
0.00163823
0.00164142
0.00164429
0.00164686
0.00164969
0.0016528
0.00165615
0.00166067
0.00166617
0.00167334
0.00168009
0.00168743
0.00169656
0.00170624
0.0017135
0.00172016
0.00172637
0.00173216
0.00173778
0.00174266
0.00174723
0.00175104
0.00175432
0.00175678
0.00175844
0.00175947
0.00175983
0.00175967
0.00175907
0.00175805
0.00175665
0.00175479
0.00175263
0.00174996
0.00174726
0.00174427
0.00174108
0.00173781
0.00173488
0.00173216
0.00172969
0.00172741
0.00172533
0.00172362
0.00172231
0.00172135
0.00172072
0.00172048
0.00172056
0.00172089
0.00172138
0.00172196
0.00172264
0.00172331
0.001724
0.00172474
0.00172567
0.00172677
0.00172815
0.00172985
0.00173228
0.00173511
0.0017387
0.00174382
0.00174932
0.00175518
0.0017617
0.00176869
0.00177638
0.00178391
0.00179142
0.00179957
0.00180717
0.00181376
0.00181991
0.0018249
0.00182875
0.00183141
0.00183285
0.00183311
0.00183233
0.00183072
0.00182838
0.00182595
0.00182359
0.00182149
0.00181996
0.00181918
0.00181928
0.00182032
0.00182221
0.00182489
0.00182816
0.0018321
0.00183668
0.00184247
0.00184814
0.00185471
0.00186177
0.0018698
0.00187823
0.00188727
0.0018971
0.00190714
0.00191799
0.00192835
0.0019385
0.00194801
0.00195685
0.00196562
0.00197554
0.00198456
0.00199356
0.00200165
0.00201039
0.00201934
0.00202944
0.00203882
0.00204866
0.00205955
0.00207097
0.00208361
0.00209733
0.0021125
0.00212963
0.0021471
0.00216577
0.00218531
0.00220494
0.00222701
0.00224832
0.00227139
0.00229373
0.00231724
0.0023408
0.00236473
0.00238962
0.00241624
0.00244379
0.00247158
0.00250008
0.00252726
0.00255317
0.0025795
0.00260516
0.00262958
0.00265279
0.00267534
0.00269666
0.00271678
0.00273566
0.00275384
0.00277104
0.00278828
0.00280482
0.00282169
0.00283785
0.00285373
0.0028691
0.00288434
0.00289903
0.00291417
0.00292991
0.00294652
0.00296218
0.00297892
0.00299465
0.00301109
0.00302713
0.00304306
0.00305908
0.00307542
0.00309111
0.00310687
0.00312239
0.003138
0.00315373
0.00317016
0.00318584
0.00320154
0.00321637
0.00323137
0.00324529
0.0032598
0.00327345
0.00328758
0.00330228
0.00331744
0.00333321
0.00334874
0.00336699
0.00338388
0.00340163
0.00341851
0.00343571
0.00345384
0.00347264
0.00349211
0.00351228
0.0035337
0.00355547
0.00357813
0.00360246
0.00362723
0.00365358
0.00368039
0.00370866
0.00373842
0.00376935
0.00380085
0.00383241
0.0038648
0.00389686
0.0039302
0.00396506
0.00400078
0.00403516
0.00407777
0.00411616
0.00416218
0.00420617
0.00425292
0.00429642
0.00433998
0.00438466
0.00442224
0.00445777
0.00449195
0.00452393
0.00455473
0.00458696
0.00461508
0.00464055
0.00466467
0.00468619
0.00470736
0.00473131
0.00475088
0.00476714
0.00478357
0.00479847
0.00481111
0.00482268
0.00483257
0.00484085
0.0048466
0.0048504
0.00485234
0.0048522
0.00485025
0.00484633
0.00484126
0.00483484
0.00482761
0.00481998
0.00481195
0.00480292
0.00479355
0.0047839
0.00477295
0.0047625
0.00475081
0.00474049
0.00473006
0.00471996
0.00471059
0.00470213
0.00469455
0.0046875
0.00468174
0.00467649
0.00467169
0.00466728
0.00466266
0.00465731
0.00465142
0.00464456
0.00463839
0.00463211
0.00462695
0.00462329
0.00462137
0.00462189
0.0046248
0.0046305
0.00463888
0.00464877
0.00466043
0.00467299
0.0046873
0.00470268
0.00471779
0.0047332
0.00474861
0.00476328
0.00477767
0.00479165
0.00480531
0.00481854
0.00483058
0.00484191
0.00485253
0.00486241
0.00487185
0.00488071
0.0048885
0.00489577
0.00490231
0.00490796
0.00491243
0.00491625
0.00491904
0.00492082
0.00492158
0.00492147
0.00492059
0.00491908
0.00491733
0.00491537
0.00491335
0.0049116
0.00491022
0.00490957
0.00490982
0.00491132
0.00491471
0.00491986
0.00492568
0.0049328
0.0049406
0.00494969
0.00495986
0.00496893
0.00497917
0.00498861
0.00499772
0.00500721
0.00501841
0.00502822
0.00503737
0.00504843
0.00505892
0.00507037
0.0050828
0.00509617
0.00511147
0.00512676
0.00514392
0.00516069
0.00517886
0.0051978
0.00521883
0.00524049
0.00526411
0.00528719
0.00531215
0.00533755
0.00536347
0.00538989
0.00541753
0.00544431
0.00547313
0.00550185
0.00553026
0.00555889
0.00558639
0.00561395
0.00564588
0.00567836
0.00570773
0.00573724
0.00576781
0.00579798
0.00582861
0.00585768
0.00588494
0.00591819
0.00593987
0.00596007
0.00597812
0.00599475
0.00600958
0.00602379
0.00603657
0.00604877
0.00606014
0.00607119
0.00608237
0.00609386
0.0061051
0.00611663
0.0061283
0.00614012
0.00615136
0.00616138
0.00616994
0.00617709
0.00618234
0.00618572
0.00618614
0.00618468
0.00618165
0.00617762
0.0061727
0.00616709
0.00616181
0.00615636
0.00615079
0.00614491
0.00613858
0.00612977
0.00612251
0.00611462
0.00610629
0.00609671
0.00608665
0.00607713
0.00606767
0.00605829
0.00605093
0.00604455
0.00604012
0.0060377
0.00603724
0.00603879
0.0060421
0.00604734
0.0060552
0.00606261
0.00607059
0.00607977
0.00609028
0.00610294
0.00611498
0.00612713
0.00614109
0.00615392
0.00616759
0.00618142
0.00619839
0.00621648
0.00623399
0.00625189
0.00627179
0.00629315
0.00631582
0.00633737
0.00636013
0.00638457
0.00640675
0.00642985
0.00645205
0.00647437
0.00649402
0.00651357
0.00653111
0.00654869
0.00656443
0.00657873
0.00659091
0.00660352
0.0066176
0.00663485
0.00665402
0.00667612
0.00670282
0.00673201
0.00676498
0.00679878
0.00683509
0.00687173
0.00691263
0.00695269
0.00699205
0.00703267
0.00707182
0.00711206
0.00715349
0.00719031
0.00722507
0.00726073
0.00729268
0.00732372
0.0073565
0.00738746
0.00741712
0.00744605
0.00747397
0.00750208
0.00752987
0.00755836
0.00758636
0.00761546
0.00764658
0.00768017
0.00771545
0.00774768
0.00777957
0.00781143
0.00784392
0.0078776
0.00791136
0.00794356
0.00797525
0.00800996
0.00804128
0.0080731
0.00810672
0.00814248
0.00817929
0.00822012
0.00826252
0.008307
0.00835385
0.00840104
0.00844618
0.00849347
0.00854014
0.00858959
0.00863548
0.00868171
0.00872759
0.00877022
0.00881386
0.00886635
0.00891093
0.00897134
0.0090104
0.00905844
0.00909169
0.00912234
0.00914815
0.00917085
0.00919109
0.00920595
0.00921958
0.00923195
0.00924197
0.009252
0.00926311
0.00927548
0.00929061
0.00930861
0.00932609
0.00934441
0.00936336
0.00938387
0.00940491
0.00942612
0.00944584
0.00946623
0.00948629
0.00950741
0.00952832
0.00955025
0.00957906
0.00960693
0.00964058
0.00967377
0.00970908
0.00974633
0.00978341
0.00981895
0.00985349
0.00988524
0.00991354
0.00993879
0.00995879
0.00997386
0.00998432
0.00999056
0.00999208
0.0099911
0.00998871
0.00998615
0.00998408
0.0099829
0.00998287
0.00998394
0.00998608
0.00998906
0.00999334
0.00999867
0.0100055
0.0100134
0.0100227
0.0100328
0.0100465
0.0100606
0.0100778
0.0100987
0.0101234
0.0101494
0.0101784
0.0102086
0.0102393
0.0102702
0.0103012
0.0103334
0.0103644
0.0103941
0.0104224
0.0104459
0.0104651
0.0104826
0.0104969
0.0105093
0.010522
0.0105349
0.0105522
0.0105689
0.0105882
0.0106097
0.0106355
0.0106656
0.0107062
0.0107446
0.0107872
0.0108328
0.0108821
0.0109336
0.0109879
0.0110427
0.0111044
0.0111646
0.0112292
0.0112964
0.0113586
0.0114228
0.0114841
0.0115469
0.011612
0.0116703
0.0117271
0.011783
0.0118434
0.0119027
0.0119601
0.0120159
0.0120731
0.0121359
0.0121932
0.0122463
0.0122916
0.0123348
0.0123699
0.0124046
0.0124357
0.0124697
0.0124936
0.0125161
0.0125421
0.0125658
0.0125888
0.0126123
0.0126397
0.0126643
0.0126876
0.0127101
0.0127304
0.0127508
0.0127702
0.0127885
0.0128055
0.0128232
0.0128413
0.0128589
0.0128789
0.0128995
0.0129221
0.0129486
0.0129816
0.01302
0.0130549
0.0130977
0.013144
0.0131891
0.013238
0.0132934
0.0133566
0.0134169
0.0134824
0.0135459
0.0136089
0.0136719
0.0137337
0.0138024
0.0138643
0.0139429
0.0139943
0.0140425
0.0140874
0.0141281
0.0141696
0.0142069
0.0142404
0.0142722
0.0143038
0.0143346
0.0143672
0.0144012
0.0144402
0.0144802
0.0145218
0.0145649
0.014614
0.0146646
0.0147143
0.0147634
0.0148107
0.0148564
0.0149039
0.01495
0.0149942
0.0150365
0.0150763
0.0151142
0.0151477
0.0151796
0.0152108
0.0152415
0.015268
0.0152923
0.0153137
0.0153342
0.0153562
0.0153797
0.0154019
0.0154254
0.0154523
0.0154808
0.0155132
0.0155488
0.0155822
0.0156198
0.0156538
0.0156885
0.0157214
0.0157527
0.0157845
0.0158131
0.0158401
0.015868
0.0158944
0.0159201
0.0159424
0.0159689
0.0159927
0.0160234
0.0160519
0.016076
0.0160967
0.0161203
0.016144
0.0161696
0.0161929
0.0162148
0.0162343
0.0162507
0.0162625
0.0162698
0.0162736
0.0162748
0.0162752
0.0162774
0.0162839
0.0162976
0.0163184
0.0163445
0.0163799
0.0164134
0.0164508
0.0164947
0.0165333
0.0165703
0.0166066
0.0166443
0.016683
0.0167289
0.0167715
0.0168159
0.016864
0.0169044
0.0169378
0.0169665
0.0169864
0.0169958
0.0169971
0.0169907
0.0169761
0.0169534
0.0169289
0.0169048
0.0168844
0.01687
0.0168612
0.0168598
0.0168679
0.0168847
0.016909
0.0169386
0.0169729
0.0170108
0.0170478
0.0170898
0.0171342
0.0171801
0.0172295
0.0172775
0.0173292
0.0174058
0.0174674
0.0175356
0.0175996
0.0176655
0.0177281
0.0177859
0.0178433
0.0178977
0.0179446
0.0179905
0.0180382
0.0180839
0.0181287
0.0181748
0.0182288
0.01828
0.0183327
0.018392
0.0184572
0.0185251
0.0185939
0.0186658
0.0187392
0.0188105
0.0188784
0.0189346
0.0189812
0.0190123
0.0190258
0.0190233
0.0190065
0.0189767
0.0189424
0.0189047
0.0188644
0.0188267
0.0187948
0.0187717
0.0187607
0.0187635
0.0187845
0.0188162
0.0188569
0.0188981
0.0189396
0.0189782
0.0190177
0.0190545
0.0190926
0.0191361
0.0191892
0.0192516
0.01932
0.019394
0.0194791
0.0195582
0.0196351
0.019712
0.0198007
0.0198678
0.0199332
0.0200284
0.0200947
0.0201575
0.0202189
0.020276
0.0203326
0.0203844
0.020438
0.0204924
0.0205495
0.0206072
0.0206645
0.0207191
0.0207749
0.0208303
0.0208954
0.0209527
0.0210114
0.0210687
0.0211265
0.0211843
0.0212414
0.0212937
0.0213419
0.0214011
0.0214427
0.0214769
0.0215071
0.0215298
0.0215449
0.0215522
0.021554
0.0215546
0.021558
0.0215678
0.0215856
0.0216225
0.0216802
0.021734
0.0217972
0.0218645
0.0219378
0.0220109
0.0220807
0.0221501
0.0222241
0.0222945
0.022364
0.0224594
0.0225382
0.0226107
0.0226873
0.0227617
0.0228303
0.0228957
0.0229546
0.023002
0.0230394
0.0230658
0.0230831
0.0230929
0.0230937
0.0230856
0.023067
0.0230366
0.0229937
0.0229438
0.0228861
0.0228266
0.0227656
0.0227128
0.0226667
0.0226291
0.0226013
0.02259
0.0225961
0.0226201
0.0226599
0.0227279
0.0228121
0.022909
0.0230124
0.0231387
0.0232766
0.0234266
0.0235572
0.023691
0.0238181
0.0239508
0.0240821
0.0241979
0.0243082
0.0244068
0.0245149
0.0246054
0.0246879
0.0247772
0.0248565
0.0249235
0.0249804
0.0250266
0.0250706
0.0251133
0.0251627
0.0252246
0.0253126
0.0254259
0.0255941
0.0257776
0.0260158
0.0262428
0.0265198
0.0268648
0.0271992
0.0275731
0.0279972
0.0284779
0.0289972
0.0296237
0.0303423
0.0311657
0.0321082
0.0333006
0.0345627
0.0359519
0.0374181
0.0390692
0.041316
0.0432922
0.0455406
0.0479447
0.0506245
0.0538848
0.0568827
0.0603561
0.0640569
0.0673639
0.0706755
0.0772846
0.0840656
0.0912049
0.0986457
0.106103
0.114242
0.122753
0.132497
0.142455
0.152346
0.163049
0.174291
0.185563
0.191989
0.204664
0.211152
0.218381
0.226002
0.235158
0.243063
0.250437
0.257783
0.265059
0.272468
0.279856
0.287294
0.294957
0.302357
0.310319
0.31822
0.325389
0.332711
0.339989
0.347368
0.354781
0.362065
0.369176
0.376254
0.383239
0.393107
0.401637
0.408946
0.418347
0.425655
0.43261
0.439489
0.445437
0.451193
0.457347
0.463292
0.469228
0.474935
0.480547
0.486163
0.492143
0.498247
0.5041
0.509817
0.515311
0.520912
0.526517
0.532372
0.538041
0.543842
0.54965
0.555208
0.561135
0.566539
0.571981
0.57832
0.583658
0.589049
0.594257
0.599634
0.604921
0.610294
0.615587
0.621066
0.626398
0.631866
0.637177
0.64251
0.647961
0.653044
0.658161
0.663418
0.668803
0.675122
0.680471
0.685834
0.691198
0.696578
0.702055
0.707358
0.712709
0.718334
0.723752
0.729222
0.734912
0.740551
0.745915
0.7516
0.757331
0.763443
0.76929
0.775062
0.780856
0.787671
0.793173
0.799146
0.805006
0.811133
0.817098
0.82276
0.828778
0.834732
0.84097
0.846945
0.852927
0.859029
0.865129
0.871524
0.877712
0.883623
0.889849
0.895721
0.901973
0.908145
0.914053
0.920237
0.92649
0.932808
0.939332
0.945881
0.952628
0.959791
0.966511
0.97278
0.978841
0.985257
0.991982
0.999671
1.0068
1.01491
1.02274
1.02999
1.03751
1.04493
1.05134
1.05779
1.06448
1.07052
1.07691
1.08288
1.0906
1.10075
1.11198
1.12263
1.13296
1.14106
1.14931
1.15973
1.17041
1.17833
1.1848
1.19149
1.19798
1.20446
1.21091
1.21736
1.22386
1.23021
1.23626
1.24251
1.24907
1.2551
1.26147
1.2697
1.27599
1.28245
1.28881
1.29491
1.30138
1.30771
1.31386
1.32006
1.32633
1.3334
1.33961
1.3458
1.35266
1.35876
1.36479
1.37098
1.37736
1.38351
1.38975
1.39601
1.40209
1.40849
1.41497
1.42133
1.42769
1.43435
1.44136
1.44753
1.45396
1.4602
1.46666
1.47291
1.47902
1.48536
1.49181
1.49828
1.50489
1.51108
1.51716
1.52338
1.52975
1.53648
1.54305
1.54945
1.55558
1.56184
1.56786
1.5738
1.57989
1.58568
1.59163
1.5977
1.60353
1.60992
1.61616
1.62284
1.62948
1.63579
1.64314
1.65292
1.65997
1.66761
1.67406
1.68072
1.68721
1.69362
1.70427
1.71453
1.72475
1.73519
1.74669
1.75275
1.76349
1.77472
1.78545
1.79598
1.80647
1.81746
1.82887
1.83975
1.851
1.86344
1.87457
1.88593
1.89763
1.90946
1.92153
1.93251
1.94463
1.95629
1.96938
1.98148
1.99282
2.00471
2.01691
2.02917
2.04122
2.0534
2.06545
2.07738
2.0899
2.10222
2.11457
2.12679
2.13904
2.15183
2.16445
2.17621
2.18815
2.20051
2.21309
2.22571
2.23742
2.24962
2.26183
2.2741
2.28583
2.29839
2.31047
2.32314
2.33493
2.34663
2.3582
2.36981
2.38125
2.39395
2.40577
2.41736
2.42923
2.44147
2.4531
2.46478
2.47231
2.4796
2.49479
2.50837
2.51618
2.52929
2.5371
2.54854
2.55991
2.57188
2.58362
2.59504
2.60676
2.61822
2.62944
2.6413
2.65313
2.66496
2.67637
2.68828
2.70033
2.71179
2.72294
2.7344
2.74582
2.75706
2.76828
2.78077
2.79245
2.80383
2.81475
2.82605
2.83752
2.84812
2.85859
2.86966
2.88026
2.89132
2.90234
2.91452
2.92566
2.93685
2.94781
2.95885
2.96963
2.98092
2.99164
3.00224
3.01269
3.0244
3.03506
3.04561
3.05591
3.0666
3.0772
3.08753
3.09785
3.10787
3.11795
3.12808
3.1382
3.14885
3.15818
3.16769
3.17781
3.18744
3.19706
3.20627
3.21643
3.22199
3.22753
3.23479
3.24719
3.25256
3.26283
3.27217
3.28156
3.29083
3.29977
3.3087
3.31767
3.3264
3.33518
3.34434
3.34924
3.35792
3.36709
3.37635
3.38118
3.39023
3.39959
3.40891
3.41375
3.42287
3.42747
3.43204
3.43664
3.44535
3.45389
3.46273
3.46731
3.47598
3.48451
3.48891
3.49351
3.49791
3.50392
3.50963
3.51399
3.51834
3.52262
3.52719
3.53552
3.53998
3.54457
3.54889
3.55333
3.55786
3.56251
3.56722
3.5716
3.57607
3.58046
3.58474
3.58923
3.59336
3.59752
3.60175
3.60594
3.61033
3.61458
3.61848
3.62252
3.62647
3.63039
3.63427
3.63795
3.642
3.64565
3.64907
3.65266
3.65602
3.6595
3.66299
3.66639
3.66955
3.67269
3.67573
3.67898
3.68227
3.68546
3.68859
3.69153
3.69451
3.69761
3.70025
3.70284
3.70538
3.70823
3.71129
3.71421
3.71694
3.71947
3.72189
3.72426
3.72656
3.72853
3.73046
3.73234
3.73419
3.73601
3.73783
3.73955
3.74132
3.74295
3.74456
3.74609
3.74755
3.74898
3.75034
3.75177
3.75313
3.75434
3.75558
3.75672
3.75778
3.75881
3.75975
3.76064
3.76147
3.76228
3.76296
3.7636
3.76419
3.76476
3.76522
3.76563
3.76598
3.76631
3.76658
3.76681
3.76703
3.76713
3.76718
3.76719
3.76716
3.76709
3.76698
3.76683
3.76665
3.76644
3.76618
3.76589
3.76558
3.76522
3.76482
3.76442
3.76397
3.76347
3.763
3.76249
3.76197
3.76141
3.76088
3.76032
3.75977
3.75922
3.75866
3.75814
3.75759
3.75705
3.75647
3.75592
3.75541
3.75488
3.75434
3.75378
3.75328
3.75276
3.75229
3.75181
3.75135
3.75087
3.75042
3.74997
3.74954
3.74908
3.74867
3.74827
3.74787
3.74748
3.7471
3.74671
3.74635
3.746
3.74566
3.74534
3.74503
3.74473
3.74445
3.7441
3.7438
3.74351
3.74324
3.74298
3.74277
3.74257
3.74241
3.74227
3.74214
3.74204
3.74195
3.74188
3.74182
3.74179
3.74177
3.74178
3.74181
3.74186
3.74194
3.74204
3.74216
3.7423
3.74248
3.7427
3.74291
3.74315
3.7434
3.74368
3.744
3.74434
3.74474
3.74513
3.74555
3.74602
3.74652
3.74703
3.7476
3.74821
3.74889
3.74956
3.7503
3.75108
3.75189
3.75278
3.75373
3.75476
3.75579
3.7569
3.75802
3.75927
3.76053
3.7619
3.76332
3.76483
3.76631
3.76784
3.76936
3.7709
3.77248
3.77416
3.7759
3.77751
3.77921
3.78096
3.78262
3.78434
3.78602
3.78793
3.7896
3.79135
3.7932
3.79489
3.79654
3.79827
3.7999
3.80156
3.80305
3.80452
3.80598
3.80731
3.80867
3.80993
3.81121
3.81245
3.81357
3.81472
3.81578
3.8168
3.81775
3.81864
3.81947
3.82026
3.82099
3.82169
3.8223
3.82288
3.82335
3.82378
3.82419
3.82457
3.82487
3.82509
3.82525
3.82531
3.8253
3.82523
3.8251
3.82492
3.82468
3.82439
3.82403
3.82362
3.82316
3.82265
3.82205
3.82143
3.82076
3.82
3.81919
3.81832
3.81738
3.81646
3.81534
3.81427
3.81314
3.81198
3.81074
3.80936
3.80812
3.80679
3.80519
3.8037
3.80225
3.80075
3.79922
3.79762
3.796
3.79434
3.79264
3.7909
3.78915
3.78735
3.78552
3.7836
3.78167
3.77961
3.77756
3.7751
3.77256
3.77004
3.76776
3.76547
3.76329
3.76111
3.75878
3.75646
3.7541
3.75174
3.74883
3.74656
3.744
3.74146
3.73896
3.7364
3.73373
3.73106
3.72851
3.72594
3.72332
3.72071
3.71796
3.71523
3.71245
3.70942
3.70639
3.70338
3.70057
3.69753
3.69461
3.6916
3.68856
3.6855
3.6826
3.67949
3.67622
3.67313
3.67003
3.66689
3.6637
3.66056
3.65724
3.65382
3.65049
3.64729
3.64414
3.64097
3.63755
3.63395
3.6306
3.6268
3.62243
3.6182
3.61376
3.60972
3.60545
3.60142
3.59744
3.59372
3.58991
3.58631
3.58264
3.57891
3.5749
3.57077
3.56599
3.56206
3.55804
3.55391
3.5497
3.54562
3.54122
3.53681
3.53233
3.52776
3.52292
3.51777
3.51311
3.50831
3.50254
3.49702
3.49215
3.48716
3.48229
3.47744
3.47281
3.4682
3.46374
3.45925
3.45473
3.45034
3.44547
3.44078
3.43595
3.43121
3.4265
3.42159
3.41605
3.41117
3.4064
3.40145
3.39637
3.39109
3.38607
3.38102
3.37611
3.3713
3.36154
3.35203
3.3471
3.34223
3.33681
3.33183
3.32688
3.3215
3.31655
3.31097
3.30606
3.30096
3.29158
3.28252
3.27321
3.26817
3.25815
3.24869
3.2387
3.22893
3.21988
3.21029
3.19989
3.18936
3.17969
3.17007
3.16462
3.15942
3.14965
3.14409
3.13867
3.12923
3.11954
3.10985
3.0998
3.09414
3.08884
3.08316
3.07779
3.07206
3.06631
3.06072
3.05517
3.04972
3.04024
3.03518
3.02594
3.01676
3.00729
2.99829
2.99351
2.98443
2.97542
2.96645
2.95774
2.94952
2.94509
2.94004
2.93564
2.92771
2.92343
2.91493
2.91088
2.9065
2.89903
2.89193
2.88807
2.88095
2.87436
2.86805
2.86169
2.85574
2.84973
2.84396
2.83844
2.8331
2.82754
2.82214
2.81724
2.81238
2.80771
2.80311
2.79862
2.79412
2.78965
2.78531
2.78283
2.77842
2.77417
2.77023
2.76602
2.76194
2.75784
2.75388
2.7498
2.74571
2.74195
2.73789
2.73388
2.73182
2.7281
2.72444
2.72067
2.71696
2.71502
2.71149
2.70797
2.70414
2.70223
2.70017
2.69812
2.69622
2.69425
2.6926
2.69067
2.68885
2.68726
2.68432
2.68145
2.67995
2.67847
2.6769
2.67551
2.67289
2.67042
2.66917
2.66784
2.66565
2.66358
2.66155
2.65963
2.65784
2.65627
2.65484
2.65407
2.65285
2.6518
2.6509
2.6505
2.65012
2.6498
2.64954
2.64915
2.64901
2.64888
2.64891
2.649
2.64928
2.64951
2.65006
2.65042
2.65081
2.65126
2.65226
2.65347
2.65477
2.65556
2.65709
2.65885
2.66077
2.66281
2.66495
2.66619
2.66869
2.67143
2.67426
2.67708
2.68019
2.68187
2.68424
2.68768
2.68954
2.69174
2.69549
2.69942
2.70156
2.70397
2.70641
2.71062
2.71293
2.7177
2.72264
2.72525
2.73016
2.73532
2.73807
2.74136
2.74453
2.74759
2.75097
2.75568
2.75898
2.76243
2.76604
2.76946
2.77269
2.776
2.78243
2.78577
2.78927
2.79285
2.79668
2.80098
2.80781
2.81157
2.81523
2.81911
2.82313
2.82689
2.83417
2.83805
2.84229
2.84626
2.85454
2.85902
2.86332
2.86773
2.87226
2.87741
2.88193
2.88655
2.89121
2.9003
2.90493
2.91448
2.9192
2.92619
2.93133
2.94129
2.94644
2.95168
2.95699
2.96748
2.97298
2.97854
2.98428
2.99011
2.99662
3.00276
3.00867
3.01464
3.02078
3.03254
3.03886
3.04538
3.05169
3.05827
3.06476
3.0714
3.07828
3.08491
3.09135
3.09823
3.10487
3.11173
3.11862
3.12554
3.13235
3.1397
3.14678
3.15408
3.16127
3.16869
3.17603
3.18357
3.19079
3.19891
3.20705
3.21492
3.22244
3.22992
3.2375
3.24513
3.2528
3.2605
3.26824
3.27612
3.28401
3.29207
3.30045
3.30864
3.31679
3.32515
3.33317
3.34124
3.34964
3.35773
3.36573
3.3739
3.38229
3.39261
3.40298
3.41355
3.42452
3.43387
3.44305
3.45297
3.46294
3.47143
3.48821
3.50517
3.51413
3.53178
3.54074
3.55028
3.55942
3.568
3.57674
3.58595
3.59502
3.60391
3.61296
3.62403
3.63404
3.64303
3.65164
3.66847
3.68523
3.69515
3.70389
3.7128
3.72144
3.7304
3.74729
3.75589
3.76454
3.7732
3.7819
3.79016
3.80564
3.81396
3.83001
3.83805
3.84604
3.85388
3.86181
3.86954
3.87792
3.88617
3.89402
3.90166
3.90943
3.91712
3.92445
3.93154
3.94538
3.9594
3.96646
3.97357
3.98034
3.98715
3.99566
4.00844
4.0152
4.02189
4.02828
4.0344
4.0406
4.05245
4.05846
4.06451
4.0757
4.0815
4.09292
4.10374
4.10947
4.1149
4.12201
4.12758
4.13293
4.13874
4.14405
4.14914
4.15891
4.16379
4.16865
4.17442
4.17927
4.18406
4.19371
4.19872
4.20361
4.20848
4.2133
4.21809
4.22365
4.22883
4.23448
4.24051
4.24612
4.25138
4.25671
4.26162
4.26715
4.27294
4.27772
4.28223
4.28664
4.29285
4.30169
4.30613
4.31054
4.31642
4.32489
4.32924
4.33352
4.34206
4.35129
4.35924
4.36339
4.36745
4.37174
4.37582
4.3836
4.38761
4.3917
4.39565
4.39952
4.4034
4.41073
4.41467
4.41835
4.42531
4.43231
4.43582
4.44253
4.44923
4.45254
4.4559
4.45916
4.46232
4.46825
4.4713
4.47427
4.47741
4.48018
4.48585
4.4905
4.49273
4.49486
4.49696
4.50054
4.50227
4.50416
4.50554
4.50679
4.50789
4.50886
4.50966
4.51027
4.51072
4.51099
4.51109
4.511
4.51073
4.50965
4.50884
4.50781
4.50656
4.50368
4.5019
4.49989
4.49763
4.49519
4.49251
4.48972
4.48665
4.4833
4.47968
4.47267
4.46879
4.46472
4.46044
4.45598
4.45127
4.44644
4.4367
4.42594
4.41443
4.40152
4.39348
4.38614
4.37825
4.37069
4.36223
4.35439
4.34646
4.33737
4.32915
4.31396
4.29795
4.28136
4.26476
4.24658
4.22884
4.21088
4.19304
4.17507
4.15719
4.13651
4.11853
4.10026
4.08241
4.07258
4.06199
4.04447
4.03483
4.01702
4.00768
3.9901
3.97207
3.96276
3.9459
3.92799
3.91162
3.90267
3.89387
3.88498
3.87422
3.86546
3.8495
3.83355
3.81816
3.80254
3.78422
3.76862
3.75281
3.74477
3.72969
3.71471
3.70681
3.69873
3.69079
3.67528
3.65986
3.64538
3.63104
3.61662
3.60206
3.58795
3.57434
3.56619
3.55878
3.54502
3.53107
3.5171
3.50296
3.48973
3.47602
3.46247
3.44935
3.43686
3.42334
3.41522
3.40841
3.40005
3.39292
3.38636
3.38
3.37376
3.3675
3.35614
3.34527
3.33493
3.3247
3.31486
3.30568
3.30059
3.29142
3.28255
3.27434
3.27014
3.26598
3.25859
3.25466
3.2477
3.24413
3.23788
3.23223
3.2261
3.22107
3.21667
3.2127
3.20931
3.20605
3.20334
3.20099
3.19912
3.19831
3.19705
3.19619
3.19574
3.19568
3.19603
3.19677
3.1979
3.19941
3.2013
3.20354
3.2062
3.20923
3.21303
3.21694
3.22108
3.22564
3.23076
3.2364
3.24205
3.24828
3.25456
3.26122
3.26847
3.27607
3.28386
3.29237
3.30093
3.30992
3.31962
3.32557
3.33549
3.34555
3.35592
3.36226
3.36914
3.37604
3.38267
3.38939
3.39689
3.40412
3.41152
3.41823
3.43086
3.44409
3.45694
3.47026
3.48409
3.49826
3.51279
3.52744
3.54196
3.5575
3.57247
3.5881
3.60483
3.62093
3.63752
3.65486
3.67334
3.68334
3.70181
3.71195
3.72959
3.74763
3.76444
3.78205
3.79951
3.81733
3.8346
3.85168
3.8691
3.88807
3.90613
3.92408
3.94232
3.96228
3.98116
3.9998
4.01937
4.03976
4.05957
4.07876
4.09839
4.11884
4.13907
4.15947
4.17967
4.19975
4.22041
4.24136
4.26321
4.28423
4.30461
4.32731
4.34889
4.36973
4.39026
4.41164
4.43526
4.45687
4.47867
4.50071
4.52989
4.55444
4.57625
4.59855
4.62183
4.64511
4.66873
4.69469
4.71935
4.74247
4.76646
4.79152
4.81547
4.83905
4.8707
4.90337
4.94013
4.96863
4.99552
5.02419
5.04912
5.07322
5.09824
5.12257
5.1458
5.17062
5.19773
5.22314
5.24818
5.27287
5.29807
5.32266
5.34721
5.37054
5.39441
5.42074
5.44443
5.46933
5.49541
5.51935
5.54538
5.57018
5.59475
5.61963
5.64389
5.66817
5.69226
5.72058
5.74498
5.77102
5.79579
5.82632
5.85365
5.88022
5.90458
5.92795
5.95293
5.97636
6.00018
6.02405
6.04847
6.07714
6.10097
6.1277
6.15165
6.17523
6.19987
6.2226
6.24641
6.26964
6.29259
6.31602
6.34212
6.36422
6.3882
6.41181
6.43532
6.45715
6.47919
6.5022
6.52527
6.54789
6.56984
6.59159
6.61479
6.63752
6.65845
6.68106
6.70355
6.72519
6.74653
6.76893
6.79382
6.81621
6.84065
6.86502
6.888
6.90891
6.93257
6.95283
6.972
6.99349
7.01386
7.03502
7.05449
7.07392
7.09473
7.11425
7.13379
7.15656
7.17672
7.19775
7.217
7.23697
7.26
7.28086
7.29966
7.32128
7.3394
7.35727
7.37573
7.39365
7.41174
7.42933
7.44698
7.4641
7.48132
7.4986
7.51586
7.53163
7.54829
7.56376
7.57943
7.5949
7.61134
7.62625
7.6411
7.65622
7.67408
7.69046
7.70544
7.72006
7.73659
7.75216
7.7662
7.7816
7.79567
7.81071
7.82425
7.83814
7.85314
7.86661
7.87946
7.89211
7.90527
7.91858
7.93095
7.94413
7.95625
7.96836
7.98027
7.99258
8.00442
8.01635
8.02885
8.03965
8.05083
8.06181
8.07245
8.08265
8.09316
8.10309
8.11291
8.12267
8.13207
8.14176
8.15123
8.16074
8.16998
8.17835
8.18727
8.19555
8.20479
8.21371
8.22207
8.23047
8.23935
8.24671
8.25436
8.26136
8.26815
8.2756
8.28206
8.2898
8.29441
8.29817
8.30989
8.31364
8.31911
8.32214
8.32418
8.32611
8.32837
8.33004
8.33211
8.33354
8.33492
8.33611
8.33721
8.33893
8.33966
8.34026
8.34071
8.34107
8.3413
8.34139
8.34135
8.34095
8.34053
8.33999
8.33935
8.33858
8.33771
8.33668
8.33548
8.33421
8.33281
8.33125
8.3296
8.32774
8.32506
8.32277
8.32055
8.31799
8.31548
8.31283
8.30975
8.30665
8.3035
8.30021
8.29682
8.29324
8.28969
8.28584
8.28171
8.27734
8.2731
8.26869
8.26414
8.25921
8.25411
8.24882
8.24223
8.23664
8.23139
8.22619
8.22089
8.21517
8.20941
8.20341
8.19739
8.19104
8.18467
8.17758
8.17103
8.16401
8.15707
8.14983
8.14273
8.13393
8.12601
8.11816
8.11029
8.10197
8.09324
8.08437
8.07559
8.0667
8.05824
8.04939
8.04041
8.03102
8.02077
8.01099
8.00187
7.99249
7.98204
7.97225
7.95331
7.93359
7.9138
7.90359
7.88296
7.87244
7.86089
7.84026
7.82686
7.81564
7.80381
7.78274
7.77086
7.75876
7.74674
7.73456
7.7112
7.69
7.66772
7.64564
7.62389
7.60138
7.57644
7.56183
7.53829
7.51489
7.49034
7.46698
7.44221
7.42749
7.40234
7.37561
7.35085
7.32629
7.3023
7.27556
7.25031
7.22075
7.19226
7.16481
7.13617
7.10867
7.08146
7.05313
7.02508
6.99412
6.96124
6.92969
6.89855
6.868
6.8382
6.80717
6.77654
6.74565
6.7127
6.6777
6.64353
6.60898
6.57359
6.53946
6.50651
6.46948
6.43288
6.39795
6.3643
6.32816
6.29389
6.25839
6.22291
6.18847
6.15382
6.11789
6.08486
6.05235
6.01986
5.98305
5.94859
5.91593
5.88372
5.85055
5.8185
5.78588
5.75387
5.72256
5.68939
5.65318
5.61048
5.57219
5.53201
5.49342
5.455
5.41531
5.38198
5.34951
5.31545
5.28003
5.24445
5.20818
5.17215
5.13808
5.10354
5.06698
5.0312
4.9964
4.96276
4.92617
4.88898
4.85558
4.82226
4.78774
4.7543
4.71948
4.68409
4.65004
4.61142
4.57485
4.53675
4.50181
4.46683
4.4298
4.39386
4.35624
4.31804
4.28176
4.24872
4.21516
4.18029
4.14558
4.11274
4.07975
4.04734
4.01237
3.97929
3.94546
3.90866
3.87153
3.83732
3.80277
3.76808
3.73261
3.69927
3.6658
3.63145
3.59861
3.56546
3.53163
3.49911
3.46524
3.4304
3.39688
3.36487
3.33045
3.29811
3.2656
3.23181
3.19709
3.11187
3.06882
3.03702
3.00458
2.97247
2.9362
2.90498
2.87427
2.84126
2.80383
2.76678
2.73715
2.69645
2.65947
2.63345
2.58861
2.56395
2.54098
2.50251
2.46634
2.41617
2.39284
2.35816
2.33519
2.31224
2.28811
2.26576
2.24252
2.22161
2.18483
2.1501
2.11597
2.08317
2.05033
2.01847
1.98657
1.95601
1.92588
1.89747
1.8699
1.84273
1.81743
1.79263
1.76948
1.7465
1.72488
1.70215
1.69059
1.6711
1.66115
1.64314
1.62636
1.61085
1.59642
1.58318
1.5694
1.55821
1.54765
1.53758
1.52856
1.52094
1.51395
1.50742
1.50216
1.49746
1.49365
1.49065
1.48831
1.48669
1.4857
1.48529
1.48527
1.48562
1.48637
1.48747
1.48893
1.49083
1.49312
1.49559
1.49851
1.50167
1.50517
1.50896
1.51311
1.5178
1.52264
1.52788
1.53326
1.53878
1.5446
1.55077
1.5572
1.56517
1.57302
1.58019
1.58884
1.59665
1.60541
1.61426
1.62335
1.63208
1.64102
1.65285
1.66489
1.67797
1.689
1.70097
1.71229
1.72507
1.73661
1.74701
1.75791
1.77101
1.78178
1.79252
1.80377
1.815
1.82642
1.83804
1.84826
1.85965
1.86939
1.88097
1.89239
1.90188
1.91217
1.92269
1.93192
1.94161
1.95082
1.95948
1.96796
1.97637
1.98529
1.99288
2.00068
2.0086
2.01592
2.02372
2.03176
2.03941
2.04855
2.05659
2.06531
2.07304
2.08061
2.08782
2.09464
2.10124
2.10751
2.11373
2.11975
2.12562
2.13108
2.13629
2.14133
2.1461
2.15057
2.1547
2.15933
2.16313
2.16668
2.1701
2.17315
2.17608
2.17873
2.18122
2.18346
2.18556
2.18745
2.18925
2.19092
2.19245
2.19393
2.19519
2.19634
2.19742
2.19844
2.19934
2.20011
2.20077
2.2014
2.20186
2.20224
2.20252
2.20269
2.20277
2.20271
2.20252
2.20222
2.2018
2.20124
2.20052
2.1997
2.19883
2.19784
2.19655
2.1952
2.19369
2.19213
2.19029
2.18841
2.18616
2.1838
2.18164
2.17937
2.17697
2.17448
2.17201
2.16922
2.16655
2.1638
2.16096
2.15797
2.15478
2.15167
2.14852
2.14522
2.14192
2.13859
2.13532
2.13195
2.12833
2.12463
2.12084
2.11712
2.11347
2.10996
2.10594
2.10225
2.09867
2.09479
2.09121
2.08754
2.08406
2.08039
2.07686
2.07336
2.06993
2.06654
2.06253
2.05909
2.05535
2.05192
2.04869
2.04561
2.04247
2.03923
2.03633
2.03339
2.0305
2.02792
2.02505
2.02227
2.01948
2.01694
2.01429
2.01178
2.00923
2.00679
2.00449
2.00212
1.99979
1.99757
1.99531
1.99313
1.99076
1.9885
1.98623
1.98417
1.98227
1.9803
1.97847
1.97637
1.97443
1.97271
1.97109
1.9695
1.968
1.96659
1.9651
1.96364
1.96237
1.96123
1.96003
1.95895
1.9577
1.95665
1.95585
1.95516
1.95451
1.95392
1.95337
1.95297
1.95264
1.95237
1.95216
1.95201
1.95191
1.95187
1.95189
1.95198
1.95216
1.9524
1.95268
1.95302
1.95346
1.95391
1.95434
1.95482
1.95532
1.95586
1.95642
1.95703
1.95771
1.9585
1.95931
1.96008
1.96079
1.96168
1.96256
1.96333
1.96412
1.96497
1.96573
1.9665
1.9673
1.96808
1.96887
1.96967
1.97051
1.97133
1.97208
1.97285
1.97359
1.97441
1.97516
1.97592
1.97669
1.97749
1.97821
1.97888
1.97955
1.98021
1.98089
1.98149
1.98213
1.98279
1.98335
1.98387
1.9844
1.98497
1.9855
1.98603
1.98652
1.98702
1.9875
1.98796
1.98843
1.98894
1.98941
1.98987
1.99038
1.99089
1.99139
1.9919
1.99239
1.99298
1.9937
1.99429
1.99492
1.99556
1.99632
1.99706
1.99789
1.99869
1.99947
2.0004
2.00128
2.00211
2.00304
2.00396
2.00503
2.00608
2.00718
2.00827
2.0094
2.0106
2.01187
2.01321
2.01459
2.01593
2.01732
2.01874
2.02039
2.02191
2.02344
2.02518
2.02679
2.02845
2.03016
2.03196
2.03381
2.0357
2.03776
2.04022
2.04253
2.04469
2.04719
2.04946
2.05178
2.0541
2.0565
2.05864
2.06088
2.06313
2.06559
2.0681
2.0704
2.07275
2.07519
2.07763
2.08015
2.08258
2.08511
2.08776
2.09052
2.09328
2.0963
2.09893
2.10166
2.10458
2.10767
2.11077
2.11381
2.1171
2.1201
2.1234
2.12669
2.12986
2.13301
2.13615
2.13934
2.14271
2.14595
2.14944
2.15321
2.15704
2.16049
2.16413
2.16758
2.1719
2.17556
2.17931
2.18329
2.18708
2.19074
2.19527
2.19904
2.20263
2.20605
2.20959
2.21307
2.2168
2.22016
2.22381
2.22888
2.23226
2.23713
2.24058
2.24398
2.24719
2.25102
2.255
2.2582
2.26132
2.26438
2.26879
2.27282
2.27629
2.27916
2.28215
2.28495
2.28773
2.29176
2.29461
2.29734
2.30001
2.30254
2.30511
2.30784
2.31089
2.31343
2.31612
2.31868
2.32108
2.32349
2.32636
2.3293
2.33161
2.33367
2.33561
2.33785
2.33994
2.34183
2.34355
2.34531
2.34732
2.34939
2.35124
2.35334
2.35474
2.35608
2.35781
2.35906
2.36028
2.36134
2.3627
2.36366
2.36451
2.36533
2.36608
2.36684
2.3675
2.36811
2.36865
2.36914
2.36957
2.3699
2.37017
2.37038
2.37049
2.37053
2.37048
2.37035
2.37013
2.36983
2.36943
2.36895
2.36836
2.3677
2.36692
2.36606
2.36508
2.364
2.3628
2.36151
2.36009
2.35857
2.35699
2.35451
2.3517
2.34966
2.34731
2.34467
2.34225
2.33945
2.33669
2.33399
2.33106
2.32781
2.32476
2.32136
2.31786
2.31428
2.31058
2.30705
2.30316
2.29937
2.29499
2.29084
2.28672
2.28209
2.27743
2.2731
2.26872
2.26413
2.25942
2.255
2.25012
2.24555
2.2409
2.23626
2.23157
2.22699
2.22218
2.21743
2.21251
2.20782
2.20278
2.1979
2.19323
2.18812
2.1835
2.17824
2.17162
2.1664
2.16105
2.15542
2.14873
2.14137
2.13477
2.12961
2.12372
2.11812
2.11283
2.10636
2.10045
2.09514
2.08956
2.08412
2.07767
2.07134
2.06331
2.05621
2.04943
2.04354
2.03699
2.03077
2.02508
2.01941
2.01415
2.00853
2.00311
1.99791
1.99225
1.98475
1.97918
1.97406
1.96859
1.96285
1.95635
1.95129
1.94666
1.94156
1.93669
1.93143
1.92599
1.91988
1.91476
1.90985
1.90503
1.90033
1.89566
1.89092
1.8863
1.88198
1.87757
1.87331
1.86904
1.86472
1.86035
1.85564
1.85054
1.84622
1.84132
1.83534
1.82991
1.82528
1.82054
1.81585
1.8112
1.80638
1.80186
1.79673
1.7915
1.78679
1.78191
1.77687
1.77197
1.76693
1.76131
1.75592
1.75035
1.74473
1.73894
1.73283
1.72662
1.72022
1.71344
1.70705
1.70039
1.6935
1.68685
1.67994
1.67291
1.6659
1.65841
1.65079
1.643
1.63557
1.62805
1.62327
1.61533
1.60682
1.59867
1.59071
1.58223
1.57436
1.56632
1.55706
1.55223
1.54732
1.54094
1.5365
1.53177
1.52737
1.52269
1.51749
1.50924
1.50473
1.4971
1.49006
1.48616
1.47893
1.47182
1.4649
1.45808
1.45158
1.44539
1.44218
1.43627
1.43055
1.42516
1.42246
1.41742
1.41455
1.41213
1.40992
1.40774
1.40567
1.40373
1.40187
1.40016
1.39851
1.39697
1.39561
1.39438
1.39335
1.39233
1.39143
1.39098
1.39075
1.3907
1.39085
1.39119
1.3917
1.39237
1.39328
1.39433
1.39552
1.39693
1.39852
1.40025
1.40219
1.40424
1.40659
1.40925
1.41194
1.41492
1.4179
1.42095
1.42422
1.42755
1.43113
1.43493
1.43886
1.4428
1.44687
1.45127
1.45608
1.46042
1.46471
1.46912
1.47364
1.47812
1.48272
1.48719
1.49169
1.49632
1.50091
1.50533
1.50998
1.51435
1.51873
1.52307
1.52764
1.53181
1.53615
1.54037
1.54476
1.54898
1.55301
1.55719
1.5614
1.5655
1.56939
1.57397
1.57933
1.58391
1.58791
1.59206
1.59617
1.60106
1.60551
1.60897
1.61231
1.61545
1.61878
1.62204
1.62523
1.62825
1.63129
1.63429
1.63756
1.64072
1.64395
1.64676
1.64968
1.65264
1.65561
1.6585
1.66146
1.66441
1.66745
1.67015
1.67284
1.6755
1.67835
1.68112
1.68389
1.68654
1.68927
1.69199
1.69475
1.69737
1.70007
1.70268
1.70522
1.70777
1.71028
1.71284
1.71552
1.71799
1.72046
1.72299
1.72554
1.72862
1.73128
1.73369
1.7361
1.73871
1.7412
1.74368
1.74604
1.74842
1.7508
1.75306
1.75528
1.7575
1.75971
1.76191
1.76402
1.76611
1.76814
1.77019
1.77216
1.77421
1.77613
1.77811
1.78003
1.78193
1.78376
1.78563
1.78748
1.78936
1.79126
1.79307
1.7952
1.79705
1.79881
1.8006
1.8027
1.80458
1.80642
1.80827
1.81017
1.81207
1.81395
1.81587
1.81771
1.81966
1.82177
1.82374
1.82576
1.82772
1.82983
1.83207
1.83426
1.8365
1.83879
1.84118
1.84361
1.84641
1.8495
1.85262
1.85555
1.85848
1.86172
1.86498
1.86814
1.87111
1.87409
1.87728
1.88054
1.88385
1.88729
1.89061
1.89405
1.89763
1.90145
1.90511
1.90892
1.91267
1.91666
1.92064
1.92462
1.92855
1.93244
1.93646
1.94028
1.94418
1.94784
1.95149
1.95536
1.95902
1.96256
1.96607
1.96947
1.97271
1.97594
1.97879
1.9816
1.98422
1.98686
1.98949
1.99185
1.99395
1.99614
1.99805
1.99984
2.0015
2.00286
2.00418
2.00532
2.0063
2.00713
2.00773
2.00809
2.00824
2.00821
2.008
2.0076
2.00702
2.00623
2.00525
2.00429
2.00328
2.00231
2.00135
2.0004
1.99928
1.99816
1.99715
1.99611
1.99506
1.99396
1.99298
1.99189
1.99089
1.98987
1.98879
1.9878
1.98685
1.98588
1.98492
1.984
1.98306
1.98216
1.98122
1.98028
1.97931
1.97838
1.97743
1.97654
1.97561
1.9747
1.97376
1.97284
1.97189
1.97094
1.97004
1.96911
1.96817
1.96726
1.96637
1.96539
1.96446
1.96333
1.96235
1.96125
1.96018
1.95917
1.95811
1.95709
1.95618
1.95526
1.95441
1.9535
1.95262
1.95175
1.95089
1.9492
1.94816
1.94726
1.94639
1.94554
1.94467
1.94381
1.94294
1.94205
1.94117
1.93944
1.93856
1.9377
1.93676
1.93586
1.93493
1.93385
1.93291
1.93191
1.93065
1.92965
1.92827
1.92703
1.92589
1.92484
1.9239
1.92298
1.92203
1.92114
1.92015
1.91896
1.91799
1.91706
1.91611
1.9152
1.91418
1.91319
1.91221
1.91127
1.91028
1.90937
1.90844
1.90751
1.90655
1.90559
1.90464
1.9037
1.90268
1.90175
1.90084
1.89993
1.899
1.8981
1.89714
1.89623
1.89531
1.89442
1.89351
1.89259
1.89165
1.89075
1.88981
1.88891
1.88802
1.88713
1.88616
1.88521
1.8843
1.88338
1.88246
1.88156
1.8806
1.87965
1.8787
1.87777
1.87683
1.87592
1.87491
1.87391
1.87293
1.87196
1.87099
1.87006
1.86908
1.86817
1.86722
1.86628
1.86533
1.86439
1.86342
1.8623
1.86107
1.86002
1.85881
1.8577
1.85664
1.85552
1.85438
1.85341
1.85241
1.85143
1.85047
1.84949
1.84848
1.84754
1.84655
1.84562
1.84464
1.84373
1.84272
1.84174
1.84047
1.83915
1.83808
1.83664
1.83536
1.83413
1.83296
1.83155
1.83051
1.82956
1.82861
1.82771
1.82673
1.82575
1.82477
1.82382
1.82284
1.82146
1.82049
1.8195
1.81835
1.81723
1.81619
1.81522
1.8143
1.81319
1.81222
1.81109
1.80996
1.80881
1.80783
1.80681
1.80582
1.8049
1.80395
1.80303
1.80208
1.80111
1.80018
1.79929
1.79836
1.79747
1.79658
1.79564
1.79469
1.79376
1.79284
1.7919
1.79092
1.78982
1.78891
1.78799
1.78699
1.78604
1.78514
1.78418
1.78327
1.78237
1.78139
1.78046
1.77957
1.77866
1.77773
1.77684
1.77589
1.77496
1.77404
1.77312
1.77215
1.77126
1.77028
1.76937
1.76845
1.76752
1.76661
1.7657
1.76477
1.76386
1.76297
1.76207
1.76115
1.75999
1.75894
1.7577
1.75676
1.75576
1.75469
1.75369
1.75266
1.75175
1.75084
1.74992
1.74901
1.74807
1.74714
1.74624
1.7453
1.74438
1.74345
1.74253
1.74161
1.7407
1.73979
1.73887
1.73796
1.73705
1.73614
1.73519
1.7343
1.73338
1.73247
1.73155
1.73059
1.72968
1.72873
1.7278
1.72687
1.72595
1.72501
1.72411
1.72321
1.72228
1.72137
1.72045
1.71954
1.71862
1.71744
1.71651
1.71563
1.71474
1.71381
1.71292
1.71201
1.71111
1.71015
1.70921
1.70818
1.70719
1.70628
1.70534
1.7044
1.70345
1.70254
1.70164
1.70072
1.69983
1.69887
1.69796
1.69708
1.69619
1.6953
1.6944