
48.7781
340.156
645.104
900.685
1089.64
1196.39
1213.65
1143.39
990.978
767.79
496.755
221.902
216.905
478.672
720.616
907.068
1031.74
1084.78
1055.57
952.391
803.826
644.85
519.193
484.146
549.332
652.892
740.606
785.299
774.378
705.718
593.498
482.753
456.376
558.564
735.352
929.522
1107.57
1245.21
1322.42
1329.17
1271.4
1166.51
1037.27
909.952
811.569
762.905
764.615
794.078
825.606
842.456
830.994
783.752
709.622
634.544
592.62
607.885
675.746
768.974
857.241
919.941
953.128
959.882
936.283
875.039
774.407
646.54
520.338
425.987
376.433
364.38
368.867
368.733
356.845
340.752
334.734
352.734
399.168
462.083
519.487
555.227
567.699
560.718
533.15
485.94
426.677
362.978
303.137
258.034
235.94
237.209
254.333
275.598
289.282
290.183
283.524
283.389
302.112
337.396
376.294
409.899
434.748
446.867
443.275
421.217
377.961
317.595
251.895
195.278
162.888
159.372
170.773
183.545
187.532
174.185
144.315
108.524
79.3586
66.8335
72.4924
88.1133
108.376
130.289
151.982
163.673
151.953
118.304
81.4835
64.8376
64.1805
57.1205
42.6999
28.266
19.0971
34.2309
53.5421
54.6889
34.2885
20.586
42.0734
54.557
47.7834
24.3891
19.3552
44.8532
61.7522
73.2803
78.9073
71.0485
51.3273
31.4247
16.4215
4.0014
27.4599
44.5577
51.3404
57.4963
67.4541
70.856
59.4119
38.5911
25.268
28.7427
40.2409
60.0097
85.666
106.463
115.35
113.118
102.295
85.3628
72.0775
78.6152
99.1651
114.415
114.926
100.19
73.541
39.5772
11.5327
30.4644
44.6452
49.531
54.331
55.079
44.2109
22.5938
3.56103
23.6959
42.5
61.357
71.8351
67.1665
51.4009
35.5069
21.9035
3.24687
23.6101
41.4725
45.8108
38.9734
27.9317
22.1501
33.2855
54.715
69.7411
67.8373
51.5108
34.4069
31.2927
44.1867
64.8825
82.9345
90.4076
86.398
74.3863
57.7842
44.6762
47.0143
56.7025
60.2865
55.641
47.1848
41.8869
45.5025
49.7328
44.6649
33.1009
26.8884
33.1472
43.6911
53.5398
62.3673
67.9079
66.4784
56.0773
38.6702
21.1778
17.1468
27.0795
40.8972
57.5631
70.8812
75.3425
73.5449
70.5663
66.1166
58.0874
51.4227
54.6573
61.4675
62.9331
60.6142
59.1726
58.1569
53.0271
41.2109
25.4942
20.8778
31.267
37.0576
38.0016
41.0839
42.8946
35.7439
21.5728
22.4865
35.9362
42.6298
42.1969
38.8366
40.461
52.5179
66.5856
73.4423
71.1743
64.3614
57.095
48.8246
39.8256
35.6942
42.7522
58.4619
75.3791
85.5473
84.5706
73.2065
55.395
37.4415
26.2445
25.9306
31.4277
34.2351
33.1385
33.6413
37.2969
38.4333
33.7003
23.7429
11.058
3.59957
13.2613
20.6299
25.2936
33.1875
48.8377
64.3548
69.8699
63.0194
49.8651
41.3858
43.7512
51.9387
61.3379
68.6469
69.818
62.202
47.6039
33.0483
28.0689
36.8325
51.2598
62.1684
62.8798
51.6227
32.4731
11.7484
11.6957
25.3266
31.2864
28.3442
17.9659
6.76675
15.9588
27.1823
32.905
32.2206
27.6784
23.9925
21.3539
15.9478
10.9509
21.5539
36.0491
44.3334
42.8683
33.1403
22.0296
14.5727
7.56886
8.10588
18.3688
27.8331
33.5129
34.9652
33.1858
28.9547
22.6493
15.1395
13.8547
22.3636
32.8095
42.8002
51.6664
57.3571
56.3441
47.9916
37.5827
33.8816
39.2855
47.7148
54.1872
56.0323
52.374
43.5178
30.4926
17.0077
12.2652
17.2128
22.3835
25.8846
27.0507
25.4753
22.5759
20.6793
19.2001
17.1514
14.174
8.71758
5.19902
15.7402
27.8359
37.0487
42.46
44.138
40.8839
32.3425
22.6414
20.2751
25.3561
31.8048
37.5861
39.2538
33.44
21.1586
8.438
6.4466
6.76438
2.52448
5.26548
11.2043
18.6148
26.2503
31.3913
32.215
28.4589
21.8181
14.2792
7.12542
4.1819
10.2331
18.7688
27.1007
32.8444
34.8302
33.7063
29.9781
23.4295
16.1404
13.2449
19.0462
30.3949
41.6478
48.6312
49.6627
46.0452
39.7041
31.1155
23.5018
23.3324
29.615
36.6654
40.9952
40.5902
34.8445
25.8725
16.5527
8.27119
6.85951
12.3587
18.135
22.8919
26.0514
26.394
22.4572
15.689
9.55051
5.43995
3.97511
7.99341
12.8453
16.2058
17.7037
17.2249
14.8899
11.5166
8.84771
8.62858
10.0316
11.0918
11.1952
10.4297
9.16291
9.31009
12.1601
15.4964
16.9879
15.8586
12.3848
7.79105
4.91178
6.633
11.2163
16.0896
18.5959
17.4526
13.643
9.42617
7.28387
7.67594
9.95963
12.8238
13.6164
11.7818
8.70019
7.97512
11.1056
14.3727
15.9946
14.6776
9.97086
3.38716
5.42285
11.0351
14.7027
16.82
17.7935
17.8473
15.9297
10.834
3.18923
5.35558
12.6525
17.4627
19.1682
18.0757
15.4493
11.9186
7.06946
2.79171
7.245
12.2945
14.6653
14.0926
12.2011
11.3612
10.8898
8.72029
6.05908
7.53995
11.6755
14.8153
15.8902
14.1825
9.47825
3.75409
6.07214
11.813
15.9978
17.6159
16.29
12.5432
7.52388
3.37968
5.54773
9.87637
13.325
15.24
15.4356
13.4788
9.53585
5.7661
6.26888
8.31667
9.67672
11.0962
11.7323
11.4827
10.5035
8.4202
7.80558
10.5895
12.8774
11.9896
8.2734
4.64767
5.85011
9.32965
12.2346
13.3669
12.6908
12.3038
12.2177
9.6891
4.10719
3.56068
9.58741
13.6872
15.9463
16.7982
15.8465
12.6971
8.33865
4.34759
2.92909
5.70363
10.1831
14.7685
17.7231
18.2841
16.0034
10.8608
3.99879
2.87899
7.57933
10.3529
13.0165
15.394
16.1163
14.8997
12.4525
9.28802
4.62138
1.66738
8.03427
13.435
16.9731
18.1402
16.6475
12.3456
6.08371
0.831979
7.10654
11.5304
12.8181
11.4309
9.96558
10.5598
11.5498
10.7924
8.09485
5.37258
5.14479
6.82664
9.14826
11.1829
11.8678
11.0014
9.573
8.1869
6.70378
5.54535
6.15855
7.79695
8.91386
9.85673
10.3039
9.79617
9.3803
9.89301
10.2534
9.28983
6.73251
3.35752
5.91219
11.0104
13.8723
13.1914
9.62289
6.57468
7.53508
8.78503
7.48584
4.49963
5.15793
9.26199
12.5827
13.8497
12.869
10.4777
7.98164
5.88394
4.62447
5.45092
7.81166
10.2509
11.9382
12.2992
10.8301
7.91555
5.08438
5.09574
7.16044
8.33489
8.19436
8.11722
9.13235
9.70825
8.68276
7.43914
8.59893
10.4331
10.0563
7.0716
3.02449
4.80565
9.31458
12.268
12.8225
11.2229
8.94214
7.29419
5.39477
2.36707
4.57157
9.56555
13.5624
15.6336
15.0789
11.6752
6.15043
1.4341
5.42432
8.37302
9.78618
10.3939
10.2549
9.6048
9.09068
8.3365
6.25883
2.66677
4.45223
9.28802
12.2591
12.5479
10.6102
7.88866
6.24928
6.89176
7.68824
6.95177
5.41786
5.57775
8.02827
10.3646
11.7509
11.8101
10.0532
6.82792
3.6273
3.2678
4.70148
7.13663
10.5569
13.4492
14.7713
14.1915
11.5366
6.82105
2.66304
7.72227
13.178
16.2043
16.2665
14.0359
10.6736
6.5429
1.44432
4.19536
9.0919
12.1047
12.4583
10.42
7.26233
4.92697
5.12744
6.99056
8.65528
8.44547
6.403
4.83136
6.38663
9.18445
10.9259
10.7036
8.29844
4.58014
3.15806
5.95736
8.46791
9.71957
9.62634
8.11579
5.74365
4.07318
5.11078
7.63643
9.44193
9.87423
9.3148
7.86017
5.50223
4.34378
6.25394
8.08303
8.28907
7.61432
7.31455
7.39681
7.60364
7.63978
6.97778
5.27594
4.24809
5.83734
7.37948
7.8775
8.25032
9.3111
9.90569
8.99398
6.63178
3.1998
3.22884
7.60121
11.2505
12.7185
11.4214
7.75908
3.09718
3.54398
7.18115
9.03828
8.69445
6.89088
4.82
4.52162
6.95587
9.48211
10.3521
9.17044
6.7431
3.99493
2.89939
5.52149
8.45765
10.5152
11.2993
10.6205
8.45781
5.14301
1.73356
2.93037
6.28162
9.57581
11.8954
12.2566
10.5672
7.53293
3.86404
1.31248
5.12175
8.64061
10.8307
11.4986
10.5378
8.38187
5.79595
3.39924
2.81523
5.42001
8.07254
9.19864
8.89375
7.9197
6.95017
5.72943
4.25781
4.63733
6.3829
7.42691
7.33283
6.8209
6.62637
7.06484
7.88852
8.06154
7.09619
5.1297
3.45201
4.72676
7.11199
8.63658
8.63663
7.36498
5.97086
5.33202
5.07696
5.05377
5.61042
6.50332
7.57329
8.53836
8.38276
6.57264
4.10222
4.04855
6.39805
8.43942
9.24613
8.21519
5.45697
2.86241
4.44282
6.95615
8.06987
7.65656
6.11304
4.67536
5.27663
6.60744
7.04052
6.63565
5.99044
5.1384
4.58866
5.86645
7.95289
9.04945
8.57858
6.73926
3.95876
2.3766
4.80825
7.42996
8.89153
8.86102
7.64677
5.82691
4.01742
3.58497
5.23244
6.97551
7.88766
7.98802
7.22759
5.56273
4.15922
5.31708
7.1508
7.86649
7.49176
6.51091
5.0663
3.25008
3.6252
6.54295
9.13631
10.0597
8.99068
6.48934
3.42039
2.52588
5.15544
7.42156
8.30333
8.11255
7.80523
7.37723
6.07111
4.00908
3.31694
4.72276
6.07559
6.93921
7.5161
7.75084
7.26248
6.03879
4.51378
3.39098
3.74787
5.39015
6.89094
7.72955
8.13825
7.95406
6.83529
5.32457
4.53596
4.03314
3.3771
4.21023
6.36812
8.31763
9.30914
9.31296
8.26629
5.69175
1.61449
2.95707
6.77583
9.27196
10.252
9.6489
7.76989
5.23149
3.70254
4.30569
4.66082
4.266
4.66325
6.42407
8.02665
8.5384
7.72293
6.07355
4.84838
4.26067
3.54664
3.26248
4.66107
6.59157
8.21376
9.4687
9.7765
8.33797
5.14737
1.54302
2.66741
5.42445
7.95454
9.78618
10.0969
8.38968
5.10792
2.52277
4.16425
5.65158
5.57917
5.00382
5.28801
6.21031
7.02033
7.34146
6.80219
5.49164
3.9462
2.92488
3.85382
5.94745
7.59468
8.24545
8.04905
7.06891
5.13912
2.36361
2.43579
5.50575
7.59112
8.45099
8.47867
7.69844
5.55656
2.37012
2.92557
5.78287
7.20297
6.93944
6.04171
5.48134
5.2455
5.20148
4.99846
4.5745
4.44142
4.98661
5.66001
5.99956
5.87984
5.35844
4.98778
5.04078
5.25329
5.27027
4.9813
4.91514
5.4683
6.05143
6.05544
5.38299
4.62532
4.78572
5.41051
5.57891
5.30529
5.02815
5.04612
5.46352
5.8027
5.50575
4.89451
4.59002
4.67945
4.9902
5.76989
6.63365
6.68063
5.87641
4.6187
3.47832
3.58888
4.83565
6.10197
6.98697
7.40593
7.12509
5.95175
3.88979
1.92495
3.29408
5.6618
7.38437
8.08067
7.64658
6.25414
4.51158
3.45494
3.55362
3.98882
4.6835
5.75284
6.62741
6.89915
6.52986
5.65264
4.23091
2.66321
3.18742
5.29829
6.79714
7.08658
6.40404
4.96649
3.41631
3.68695
5.53246
6.81528
6.39962
4.36166
2.61112
4.42354
6.59309
7.64143
7.61325
6.51952
4.45609
1.95177
2.6396
5.39155
7.46314
8.39104
8.08393
6.65651
4.28377
1.8935
2.87901
5.01743
6.53709
7.48283
7.81536
7.20605
5.62906
3.51628
2.12393
3.54199
5.7525
7.21217
7.43104
6.54448
5.12508
3.88351
3.47214
4.38145
5.38491
5.42771
4.74693
4.39377
5.10039
5.95372
5.94865
5.0993
4.29985
4.08783
4.32606
4.98063
5.506
5.24988
4.27834
3.8996
4.85343
5.7994
5.93462
5.42067
4.51691
3.4359
3.30539
4.41842
5.66869
6.33326
6.31294
5.81229
4.81856
3.57436
2.911
3.55732
4.80945
6.20916
7.29798
7.42704
6.30434
3.94798
1.03662
2.9144
6.12003
8.52524
9.36234
8.43873
6.11874
3.07749
0.80754
3.55472
6.36328
8.34972
8.97262
8.06059
5.88013
3.08584
1.60507
3.35826
5.14746
6.19972
6.46788
6.28529
5.94179
5.31006
4.26602
3.4286
3.28224
3.8208
4.90674
5.85143
6.12439
5.63489
4.93136
4.79894
5.05557
4.91442
4.19998
3.28316
3.01106
4.05321
5.57925
6.80078
7.15283
6.42981
4.93206
3.30293
2.37357
3.08879
4.68851
5.90921
6.47534
6.49885
6.11693
5.37216
4.11272
2.47065
1.92515
3.89343
6.09418
7.66097
8.14188
7.22635
5.04177
2.14453
1.63355
4.18681
6.0876
6.95521
6.84379
6.1123
5.0196
3.82928
3.1303
3.18682
3.63647
4.46851
5.40988
6.08245
6.1248
5.19801
3.88403
3.55007
4.03771
4.27956
4.09159
3.92845
4.39602
5.22652
5.87181
6.25263
6.27786
5.66375
4.08903
1.74506
2.17501
4.80617
6.71971
7.65861
7.81844
7.19469
5.79403
3.74412
1.14632
2.08524
4.85309
7.06642
8.38123
8.58374
7.66145
5.74745
3.1085
0.750494
2.9673
5.08152
6.43212
7.02652
6.78507
5.7085
4.15015
2.84885
2.76699
3.68691
4.68255
5.24565
5.13478
4.6995
4.3936
4.31372
4.26371
4.14173
4.26523
4.44584
4.43894
4.20212
3.90083
4.10161
4.74914
5.12078
4.69368
3.94242
3.76456
4.10555
4.42073
4.53711
4.72363
4.806
4.47491
3.83834
3.27109
3.54822
4.73163
5.77212
6.00882
5.47376
4.3302
3.02273
2.87607
3.69695
4.40964
5.10425
5.81061
6.18714
5.84974
4.72268
3.19734
2.0687
2.98586
4.81594
6.14626
6.45752
5.82221
4.80755
3.66118
2.67591
2.75238
3.98949
5.43623
6.31147
6.38525
5.57848
3.96653
2.07468
2.49717
4.71376
6.23969
6.65119
6.14167
4.92565
3.06918
1.77039
3.22009
4.91676
6.00528
6.24742
5.48283
3.90475
2.42824
2.68257
4.1652
5.71056
6.63619
6.32692
4.54798
1.93573
2.20592
4.55686
6.1077
6.68611
6.39678
5.33719
3.63706
1.63056
2.00317
4.19241
5.97355
6.95089
7.05591
6.31768
4.69952
2.55007
1.50898
3.07791
4.71615
5.85015
6.3859
6.23639
5.36814
4.01922
3.0873
3.07864
3.27403
3.40995
3.69223
4.56506
5.74499
6.29327
5.72832
4.3455
2.93172
2.56459
3.26682
4.22335
4.95791
5.20013
5.19077
5.06244
4.66472
3.88224
2.98773
3.00039
3.81072
4.3535
4.3487
4.26313
4.51822
4.96674
5.08429
4.48109
3.45875
2.65338
2.66073
3.70652
5.12334
6.20252
6.62099
6.17072
4.70337
2.4095
0.959347
3.39896
5.51477
6.91638
7.38858
6.68003
4.97304
2.66242
0.812666
2.95795
5.231
6.6136
6.74989
5.87001
4.45865
3.10063
2.60089
3.18715
3.99771
4.41655
4.42296
4.27723
3.98079
3.74373
4.16953
4.80952
4.91316
4.29934
3.25261
2.55859
3.00776
3.99045
4.93523
5.66577
5.79494
5.35465
4.57998
3.40213
2.20125
2.22479
3.73914
5.31385
6.09588
5.93974
5.0593
3.77667
2.86809
2.96674
3.25123
3.40273
3.78841
4.607
5.47604
5.79623
5.21831
3.91616
2.63226
2.52157
3.68211
4.55283
4.65512
4.56398
4.64339
4.60211
4.11627
3.39024
2.80817
2.85202
3.65549
4.5728
5.13449
4.96233
4.16003
3.38533
3.20061
3.59177
3.98597
3.97609
3.87691
4.26225
4.87269
5.0628
4.49898
3.32772
2.3483
2.73252
3.81109
4.71167
5.16983
5.09146
4.66416
4.02836
3.09272
2.08107
2.695
4.3646
5.54722
6.03416
5.70546
4.5175
2.88858
2.04414
3.31486
4.75578
5.38359
5.23683
4.61463
3.58303
2.34117
2.35116
3.79181
5.03334
5.55797
5.32549
4.47378
3.31639
2.44988
2.80033
3.77585
4.73964
5.4321
5.3932
4.65832
3.62701
2.94936
3.22939
3.89614
4.14337
3.74269
3.22872
3.18166
3.85262
4.69915
5.08132
5.00909
4.40288
3.20567
1.8689
2.03079
3.85605
5.67154
6.80449
6.93207
6.06013
4.47814
2.44665
0.757205
2.56949
4.46265
5.66538
6.0552
5.82513
5.04769
3.74983
2.43591
1.96721
2.87012
3.87444
4.44582
4.72142
4.75327
4.73923
4.61952
4.12705
3.22498
2.51001
2.97551
3.87307
4.37357
4.32415
3.96967
3.71592
3.76356
3.84414
3.69513
3.54023
3.62137
3.77852
3.7687
3.66183
3.6822
3.9418
4.35778
4.70679
4.6188
3.87597
2.81507
2.42676
3.3029
4.34702
4.96055
5.01653
4.52719
3.65113
2.58963
2.29709
3.16088
4.18088
5.0146
5.5215
5.48656
4.69566
3.18147
1.60529
2.43552
4.01355
5.02173
5.47328
5.31819
4.65926
3.65689
2.5666
1.97167
2.46692
3.68217
4.75995
5.21045
5.03916
4.56006
3.89666
3.20172
2.82627
2.70088
2.95819
3.76389
4.5243
4.78225
4.6022
4.23196
3.78446
3.21876
2.77314
2.88594
3.34735
3.61293
3.57482
3.79466
4.33889
4.62465
4.42425
3.95697
3.49803
3.02688
2.70051
3.03608
3.91179
4.60654
4.89554
4.80252
4.25464
3.42364
2.5717
2.38936
3.18264
4.06907
4.64594
4.82056
4.54289
3.76252
2.83237
2.6412
3.30665
4.11902
4.68236
4.77869
4.40753
3.73967
2.85928
2.41847
3.12494
4.12544
4.75515
4.75422
4.23625
3.53134
2.84344
2.60326
3.04149
3.58972
3.96471
4.05897
3.97168
3.96781
3.95479
3.89875
3.89252
3.65971
2.99091
2.45797
2.76451
3.62207
4.58514
5.21645
5.24824
4.62278
3.44284
2.01046
1.50762
2.7517
4.25378
5.47106
5.99167
5.62763
4.41233
2.65243
1.53707
2.53604
3.78202
4.70059
5.25261
5.08906
4.2432
3.25556
2.57749
2.59954
3.16448
3.82119
4.28428
4.39513
4.19649
3.85082
3.32685
2.781
2.84722
3.43572
4.02138
4.31249
4.36436
4.27171
3.97402
3.48106
2.88299
2.61392
3.07234
3.8221
4.2384
4.31356
4.3173
4.21702
3.77831
2.89724
2.27337
2.69493
3.61384
4.40256
4.76788
4.61058
3.94405
3.25374
3.07088
3.2322
3.29898
3.16052
2.99553
3.17602
3.96052
4.68466
4.74484
4.08911
3.06111
2.21419
2.28184
3.21393
4.16438
4.74084
4.77522
4.35406
3.67588
2.78668
2.18736
2.91094
4.05166
4.6872
4.74771
4.25596
3.28935
2.22211
2.16214
3.30693
4.38036
4.85773
4.69355
4.1424
3.30889
2.51094
2.47036
3.15418
4.0453
4.57713
4.61932
4.22538
3.513
2.86804
2.87795
3.57355
3.99438
3.74925
3.13348
2.7878
3.13641
3.78146
4.28512
4.40551
4.18531
3.71279
3.0596
2.59564
2.75598
3.28999
3.74809
4.18798
4.64406
4.74036
4.27899
3.47545
2.57927
1.96409
2.24891
3.25619
4.29598
4.90288
4.9625
4.5617
3.85527
2.91577
2.13744
2.32699
3.00506
3.70849
4.41975
4.91387
4.85664
4.19873
3.18156
2.29967
2.32967
2.87402
3.36884
3.86833
4.21293
4.14372
3.74095
3.33527
3.16722
3.15088
3.05418
2.98285
3.28856
3.83572
4.20052
4.31792
4.18255
3.73671
2.99097
2.17477
2.31653
3.4299
4.57093
5.1819
5.08337
4.33325
2.94278
1.55475
1.99692
3.37966
4.57207
5.35461
5.59016
5.06172
3.91552
2.50744
1.33661
2.16381
3.70973
4.97244
5.67486
5.48476
4.40945
2.85912
1.74116
2.46406
3.48238
3.8882
3.84231
3.74434
3.70606
3.63556
3.52364
3.36794
3.453
3.62115
3.47497
3.03143
2.62844
2.80955
3.4079
4.14262
4.61026
4.45649
3.82215
2.99876
2.26744
2.20629
3.09746
4.02566
4.42086
4.24622
3.81671
3.47992
3.10614
2.67721
2.70869
3.29462
3.8562
4.09908
3.89903
3.38345
2.93718
2.74328
3.00804
3.5577
4.0362
4.1888
4.00111
3.60116
2.94076
2.25431
2.22544
3.15948
4.19292
4.82791
5.01357
4.62855
3.63802
2.2737
1.53228
2.53765
3.90272
4.71223
4.76357
4.38434
3.8152
3.16542
2.67821
2.78311
3.19878
3.30239
3.21958
3.33623
3.547
3.6259
3.65858
3.75409
3.90892
3.82235
3.26228
2.40728
2.07192
3.01755
4.09439
4.74447
4.91444
4.50587
3.50665
2.23727
1.86689
2.86086
3.94202
4.53059
4.54049
4.01916
3.13414
2.44254
2.4592
3.02353
3.69392
4.18815
4.37921
4.15311
3.30238
2.17591
2.19034
3.12845
3.97345
4.42533
4.42964
4.01517
3.27496
2.5912
2.45887
2.76248
3.0746
3.54343
3.99844
4.11295
3.92739
3.46817
2.87791
2.5853
2.91144
3.47539
3.7671
3.50175
2.8689
2.76751
3.41462
4.04613
4.31645
4.17472
3.56537
2.69268
2.09699
2.33923
3.20626
4.03693
4.60068
4.74455
4.38064
3.59838
2.51183
1.75105
2.40866
3.56958
4.34313
4.52192
4.3285
3.90194
3.14474
2.39767
2.39935
3.10954
3.80358
4.14514
4.19293
3.90664
3.29942
2.63359
2.50304
3.01964
3.62186
4.03089
4.05685
3.81005
3.31276
2.5924
2.32788
2.85731
3.58865
4.02736
4.12624
3.89346
3.2919
2.63576
2.65286
3.31342
3.73537
3.63546
3.17466
2.74303
2.84276
3.36459
3.87815
4.17379
4.13276
3.60699
2.59355
1.63785
2.06557
3.26002
4.42156
5.21226
5.35792
4.76536
3.47465
1.90921
1.2074
2.35428
3.72735
4.76621
5.32574
5.216
4.40136
3.11081
1.90376
1.70913
2.65232
3.72348
4.34704
4.48128
4.15342
3.55269
3.07628
2.85823
2.79274
2.86818
3.19882
3.67543
4.03433
3.98807
3.5026
2.9329
2.71407
2.93621
3.39889
3.76144
3.81174
3.60409
3.15954
2.87435
3.0355
3.24739
3.38489
3.43499
3.36767
3.22202
3.19299
3.29259
3.4329
3.55302
3.52908
3.301
2.72784
2.27344
2.73366
3.58864
4.20334
4.44635
4.34743
3.79594
2.73765
1.46041
1.80609
3.3259
4.57161
5.23775
5.15223
4.33864
2.95764
1.62023
1.74379
2.82833
3.78684
4.3276
4.46316
4.11383
3.24807
2.42676
2.60268
3.31499
3.76342
3.68923
3.18951
2.81815
2.91035
3.25162
3.60849
3.78311
3.5921
3.18364
2.95846
2.95782
3.00099
3.12182
3.49162
3.83718
3.85476
3.5069
2.9259
2.54978
2.797
3.52731
4.16411
4.39687
4.13309
3.34815
2.40121
2.10612
2.62167
3.38343
4.06997
4.37318
4.33245
3.95628
3.17524
2.31994
1.85586
2.3317
3.34367
4.27692
4.72463
4.58117
4.06562
3.33293
2.588
2.00279
2.04523
2.79897
3.6481
4.19265
4.26168
4.05547
3.65375
3.12504
2.68249
2.34696
2.23844
2.54171
3.22922
3.93685
4.28553
4.18555
3.8216
3.39156
2.95745
2.52142
2.22052
2.37772
3.07399
3.93438
4.54443
4.69008
4.23886
3.28003
2.15026
1.74812
2.58326
3.59711
4.43627
4.75243
4.41043
3.55693
2.41101
1.77262
2.44225
3.74843
4.81328
5.09212
4.54501
3.4526
2.17843
1.55663
2.54366
3.80062
4.68194
4.96085
4.57545
3.70113
2.57432
1.7725
2.22442
3.12887
3.76124
4.04088
3.99453
3.68681
3.21692
2.95786
3.00473
2.96421
2.90112
2.88671
2.99874
3.29762
3.65214
3.82696
3.60918
3.24568
3.09368
3.10275
2.81769
2.29452
2.3828
3.08338
3.82594
4.22561
4.16795
3.73292
2.99796
2.21198
2.09403
2.84191
3.58468
3.99121
4.1012
3.87309
3.37657
2.93975
2.68013
2.61415
2.87746
3.36582
3.73862
3.70766
3.39397
3.03951
2.71217
2.55226
2.90815
3.4884
3.8749
4.10276
3.99058
3.45648
2.66438
2.1922
2.72621
3.42394
3.84468
4.0355
3.99481
3.64432
3.0808
2.67702
2.69292
2.9427
3.03493
2.96896
2.9638
3.1628
3.53658
4.02474
4.31275
4.07362
3.40144
2.42378
1.59834
2.06597
3.25916
4.33423
5.11791
5.424
4.94087
3.76057
2.12187
0.603724
1.97023
3.62923
4.89362
5.42821
5.18628
4.28037
2.97078
1.80673
1.71403
2.60156
3.51648
4.13576
4.20976
3.84785
3.45009
3.12655
2.82875
2.72219
2.90743
3.19526
3.31744
3.12501
2.95909
3.09917
3.30017
3.34142
3.33283
3.37436
3.27827
3.0733
2.88064
2.90419
3.191
3.55307
3.75732
3.57284
3.17901
2.85161
2.82053
3.13778
3.52847
3.71546
3.60808
3.24262
2.65422
2.34185
2.64998
3.25666
3.86177
4.19396
4.09661
3.60473
2.96479
2.41511
2.31642
2.68704
3.23658
3.80291
4.20828
4.23399
3.7309
2.99691
2.38745
2.27177
2.68541
3.13515
3.46396
3.52175
3.48671
3.47436
3.28108
3.03305
2.96443
2.97973
2.99359
3.14406
3.223
3.0821
3.13393
3.46041
3.59621
3.43326
3.16458
2.94039
2.82873
2.79065
2.84458
3.02812
3.38916
3.67588
3.58673
3.20146
2.83992
2.82058
3.00764
3.26333
3.57495
3.7866
3.71599
3.26738
2.66623
2.26025
2.45864
3.41255
4.41766
4.79311
4.38117
3.3897
2.12225
1.4031
2.27138
3.48472
4.45288
4.98419
4.8589
4.18903
3.30494
2.31409
1.63083
2.11308
3.18475
4.01703
4.44494
4.46274
4.02966
3.40956
2.80576
2.29546
2.07656
2.35582
3.02679
3.59608
3.98513
4.31373
4.34025
3.87965
3.14164
2.37118
1.99223
2.40215
3.15036
3.85869
4.33031
4.37051
3.84879
2.91208
2.00013
2.12016
2.96418
3.57558
3.79601
3.57473
3.2571
3.12647
3.04995
3.01831
3.08612
3.23329
3.31058
3.42603
3.54534
3.55773
3.4372
3.03076
2.49071
2.26193
2.69788
3.47375
4.06947
4.25752
3.93819
3.1327
2.19515
1.90262
2.62118
3.4956
4.13442
4.49729
4.30105
3.66322
2.99592
2.5281
2.43834
2.70386
3.32032
3.66768
3.51779
3.10387