
-48.7781
-65.9813
362.437
-730.772
1045.08
-1195.17
1130.91
-880.846
532.808
-209.78
24.7984
-32.4341
214.59
-478.042
690.145
-751.05
617.512
-296.634
-123.979
490.6
-679.968
644.839
-393.986
0.0131828
395.941
-648.166
676.373
-479.169
126.878
248.625
-487.976
476.879
-211.873
-205.076
630.56
-929.458
991.958
-761.14
274.871
317.848
-818.923
1076.45
-1030.78
712.519
-218.232
-305.193
681.806
-782.184
600.4
-224.123
-220.543
574.578
-700.702
561.463
-221.406
-202.693
574.396
-768.103
713.424
-432.547
26.7636
393.269
-723.369
857.193
-736.436
421.709
-71.9426
-193.944
343.134
-347.66
186.489
66.6468
-271.429
340.506
-269.994
92.3242
155.859
-399.692
517.762
-445.053
229.507
39.8845
-279.803
418.336
-426.435
317.779
-136.568
-53.4163
190.531
-236.302
185.48
-49.6126
-127.518
259.578
-278.186
188.752
-29.5511
-166.467
334.738
-409.181
369.443
-229.683
30.5866
169.644
-301.833
316.096
-218.808
60.7485
85.742
-157.431
145.698
-78.0176
-20.0337
106.352
-135.405
105.386
-46.4262
-15.0837
60.8063
-88.0187
101.974
-100.543
76.2984
-19.0954
-46.771
73.7198
-59.8787
43.2649
-43.7538
45.6628
-37.0651
23.9161
-8.3439
-0.123436
-18.2616
45.4242
-32.6733
-13.3466
36.87
-18.8878
-9.64054
11.4672
13.0314
-29.1296
24.4249
-7.86688
-20.3529
44.7048
-44.4543
29.8524
-16.296
-3.54343
24.4269
-25.5587
14.3266
-4.37002
-15.1049
46.4465
-58.0527
31.8259
4.01066
-25.949
40.2406
-57.4356
66.7045
-44.4936
-6.02346
59.2869
-91.919
82.3643
-22.6385
-56.4754
98.0675
-73.4644
8.78475
47.3891
-64.0429
39.1756
3.13607
-26.5561
21.0764
-8.81467
-4.18025
23.771
-34.948
22.4151
2.98892
-21.4603
30.9572
-26.2765
-1.20868
31.0449
-38.7849
31.4591
-21.4907
1.15258
20.5992
-18.749
-0.357682
13.0474
-11.6418
1.83508
8.2102
-0.925421
-33.8927
62.2947
-48.5645
11.5203
19.1064
-43.7241
57.7187
-39.9445
-7.04048
52.2014
-70.8034
52.0404
-2.75192
-42.3486
51.365
-29.0024
2.85792
10.5184
-13.2274
19.4673
-36.6162
44.1947
-26.259
-4.78559
30.7857
-42.041
39.6767
-26.0997
0.49122
29.7618
-46.8943
38.6548
-13.2513
-11.4041
27.0794
-37.4065
40.0348
-23.173
-7.4738
34.6646
-54.9471
65.2902
-48.5864
-1.31328
49.1671
-56.4331
33.3062
-8.71712
-10.3478
29.1702
-43.778
41.2062
-16.0811
-16.0639
28.4799
-19.1274
8.59446
-0.461191
-12.9714
22.1439
-14.4836
4.28517
-12.4641
31.4012
-41.7976
29.9183
8.55364
-49.8592
58.5314
-29.3832
-9.49925
35.694
-48.8961
48.8187
-30.92
-1.00228
34.9962
-57.8944
52.8427
-13.0378
-37.0698
63.6544
-55.129
26.8193
1.62017
-22.7746
29.9108
-21.8
11.3168
-5.92079
-1.68388
14.6346
-24.1704
22.4851
-10.8166
-2.96181
12.1175
-14.8439
14.8399
-17.6376
15.0533
10.9959
-49.9886
62.9503
-34.1139
-11.4889
41.607
-47.8428
35.3011
-5.9677
-31.2724
54.2723
-47.1006
19.499
11.3944
-36.3243
42.6828
-19.542
-19.8778
41.9953
-32.4694
7.25667
10.9296
-8.75491
-8.18951
21.6118
-17.9655
0.104185
15.5042
-16.6334
4.83978
8.756
-14.9886
16.7174
-18.7731
15.8364
0.0159457
-21.478
26.8257
-7.91696
-17.2132
26.1992
-20.8231
14.5519
-5.88498
-7.09519
17.2104
-17.5515
7.47292
6.38864
-17.9042
23.9763
-22.5718
11.0821
7.29623
-22.3518
28.015
-22.7375
5.23697
23.2963
-48.3175
47.1881
-18.0067
-17.5102
39.0645
-39.5809
21.0323
7.47575
-31.9176
40.6235
-29.3884
6.81337
10.3977
-15.6762
13.3706
-7.11378
-0.961679
7.49852
-10.1174
11.1026
-12.3598
13.1091
-12.8816
8.66163
2.2794
-15.6387
20.9936
-12.551
-5.42663
25.7419
-38.0546
30.5364
-6.02045
-16.4631
24.286
-20.2383
7.05032
13.0318
-25.941
20.8031
-8.42477
4.10467
-4.80642
1.34489
4.18745
-8.84778
12.3079
-10.1379
0.0302572
13.1954
-21.1949
20.5858
-14.2553
5.85478
2.33519
-10.2258
16.3506
-15.7747
6.09019
8.05261
-20.2202
26.5694
-23.4071
12.3007
1.07191
-16.5151
29.7794
-28.5262
9.03767
16.8596
-34.8852
39.2312
-26.569
1.69304
19.813
-28.4291
22.404
-4.51137
-16.2044
27.5635
-25.4196
15.7458
-3.56908
-6.3156
11.1723
-11.6044
7.49359
0.55892
-10.4654
16.0245
-13.8402
8.71531
-4.37069
0.167334
3.41695
-4.03093
1.39654
2.86622
-6.79522
8.49995
-7.37876
4.70835
-2.48603
1.85377
-2.48906
3.2907
-3.52338
2.48206
-0.321036
-0.886752
-1.03457
5.36888
-8.93253
9.16169
-6.00548
1.8431
1.71748
-3.91037
2.31318
3.443
-8.62809
9.32462
-6.57145
3.41727
-1.19702
-0.0453916
-1.30102
4.49357
-5.97164
4.28851
-1.03746
-0.2961
-1.71653
6.1349
-9.87926
8.77221
-2.8705
-2.95451
4.59716
-2.63673
-1.0012
5.15582
-9.47063
12.5377
-10.5212
3.02466
4.8064
-7.43623
3.70364
3.09667
-8.39346
10.4115
-9.81029
6.37205
-0.912397
-3.23719
2.90462
1.13093
-4.68806
5.34412
-5.0414
5.68355
-5.25502
2.31427
0.990491
-1.51239
-1.45585
6.14565
-9.47059
8.07422
-2.60765
-2.51875
3.75094
-0.33806
-5.61223
10.0901
-10.3201
6.79979
-1.98573
-1.7234
2.91944
-1.14912
-2.58705
6.66211
-8.93366
7.53257
-3.68426
0.911365
-0.52168
0.769667
-1.65796
3.2997
-4.54131
5.24243
-4.23679
1.76518
-1.30719
4.46543
-7.48558
6.40286
-2.52543
-0.716495
1.66316
-0.04652
-3.11367
5.05063
-5.87481
7.81537
-8.27656
3.90899
2.23128
-4.78651
2.87162
1.26018
-6.03222
9.93714
-10.5096
7.65864
-3.78312
0.309291
2.60116
-4.40836
2.80785
2.65198
-9.16087
12.8234
-10.5862
3.97324
1.7301
-3.23513
2.61094
-1.30976
-2.07526
6.59327
-9.61791
10.0993
-8.63908
4.60453
1.32507
-5.34285
4.71074
0.423293
-7.29486
12.1563
-11.658
6.07455
0.516235
-4.02647
2.3123
2.11622
-4.41003
3.85741
-3.66593
5.41971
-7.09891
6.22455
-3.4923
1.18717
0.0603135
-0.072657
-1.63086
4.25402
-5.79225
5.8345
-5.24846
4.13805
-2.39845
0.817868
-0.590741
1.11452
-1.91726
3.22017
-3.90386
3.69526
-4.01539
5.3595
-6.27837
5.26946
-1.72706
-2.18398
2.10653
2.62569
-7.20919
7.06556
-3.92914
2.65165
-4.12947
4.87746
-2.48346
-0.999885
2.14121
0.27795
-4.53965
7.50873
-7.67228
6.19673
-4.2668
2.10438
-0.239808
-0.4979
-0.498036
3.019
-6.04241
7.57279
-6.37078
3.53767
-1.1982
0.887125
-2.00917
2.64244
-2.26934
2.54317
-3.99774
4.55055
-3.25399
2.56167
-4.62031
6.96969
-6.09672
2.1706
1.58473
-1.95823
-1.35698
5.56601
-7.41754
6.75616
-5.7218
4.5016
-1.44587
-2.47897
3.82961
-0.950689
-4.89622
10.1028
-10.6778
6.13609
-0.642105
-1.59997
0.636331
1.26438
-3.12628
4.62171
-5.26049
5.62433
-6.06081
5.30047
-1.98023
-2.04943
2.65442
0.945774
-5.30086
6.90778
-5.65981
3.58089
-2.7697
3.59134
-3.95277
2.63364
-0.617652
0.0129884
-1.56857
4.38238
-7.26895
8.2149
-6.27658
3.03648
-0.734154
-0.62862
1.84367
-1.40374
-1.9937
6.98082
-10.8851
11.1707
-6.41256
-1.34507
6.65729
-5.32292
-1.49278
8.37613
-11.2243
10.1772
-6.53564
1.19887
3.15772
-3.42263
-0.635079
5.52866
-7.38304
5.85741
-3.25577
1.49448
-1.24471
2.90684
-4.75412
4.21819
-1.94153
0.329025
-1.19471
4.24
-7.09281
7.12084
-4.09244
0.763538
0.436897
0.777751
-3.17097
5.3102
-5.84401
4.3707
-2.0397
0.222124
-0.219309
2.13351
-4.31593
5.64303
-5.78118
4.14544
-1.687
0.781142
-2.07971
3.58498
-3.78593
3.53562
-3.54002
3.84315
-4.41172
4.71504
-3.69078
1.58159
-0.644529
1.40141
-2.29361
2.63039
-3.64463
5.69829
-6.88704
5.92623
-2.80961
-0.772214
1.93454
0.923446
-6.03175
9.03226
-7.42442
2.95838
0.311673
0.0144557
-2.85193
5.06165
-4.9463
3.16573
-1.00526
0.308483
-2.26067
5.44695
-6.93061
5.87945
-3.4176
0.640729
0.870462
-0.100862
-2.58312
5.87392
-8.05626
7.79723
-5.0826
1.56389
1.07654
-2.20031
1.05652
2.75681
-7.03825
8.71627
-7.19441
3.8336
-0.0748678
-2.15671
1.33533
1.81261
-5.46021
7.57797
-7.25252
5.33545
-2.89795
0.516254
0.711853
0.535267
-3.09353
4.81398
-5.18463
4.93641
-4.27705
2.6471
-1.15803
1.27536
-2.54694
3.44358
-3.42304
3.09077
-3.02955
3.87207
-5.11822
5.45858
-4.2153
1.9271
-0.400817
0.889586
-3.00259
4.95995
-5.2113
4.23955
-3.36715
2.78138
-2.15159
1.76179
-1.86805
2.53704
-4.11082
5.72994
-5.42626
3.14686
-1.01782
0.831847
-2.65548
5.30784
-6.60137
4.98451
-1.93095
0.253934
-1.18002
3.38032
-4.79098
4.43398
-2.79746
1.82283
-2.46026
3.56651
-3.98141
3.81271
-3.17764
1.89763
-1.10438
2.2502
-4.71414
6.3763
-5.98986
3.66369
-0.848367
-0.458974
-0.55344
3.09771
-5.27857
5.81484
-4.84769
3.07119
-1.29329
0.634173
-1.53602
3.11274
-4.50119
5.10279
-4.27419
2.34999
-1.34266
2.37608
-4.10072
5.05919
-5.03295
4.17707
-2.28159
0.159327
0.226407
2.10995
-5.58226
7.23253
-6.06152
3.20584
-0.554344
-0.247438
-1.14347
3.28747
-4.51252
5.08928
-5.6022
5.21984
-3.40024
1.52535
-1.00534
1.57603
-2.50116
3.54351
-4.69703
5.37491
-4.98716
3.74134
-2.20153
0.941846
-0.696994
1.66094
-3.02681
4.38879
-5.51833
5.53832
-4.41094
3.4349
-2.81753
1.64896
-0.413903
0.450072
-2.21783
4.75634
-6.82345
7.55773
-5.69125
1.42786
2.02426
-2.07341
-0.736345
4.41985
-6.79117
6.74833
-4.79003
2.74189
-2.25432
2.50715
-2.02419
1.07142
-1.19011
2.9132
-5.03642
5.95349
-5.141
3.95064
-3.23824
2.38514
-1.07968
0.216769
-0.670317
2.19497
-4.60373
7.2067
-7.7898
5.1465
-1.51061
-0.557765
0.880454
0.501615
-3.63549
6.90792
-7.58304
5.00973
-1.90531
1.1417
-2.35572
3.12552
-2.67966
2.21018
-2.55996
3.55716
-4.76349
5.34762
-4.74516
3.36537
-1.7386
0.552005
-0.79147
2.52812
-4.55202
5.91519
-6.20393
4.95991
-2.26943
-0.24107
0.426462
1.5672
-3.958
5.75344
-6.59067
5.38721
-2.26181
0.00862112
-0.577707
2.86799
-4.28032
4.18145
-3.7653
3.48177
-3.41513
3.35378
-2.94942
2.37281
-2.2293
2.6891
-3.32563
3.74679
-3.59809
3.15692
-2.94504
3.04046
-3.20395
3.02486
-2.61767
2.67085
-3.34248
3.97655
-3.88212
3.08579
-2.58747
2.91295
-3.37826
3.40036
-3.12125
2.86811
-2.99864
3.5645
-3.7964
3.38617
-2.85585
2.55178
-2.3862
2.6175
-3.69274
4.72788
-4.77759
3.91169
-2.56313
1.50774
-1.3899
2.18407
-3.44427
4.81507
-5.72815
5.47208
-3.76433
1.4094
-0.0128934
0.431752
-2.33455
4.58232
-5.87137
5.53751
-4.08697
2.69991
-2.03981
1.78533
-1.67217
2.17004
-3.3236
4.49281
-5.07231
4.89558
-3.85258
2.07318
-0.681761
0.96048
-2.76033
4.46517
-5.04312
4.3015
-2.64012
1.41092
-1.87175
3.84888
-5.10685
3.9326
-1.53664
0.61128
-1.99894
4.18805
-5.78614
5.93348
-4.36491
1.80365
0.145551
-0.0464178
-2.01043
4.68216
-6.37503
6.21656
-4.23508
1.65113
-0.212384
0.507131
-1.87147
3.60824
-5.31535
6.11194
-5.32436
3.3874
-1.38138
0.364937
-1.07754
3.15158
-4.9971
5.40417
-4.5248
3.26069
-2.18866
1.99954
-2.89129
3.62609
-3.35736
2.64065
-2.61648
3.56432
-4.38418
4.12217
-3.31863
2.76038
-2.49715
2.7504
-3.51503
3.93637
-3.28352
2.2971
-2.30735
3.32087
-4.21253
4.35541
-3.83718
2.71639
-1.68469
1.55068
-2.42196
3.69143
-4.54138
4.77691
-4.26301
3.10516
-1.89879
1.28034
-1.43262
2.43126
-4.30015
5.96145
-6.00786
3.94796
-0.988166
-0.932254
0.481723
2.56775
-6.18974
7.63025
-6.10195
3.03104
-0.317343
-0.873857
-0.114342
3.03337
-6.12481
7.2648
-5.83417
3.08584
-0.960413
0.388745
-1.20631
2.69075
-3.8899
4.47974
-4.70856
4.56955
-3.76879
2.75542
-2.04246
1.66436
-1.98293
3.02222
-4.07017
4.31861
-3.82984
3.50759
-3.77117
3.99922
-3.59016
2.64066
-1.61635
1.24292
-1.95915
3.61811
-5.27441
5.70762
-4.71724
3.13752
-1.74923
0.960183
-1.30905
2.56869
-3.89259
4.80321
-5.15446
4.94387
-3.97252
2.33698
-0.695294
0.116345
-1.26305
3.71425
-6.14579
6.79166
-5.04148
2.13179
-0.08213
0.0321773
-1.66764
3.75057
-5.02914
5.22083
-4.58849
3.49027
-2.51041
1.99014
-1.75293
1.89559
-2.6379
3.76828
-4.73946
4.57971
-3.38823
2.55448
-2.59736
2.87366
-2.79111
2.36997
-2.1999
2.68857
-3.53433
4.44323
-5.20877
5.30737
-4.06359
1.71488
0.0887467
0.10333
-2.0474
4.33478
-6.04302
6.62291
-5.75044
3.70926
-1.13684
-0.63944
0.514101
1.49985
-4.43503
6.75621
-7.27095
5.74726
-2.99954
0.561562
0.187387
0.82235
-2.68578
4.54216
-5.60703
5.33019
-4.01272
2.57455
-1.73166
1.70938
-2.36927
3.30796
-3.78927
3.65492
-3.37961
3.2392
-3.19656
3.02257
-2.98411
3.17056
-3.29786
3.20145
-2.80529
2.58437
-2.99179
3.73773
-3.84962
3.19674
-2.68614
2.68813
-2.95366
3.11788
-3.33966
3.67407
-3.67141
3.18586
-2.40007
1.8295
-2.19399
3.46396
-4.58782
4.81795
-4.06125
2.70602
-1.81746
1.84142
-2.21319
2.75435
-3.67364
4.74222
-5.21822
4.54595
-3.10987
1.61017
-0.852317
1.51752
-3.26433
4.80433
-5.10057
4.48924
-3.46263
2.28393
-1.46011
1.44058
-2.52616
4.12775
-5.27829
5.26362
-3.9241
1.95488
-0.674288
1.28897
-3.28628
5.01468
-5.5424
4.81802
-3.05363
1.27937
-0.877601
1.89177
-3.55928
4.94437
-5.07709
3.80472
-2.16438
1.27415
-1.48213
2.84386
-4.81722
5.82119
-4.53902
1.92955
-0.395337
1.03662
-2.98227
4.81621
-5.66624
5.20905
-3.63661
1.60183
-0.249984
0.468978
-2.12187
4.25162
-5.75924
5.99636
-4.69337
2.54966
-0.935509
0.613305
-1.47632
2.95174
-4.42114
5.26486
-5.03803
3.8788
-2.78598
2.39576
-2.31387
2.19952
-2.02445
2.23978
-3.42134
4.9132
-5.27188
4.23458
-2.78535
1.87935
-1.7339
2.19263
-3.04847
3.72785
-4.08657
4.299
-4.21853
3.62757
-2.64044
2.04121
-2.30429
2.93269
-3.18544
3.10213
-3.2205
3.75907
-4.33343
4.15812
-3.25954
2.27558
-1.55945
1.47504
-2.38457
3.98492
-5.45558
5.90469
-4.70236
2.34359
-0.310572
0.0029241
-1.48588
3.85493
-5.96636
6.42754
-4.96786
2.57389
-0.541299
-0.0559319
-1.238
3.67051
-5.40422
5.48248
-4.36883
2.99468
-2.10204
1.97772
-2.49204
3.1088
-3.39145
3.42799
-3.24355
2.84569
-2.89584
3.60455
-4.19997
3.99408
-3.05183
2.0503
-1.64486
1.96572
-2.76623
3.91638
-4.79723
4.91139
-4.43496
3.35808
-2.04974
1.13711
-1.22818
2.60071
-4.31208
5.16012
-4.82692
3.68475
-2.61822
2.30291
-2.34625
2.27774
-2.25128
2.70423
-3.79061
4.86418
-4.94028
3.85365
-2.4967
1.69438
-2.00174
2.99821
-3.53719
3.63368
-3.8373
4.06216
-3.82361
3.16054
-2.42869
1.9302
-2.07597
2.85003
-3.86344
4.32881
-3.84771
3.04556
-2.55435
2.59813
-2.96805
3.10222
-2.92247
3.05322
-3.74947
4.42491
-4.2913
3.25067
-2.06955
1.60323
-2.02224
2.94524
-3.89332
4.36266
-4.28936
3.85234
-2.99676
1.78217
-1.08967
1.81371
-3.35898
4.76531
-5.28805
4.46425
-2.86769
1.56208
-1.5264
2.75777
-4.08569
4.62704
-4.39611
3.5192
-2.21158
1.34162
-1.70299
3.0129
-4.29463
4.79103
-4.3112
3.23318
-2.15625
1.73673
-2.08503
2.92999
-4.09687
4.76704
-4.4395
3.50218
-2.64175
2.46473
-2.95432
3.47046
-3.31966
2.75975
-2.34354
2.49647
-3.33951
4.16866
-4.57087
4.29541
-3.19296
1.78137
-0.799795
1.0079
-2.63192
4.85792
-6.27861
6.02157
-4.41166
2.28791
-0.601795
0.273452
-1.42154
3.2693
-4.72314
5.3028
-4.95151
3.74659
-2.41419
1.53423
-1.50406
2.20651
-2.95922
3.54865
-3.87922
4.0899
-4.2292
3.95908
-3.12993
2.19797
-1.99704
2.5947
-3.34433
3.65477
-3.47417
3.1933
-3.15323
3.26987
-3.1915
2.98461
-2.94817
3.08618
-3.13594
3.02149
-2.92334
3.03146
-3.42299
3.99521
-4.28593
3.7739
-2.71358
1.89521
-1.97709
2.8472
-3.85685
4.45403
-4.32705
3.59022
-2.50176
1.72662
-1.7872
2.47799
-3.50109
4.55607
-5.13893
4.6705
-3.17275
1.53553
-1.076
1.99347
-3.3329
4.46535
-4.91991
4.56872
-3.64729
2.54673
-1.71129
1.37693
-1.84864
3.02708
-4.12044
4.5035
-4.31795
3.7825
-3.08451
2.59096
-2.24794
2.05436
-2.42588
3.29319
-3.98222
4.15242
-3.97165
3.62172
-3.08071
2.50771
-2.29661
2.52959
-2.83983
2.82181
-2.84221
3.35058
-3.93647
4.0531
-3.73464
3.31605
-2.82079
2.28656
-2.09469
2.59463
-3.4567
4.14102
-4.44085
4.13502
-3.37548
2.47173
-1.86631
2.01998
-2.74439
3.59118
-4.19308
4.28218
-3.67643
2.71173
-2.14282
2.28488
-2.94736
3.77158
-4.28644
4.20661
-3.66445
2.78592
-2.03714
2.08119
-2.87699
3.86247
-4.34078
4.08415
-3.45564
2.73257
-2.23621
2.28919
-2.69123
3.14884
-3.42864
3.44667
-3.48172
3.53799
-3.53425
3.60122
-3.50352
2.8891
-2.16983
1.94051
-2.30335
3.24033
-4.3508
4.9431
-4.59838
3.43147
-2.00947
1.06817
-1.0676
2.01679
-3.66811
5.1507
-5.48364
4.40646
-2.61829
1.37439
-1.32706
2.13823
-3.24232
4.36509
-4.79718
4.18945
-3.22752
2.45286
-2.12803
2.30306
-2.83218
3.46735
-3.87055
3.89288
-3.67145
3.20563
-2.56977
2.28691
-2.54908
3.12305
-3.62111
3.8824
-3.97316
3.81372
-3.38858
2.7676
-2.26746
2.28436
-2.8697
3.49138
-3.7847
3.95119
-4.02122
3.72038
-2.86892
2.06449
-1.92093
2.44669
-3.3524
4.12754
-4.35524
3.86
-3.15755
2.8462
-2.90706
2.98607
-2.85752
2.59783
-2.46497
2.97698
-3.96408
4.48807
-4.05569
3.05597
-2.1353
1.71215
-2.04304
2.93359
-3.89514
4.38687
-4.2273
3.64373
-2.76147
1.93783
-1.93631
2.87599
-3.91077
4.42628
-4.19558
3.28607
-2.1843
1.59375
-2.0155
3.13844
-4.1424
4.41895
-4.06774
3.28771
-2.42554
2.02951
-2.21898
2.9868
-3.83937
4.25678
-4.10002
3.45943
-2.75609
2.47464
-2.94979
3.57921
-3.56965
3.00443
-2.48528
2.49083
-2.97908
3.63844
-4.03895
4.02096
-3.64951
3.01049
-2.43349
2.281
-2.57184
2.98255
-3.45162
4.10707
-4.53048
4.25069
-3.47544
2.57849
-1.85565
1.59518
-2.00321
3.02502
-4.08867
4.62479
-4.4841
3.85133
-2.91577
2.07288
-1.85522
2.1485
-2.68116
3.47743
-4.35108
4.69387
-4.19037
3.18049
-2.27158
2.00607
-2.25741
2.62743
-3.13609
3.69565
-3.88457
3.60685
-3.20664
2.9816
-2.92259
2.79921
-2.6044
2.67641
-3.15291
3.6753
-4.00259
4.05105
-3.70551
2.98406
-2.10366
1.71065
-2.20764
3.41456
-4.59622
4.96451
-4.33018
2.87603
-1.54529
1.20103
-1.8499
3.10694
-4.43957
5.29977
-5.05644
3.85666
-2.42671
1.29628
-1.10125
2.0029
-3.53843
5.01476
-5.40645
4.38481
-2.78926
1.69957
-1.80123
2.67462
-3.3427
3.49138
-3.45873
3.46215
-3.42975
3.34806
-3.18006
3.2082
-3.42318
3.37094
-2.95987
2.45959
-2.3494
2.69225
-3.42767
4.22012
-4.36204
3.81674
-2.99864
2.23541
-1.83816
2.21397
-3.17425
3.94735
-4.06177
3.73129
-3.41879
3.05713
-2.57382
2.3649
-2.71482
3.33077
-3.79419
3.7844
-3.32849
2.85561
-2.53726
2.56541
-2.98976
3.57321
-3.94605
3.91034
-3.5804
2.93581
-2.20379
1.80262
-2.16321
3.17811
-4.19776
4.80235
-4.6228
3.5919
-2.23494
1.38223
-1.52058
2.61983
-3.91388
4.45959
-4.30298
3.80015
-3.15693
2.61896
-2.54192
2.88129
-3.0492
2.9601
-3.00602
3.2178
-3.34471
3.40414
-3.51963
3.74505
-3.7742
3.25977
-2.39872
1.78687
-2.10836
3.14405
-4.1648
4.73149
-4.50231
3.46908
-2.22747
1.64002
-2.02904
3.06914
-4.0404
4.39697
-4.01087
3.13401
-2.41171
2.20241
-2.48471
3.09663
-3.7625
4.19716
-4.13493
3.2926
-2.17328
1.84055
-2.372
3.26514
-4.02355
4.29861
-4.00295
3.2749
-2.57999
2.31713
-2.45087
2.64633
-3.0299
3.603
-3.91611
3.86152
-3.4535
2.85925
-2.46463
2.57371
-3.08812
3.54411
-3.42991
2.80002
-2.47734
2.886
-3.60529
4.1084
-4.13736
3.56475
-2.69128
2.04163
-1.90696
2.40886
-3.27053
4.12718
-4.59704
4.37612
-3.57302
2.48313
-1.68674
1.75008
-2.63998
3.7081
-4.25424
4.25445
-3.8979
3.1429
-2.38252
2.14861
-2.56363
3.29331
-3.83806
4.06969
-3.88679
3.2989
-2.621
2.33169
-2.61776
3.18821
-3.75206
3.95081
-3.78723
3.3125
-2.58845
2.18472
-2.41043
3.07959
-3.69722
3.98595
-3.8676
3.2909
-2.61631
2.44718
-2.96598
3.52482
-3.56667
3.14779
-2.66984
2.59242
-2.97923
3.55219
-4.0158
4.11274
-3.59248
2.54745
-1.62065
1.48255
-2.1607
3.39533
-4.70054
5.29037
-4.72086
3.21802
-1.7597
1.07887
-1.33945
2.42053
-3.81298
4.94789
-5.19259
4.34104
-2.95161
1.88082
-1.51484
1.89718
-2.8912
3.83941
-4.2947
4.12426
-3.54988
3.06708
-2.81807
2.69603
-2.67017
2.8803
-3.34288
3.8366
-3.93892
3.49847
-2.92349
2.63447
-2.7183
3.11165
-3.55783
3.72126
-3.57764
3.14692
-2.81595
2.89829
-3.09242
3.24681
-3.33106
3.29417
-3.15107
3.09253
-3.17092
3.31244
-3.46949
3.49319
-3.29601
2.72683
-2.19062
2.32571
-3.06146
3.86331
-4.33096
4.34489
-3.74004
2.59237
-1.45391
1.21294
-2.14723
3.65298
-4.90636
5.14414
-4.22992
2.71236
-1.59627
1.44359
-2.07217
3.0813
-3.93296
4.34616
-4.11238
3.23352
-2.42099
2.39842
-3.0004
3.58197
-3.64579
3.17773
-2.7684
2.75582
-3.02478
3.40832
-3.68424
3.56753
-3.16965
2.91781
-2.87561
2.88065
-2.93432
3.25735
-3.68586
3.81109
-3.50437
2.92466
-2.4965
2.53587
-3.12974
3.90294
-4.33276
4.13129
-3.29466
2.38547
-2.03482
2.28181
-2.90363
3.71288
-4.23785
4.31857
-3.93881
3.10316
-2.29222
1.81541
-1.91085
2.64797
-3.74141
4.54298
-4.57244
4.04196
-3.26033
2.54004
-2.00257
1.8602
-2.30087
3.12843
-3.90968
4.18188
-4.04925
3.64823
-3.11096
2.67883
-2.34167
2.14941
-2.23389
2.73672
-3.52944
4.11296
-4.15647
3.82158
-3.38633
2.951
-2.52135
2.1823
-2.12943
2.554
-3.41904
4.28887
-4.66185
4.20744
-3.14643
2.09352
-1.65504
2.05809
-2.95104
4.02847
-4.67016
4.40422
-3.45542
2.33639
-1.73529
1.92614
-2.97298
4.39577
-5.05484
4.48981
-3.24242
2.05587
-1.49409
1.92047
-3.07377
4.29893
-4.90867
4.55058
-3.54103
2.42385
-1.77214
1.95427
-2.70173
3.45586
-3.91065
3.96938
-3.68679
3.21575
-2.95317
2.98765
-2.94522
2.86855
-2.82777
2.88742
-3.14835
3.53317
-3.79068
3.60822
-3.24568
3.09108
-3.10149
2.81609
-2.28708
2.20512
-2.70852
3.50879
-4.11146
4.16337
-3.70912
2.93701
-2.2042
1.98228
-2.47229
3.24379
-3.8125
4.05507
-3.87302
3.36837
-2.93732
2.67686
-2.56581
2.73249
-3.1854
3.64633
-3.69368
3.3939
-3.03946
2.7087
-2.49297
2.69953
-3.25473
3.72826
-4.05766
3.9901
-3.41833
2.63169
-2.16867
2.49569
-3.16809
3.69056
-3.98248
3.99307
-3.62904
3.0567
-2.67655
2.66823
-2.8935
2.99701
-2.92873
2.889
-3.03215
3.37691
-3.91626
4.30411
-4.03582
3.25134
-2.27592
1.59807
-1.69044
2.55538
-3.77596
4.90835
-5.424
4.69215
-3.07616
1.43563
-0.603697
1.01027
-2.39105
4.16474
-5.28804
5.16942
-4.0247
2.61589
-1.72403
1.61581
-2.18745
3.08681
-3.92571
4.18068
-3.84727
3.44294
-3.11927
2.82819
-2.70933
2.85578
-3.13876
3.29556
-3.11828
2.93653
-3.04607
3.25287
-3.31434
3.31148
-3.36262
3.27606
-3.07211
2.87155
-2.85523
3.10043
-3.47612
3.73882
-3.57232
3.17436
-2.8515
2.79141
-3.06145
3.46808
-3.70391
3.60575
-3.21582
2.63576
-2.32858
2.51378
-3.03549
3.70452
-4.15985
4.09149
-3.54359
2.89255
-2.40157
2.29004
-2.54955
3.0327
-3.64559
4.16327
-4.22967
3.64477
-2.88906
2.35885
-2.25457
2.58336
-3.01453
3.39066
-3.49685
3.47659
-3.47346
3.27951
-3.03273
2.96199
-2.97251
2.97693
-3.11874
3.21142
-3.07231
3.09837
-3.42512
3.59228
-3.43097
3.15803
-2.93837
2.82834
-2.78204
2.81388
-2.96368
3.31553
-3.65315
3.58637
-3.1921
2.83955
-2.80516
2.96471
-3.20419
3.53173
-3.78002
3.70542
-3.2131
2.62936
-2.25907
2.30859
-3.07491
4.24431
-4.79294
4.22927
-3.01535
1.86618
-1.39308
1.83402
-2.90347
4.10689
-4.92893
4.82885
-3.97798
2.98018
-2.09133
1.62941
-1.87691
2.77148
-3.76202
4.3837
-4.45971
3.94173
-3.25809
2.67516
-2.25245
2.07311
-2.23122
2.79255
-3.41118
3.88418
-4.29423
4.32289
-3.74506
2.94344
-2.26662
1.99139
-2.26776
2.91748
-3.6949
4.29869
-4.35119
3.676
-2.67058
1.95149
-2.04545
2.77758
-3.46847
3.78096
-3.57254
3.25272
-3.12532
3.04994
-3.01649
3.07711
-3.22253
3.30301
-3.42035
3.54518
-3.5518
3.40062
-2.95818
2.45779
-2.25363
2.56527
-3.30623
4.01269
-4.25562
3.82937
-2.91017
2.0973
-1.88108
2.38139
-3.23569
4.00402
-4.48906
4.25187
-3.51532
2.86204
-2.48811
2.43805
-2.65637
3.25329
-3.66099
3.50901
-3.08279