
-0
-0
-0
-0
-0
-0
-0
-0
-0
-0
-0
-0
-0
-0
-0
-0
-0
-0
-0
-0
-0
-0
-0
-0
-0
-0
-0
-0
-0
-0
-0
-0
-0
-0
-0
-0
-0
-0
-0
-0
-0
-0
-0
-0
-0
-0
-0
-0
-0
-0
-0
-0
-0
-0
-0
-0
-0
-0
-0
-0
-0
-0
-0
-0
-0
-0
-0
-0
-0
-0
-0
-0
-0
-0
-0
-0
-0
-0
-0
-0
-0
-0
-0
-0
-0
-0
-0
-0
-0
-0
-0
-0
-0
-0
-0
-0
-0
-0
-0
-0
-0
-0
-0
-0
-0
-0
-0
-0
-0
-0
-0
-0
-0
-0
-0
-0
-0
-0
-0
-0
-0
-0
-0
-0
-0
-0
-0
-0
-0
-0
-0
-0
-0
-0
-0
-0
-0
-0
-0
-0
-0
-0
-0
-0
-0
-0
-0
-0
-0
-0
-0
-0
-0
-0
-0
-0
-0
-0
-0
-0
0.000155776
0.000127029
0.00013298
0.000111052
0.000101677
9.1504e-05
8.21134e-05
7.93502e-05
7.90916e-05
8.05563e-05
7.69748e-05
7.0904e-05
5.78086e-05
4.98035e-05
3.93293e-05
2.79761e-05
1.63629e-05
1.0884e-05
9.1122e-06
5.18037e-06
5.60601e-07
-7.82716e-06
-2.32917e-05
-3.75101e-05
-5.44515e-05
-6.95402e-05
-5.42312e-05
-7.51206e-05
-5.9883e-05
-7.16579e-05
-7.07387e-05
-5.80459e-05
-4.29324e-05
-4.29709e-05
-1.5841e-05
-2.12991e-05
-1.74597e-05
-1.99275e-05
-2.74173e-05
-3.71765e-05
-4.79906e-05
-5.74869e-05
-6.41185e-05
-6.26279e-05
-6.03416e-05
-5.38793e-05
-4.57115e-05
-4.81342e-05
-4.46524e-05
-3.98249e-05
-2.82298e-05
-1.84349e-05
-9.89932e-06
-6.80182e-06
-3.1039e-06
1.79428e-06
8.64056e-06
1.25343e-05
1.77799e-05
2.19359e-05
2.70721e-05
2.94344e-05
2.65423e-05
2.02042e-05
1.11915e-05
2.82508e-06
-3.92065e-06
-5.82964e-06
-3.64494e-06
1.60438e-06
8.76006e-06
1.62893e-05
2.25722e-05
2.85135e-05
3.39873e-05
2.36786e-05
1.72921e-05
-1.7754e-05
1.63736e-05
1.85823e-05
1.7827e-05
1.73075e-05
1.72005e-05
1.75076e-05
1.63787e-05
1.34097e-05
8.99685e-06
4.55404e-06
-1.31943e-06
-3.36469e-06
-1.94725e-06
3.31398e-06
1.03458e-05
1.54861e-05
1.59822e-05
1.18715e-05
1.38097e-06
-1.43587e-05
-3.16135e-05
-4.59381e-05
-5.3408e-05
-5.08141e-05
-3.79194e-05
-1.44576e-05
2.53098e-05
5.17804e-05
6.93934e-05
2.49423e-05
3.37683e-05
3.30652e-05
1.97492e-05
-7.012e-07
-2.1666e-05
-3.05397e-05
-2.29918e-05
7.34649e-06
2.68691e-05
2.78258e-05
2.68475e-05
-1.98161e-05
-6.05627e-06
-9.12317e-06
-1.92445e-05
-1.61135e-05
5.11673e-06
-2.07654e-05
-4.04745e-05
-5.16613e-05
-3.47071e-05
-1.43623e-05
2.11541e-06
1.18764e-05
1.3638e-05
8.15792e-06
6.02703e-07
-4.64965e-06
-5.72088e-06
-1.37928e-06
1.11133e-05
1.04943e-05
7.12443e-05
-5.37269e-06
-8.49563e-07
-7.25735e-06
-2.06279e-05
-3.04718e-05
-2.91213e-05
-1.81331e-05
6.40289e-07
1.68513e-05
2.96433e-05
3.56345e-05
2.56917e-05
-1.14383e-05
-7.5779e-05
-0.000162041
-0.000169995
-0.000238792
-0.000244862
-0.000256575
-0.000238629
-0.000244566
-0.000137886
-8.09415e-05
3.20448e-05
0.000102594
0.000201371
0.000227754
0.000228286
0.000249699
0.000228361
0.000175906
0.000176826
0.000141125
0.000125108
0.000120886
0.00012465
0.00012311
0.000110613
0.000120439
6.79424e-05
1.68817e-05
-2.02527e-06
-1.24959e-05
-4.72347e-05
-5.92277e-05
-5.1266e-05
-3.55296e-05
-1.68164e-05
-1.79837e-06
6.00049e-06
-1.46935e-06
-1.56979e-05
-3.30809e-05
-5.1177e-05
-6.39753e-05
-7.05733e-05
-6.89237e-05
-6.39368e-05
-6.02107e-05
-6.13336e-05
-6.91228e-05
-8.03736e-05
-9.80147e-05
-7.85656e-05
-0.000106109
-0.000128055
-0.000103946
-9.10965e-05
-6.89678e-05
-4.14902e-05
-1.69684e-05
4.01265e-06
-1.30474e-05
4.60115e-06
1.05464e-05
8.51492e-06
1.86257e-06
-5.98028e-06
-1.28741e-05
-1.33982e-05
-8.69643e-06
1.20239e-06
1.26739e-05
2.28957e-05
2.91344e-05
3.17675e-05
3.24511e-05
3.19421e-05
2.98469e-05
2.94864e-05
3.05344e-05
3.47034e-05
4.0475e-05
4.39244e-05
4.33922e-05
3.81257e-05
2.93583e-05
1.98815e-05
1.22345e-05
7.51996e-06
3.01951e-06
2.17818e-05
1.22385e-05
1.54161e-05
2.05582e-05
2.35641e-05
2.38804e-05
2.1148e-05
1.48353e-05
4.4881e-06
-5.47183e-06
-9.65618e-06
-1.37852e-05
-1.44989e-05
-1.34313e-05
-1.02114e-05
-4.57053e-06
-7.88557e-07
-1.27261e-06
-2.87341e-06
-6.89872e-06
-1.42093e-05
-1.06886e-05
-1.68005e-05
-1.60744e-05
-8.29217e-06
3.08197e-06
1.75181e-05
3.94443e-05
-1.43809e-05
1.41938e-05
3.22368e-05
4.09515e-05
4.1067e-05
3.23684e-05
2.0029e-05
5.78444e-06
-7.49831e-06
-1.9675e-05
-3.17127e-05
-3.23036e-05
-3.05336e-05
-2.04119e-05
2.5284e-06
-4.84512e-06
-1.85872e-05
-1.97208e-05
-2.44099e-05
-2.02501e-05
-1.32624e-05
-5.14877e-06
2.61428e-06
1.05351e-05
1.61949e-05
1.82303e-05
1.33941e-05
6.93031e-06
-3.00649e-07
-4.31076e-06
-8.0397e-06
-1.24192e-05
-1.34967e-05
-1.00346e-05
-6.34258e-06
-2.28056e-06
-1.94963e-06
-1.50283e-06
-1.11927e-06
-1.37352e-06
-4.72501e-07
-2.59262e-06
-4.58782e-06
-6.69087e-06
-7.44126e-06
-8.42904e-06
-1.00144e-05
-3.49861e-06
-1.35764e-05
-2.1514e-05
-1.17618e-05
-2.34402e-05
-2.75226e-05
-3.39017e-05
-2.87676e-05
-1.12789e-05
-2.99562e-06
1.76218e-05
3.59844e-05
5.27293e-05
6.13385e-05
6.08144e-05
5.99441e-05
-3.60694e-06
-6.45965e-06
-8.27382e-06
-1.63536e-06
7.27773e-06
3.82958e-05
1.60409e-05
-3.34143e-05
3.29555e-05
-3.43725e-05
-7.7506e-06
8.39237e-06
1.5541e-05
1.68998e-05
1.60781e-05
1.54043e-05
1.19414e-05
-1.60594e-06
-2.06849e-05
-2.22011e-05
-2.36002e-05
-2.43727e-05
-2.68833e-05
-2.95255e-05
-3.38422e-05
-3.18911e-05
1.08815e-05
-3.30836e-05
-4.10105e-05
-4.85603e-05
-4.94049e-05
-5.22237e-05
-5.12719e-05
-4.6395e-05
-3.57542e-05
-2.12929e-05
-5.47315e-06
8.55411e-06
1.68392e-05
2.04869e-05
1.75952e-05
1.47211e-05
4.52233e-06
-6.97896e-06
-1.74116e-05
-2.12413e-05
-1.48662e-05
2.8248e-06
2.70773e-05
5.39712e-05
7.62845e-05
9.04286e-05
9.47936e-05
6.52996e-05
2.37454e-05
1.34617e-05
6.82911e-06
7.58855e-06
1.8558e-05
3.55472e-05
5.21447e-05
5.80499e-05
5.50822e-05
4.58743e-05
2.9494e-05
1.12402e-05
-6.11325e-06
-2.04728e-05
-2.90415e-05
8.07353e-05
8.69376e-05
6.41125e-05
4.3556e-05
2.05526e-05
-4.65291e-05
-0.000167752
-0.00029059
-0.000301951
-0.000359006
-0.00042141
-0.000501838
-0.000526469
-0.000499123
-0.000486487
-0.000383322
-0.000256386
-0.00017566
-3.91248e-05
0.00012838
0.000237252
0.000293895
0.000356555
0.000401333
0.00043102
0.000470141
0.000515521
0.000469557
0.000506027
0.000567825
0.00052054
0.000517462
0.000504626
0.000467393
0.000454949
0.000465337
0.000473209
0.000429329
0.00038747
0.000364919
0.00035889
0.000302885
0.000257837
0.00020764
9.34535e-05
2.14703e-05
-4.21828e-05
-0.000121847
-0.00017385
-0.000174395
-0.000204905
-0.000214981
-0.00025324
-0.000238139
-0.000294327
-0.000317273
-0.000355271
-0.000377701
-0.000382926
-0.000408665
-0.00038536
-0.000345175
-0.000321202
-0.000281996
-0.000256902
-0.000237209
-0.000204296
-0.000166232
-0.000167019
-0.000145874
-0.00015036
-0.000132185
-0.000116443
-6.66832e-05
-4.09016e-05
7.01663e-06
1.08939e-05
0.000103298
8.22192e-05
0.000102541
2.25499e-05
3.77012e-05
-1.38786e-05
-4.29393e-05
8.88256e-05
4.59716e-05
-2.05233e-05
-4.32819e-05
1.6079e-06
-4.00659e-06
3.26565e-05
7.91794e-05
9.92822e-05
0.000143321
0.000198932
7.88235e-05
0.000110308
6.47642e-05
1.54963e-05
-3.75458e-05
-0.000105643
-9.82733e-05
-6.22879e-05
-2.54178e-05
9.16739e-05
0.000186203
0.000180681
0.00022538
0.000337322
0.000383012
0.000451669
0.00043695
0.000417454
0.000316687
0.000293028
0.000223563
0.000176896
0.000180826
0.00013916
0.000141492
0.000131148
0.000180387
0.000168426
0.000133426
0.000142377
0.000112734
7.48936e-05
5.47789e-05
5.18645e-05
1.56739e-05
3.02996e-05
5.80103e-05
0.00010163
0.00013667
0.00018437
0.000176047
0.000141192
0.000126354
0.000186626
0.000231924
0.000226086
0.000258933
0.000293319
0.000304931
0.000296921
0.000222324
0.000252388
0.000228211
0.000157423
0.000164302
0.000129446
0.000153189
0.000175477
0.000185773
0.00023654
0.000226299
0.000171758
0.000176512
0.000128158
8.47597e-05
6.07079e-05
7.02102e-05
8.56201e-05
7.76417e-05
0.00012148
0.000165686
0.000176887
0.000157424
0.000162492
0.000105924
7.54961e-05
2.59643e-05
7.95194e-05
0.000106544
0.000200532
0.000365664
0.000481324
0.000503159
0.000623317
0.00071316
0.000739096
0.000777815
0.000747664
0.000645532
0.000598052
0.000490198
0.000393131
0.00029471
0.0001805
0.000139057
0.000113119
3.73723e-05
-3.90292e-05
-0.00017839
-0.000235924
-0.000199423
-0.000293738
-0.000325887
-0.000450755
-0.000469823
-0.000500068
-0.000461385
-0.000442182
-0.000333959
-0.00026311
-0.000198799
-0.000114001
-1.26202e-05
8.21541e-05
0.00010742
0.000173316
0.000270871
0.00030813
0.000364544
0.000447234
0.000453776
0.000434503
0.000395686
0.000357886
0.000292682
0.000261821
0.000209867
0.000196645
0.000186939
0.000225162
0.000274001
0.000290935
0.000362628
0.000397819
0.000426917
0.000401984
0.000339883
0.00021041
7.22177e-05
-6.7623e-06
-8.77023e-05
-3.86903e-05
-6.02671e-05
-0.000107574
-0.000174792
-0.000141463
-0.000131143
-0.00010653
2.58616e-05
0.000220106
0.000361975
0.000544745
0.000715388
0.000750363
0.000855392
0.000985169
0.0010631
0.00110659
0.00118598
0.00111299
0.00116355
0.00108259
0.00109155
0.00093731
0.000746867
0.00050272
0.00045651
0.000438862
0.000355232
0.000156296
-8.10109e-05
-0.000346891
-0.000513778
-0.000686357
-0.00079606
-0.000745319
-0.000576918
-0.000445021
-0.000341778
-0.000185517
-0.000190053
-0.000202574
-0.000323926
-0.000536637
-0.000783842
-0.000840079
-0.000902488
-0.000985046
-0.0010008
-0.000968481
-0.000879457
-0.000762227
-0.000612668
-0.000426859
-0.000252306
-0.00021959
-0.000111978
-4.80106e-06
-5.35866e-05
-4.90799e-05
-5.92259e-05
1.55707e-06
-4.06224e-05
-4.72601e-05
-3.1567e-05
-6.89769e-05
-0.000148669
-0.000246718
-0.000309138
-0.000436628
-0.000563647
-0.000577991
-0.000515516
-0.000409532
-0.000289307
-0.000179953
-0.00010409
-0.00011756
-0.000177773
-0.000232049
-0.000373849
-0.000431899
-0.00045024
-0.000309506
-0.000112884
0.000123882
0.000260203
0.000411474
0.000508984
0.000579836
0.000568797
0.000430707
0.00029519
6.04452e-05
6.64956e-05
5.9669e-05
2.04033e-05
-3.1498e-05
-0.000135117
-0.00037312
-0.000677125
-0.00113991
-0.00128041
-0.00150149
-0.00176995
-0.00216097
-0.00238877
-0.00239169
-0.00212359
-0.00156336
-0.000799361
-0.000382573
0.000215962
0.000762005
0.00117658
0.00140897
0.00146579
0.00139305
0.00125004
0.000915621
0.000935884
0.00096733
0.000974533
0.000974897
0.000818533
0.000507466
6.38501e-05
-0.000309703
-0.000708851
-0.00107602
-0.00143031
-0.00149996
-0.00137938
-0.00095356
-0.00028421
0.000236496
0.000684849
0.00108477
0.00144067
0.00168932
0.00175855
0.00160534
0.00129197
0.000829211
0.000325005
-0.000177121
-0.00066844
-0.0011047
-0.0013551
-0.00135021
-0.00134539
-0.00153146
-0.00169813
-0.00195579
-0.00210633
-0.00224507
-0.00186673
-0.001588
-0.00137981
-0.00123595
-0.00114073
-0.00104006
-0.000945175
-0.00103101
-0.000950393
-0.000570283
-0.00026769
1.13036e-05
0.000274255
0.000338018
0.000185281
0.000273287
0.000392234
0.000609487
0.00080135
0.000933417
0.00109134
0.00105118
0.000927998
0.000825701
0.000660679
0.000463378
0.0003111
0.000141527
2.17897e-05
4.94436e-06
8.81056e-05
0.000330443
0.000648154
0.000739685
0.000911215
0.00123464
0.00167582
0.00197838
0.00228496
0.00221111
0.00198907
0.00170404
0.00136727
0.00090931
0.000400209
-3.14993e-05
-0.000277869
-0.000644931
-0.00117107
-0.001959
-0.00274994
-0.00341549
-0.00333742
-0.00333213
-0.0033096
-0.00309289
-0.00256238
-0.00166983
-0.000608332
0.000268942
0.000853615
0.00158445
0.00221421
0.00260266
0.00257915
0.00244644
0.00221724
0.00204394
0.00187751
0.00195654
0.00180043
0.00151788
0.00171463
0.00195795
0.00213139
0.00220083
0.00201305
0.00160746
0.00101417
0.000269378
-0.000440104
-0.00113569
-0.00152486
-0.00115768
-0.00129382
-0.00117795
-0.000822393
-0.000410228
-0.000116749
0.0001502
0.000763727
0.00150725
0.00228133
0.00239116
0.00244126
0.00282857
0.00339783
0.0036689
0.00384634
0.00364712
0.00330355
0.00288522
0.00250411
0.00218009
0.00189306
0.00184599
0.00164563
0.00169239
0.00192166
0.00231063
0.00263422
0.00258613
0.00251295
0.00220446
0.00160389
0.000555291
-0.000430735
-0.00114998
-0.00180953
-0.00266287
-0.00352904
-0.00410392
-0.00407492
-0.00364829
-0.00314605
-0.00255075
-0.00203886
-0.00160145
-0.000984146
-0.000755894
-0.000764521
-0.000791094
-0.000898933
-0.000925867
-0.00100429
-0.000808724
-0.000473419
-4.69523e-06
0.000457254
0.000558374
0.000507566
0.0004594
0.000281536
3.77723e-05
-0.000258613
-0.000175625
-0.000175757
-0.000162635
-0.000155786
-9.49266e-05
-0.000127894
9.81017e-06
-2.91324e-05
-0.000220239
-0.000416079
-0.000669328
-0.000848171
-0.0007937
-0.000598563
-0.000212108
0.00028231
0.000372155
0.000642951
0.000871588
0.0011182
0.00127897
0.0013257
0.00119638
0.00120353
0.0013272
0.00156947
0.00207581
0.0020715
0.00226184
0.00264673
0.00313434
0.00349279
0.00356229
0.00350515
0.00332981
0.00312745
0.00281219
0.00242137
0.00222196
0.00192981
0.00173029
0.00154889
0.00136264
0.00106251
0.000956733
0.000968212
0.00107596
0.00130356
0.00147106
0.00165378
0.00177035
0.00173709
0.00104894
8.62868e-05
-0.000969152
-0.00229169
-0.00193036
-0.0025446
-0.00373628
-0.00483939
-0.00587615
-0.00617552
-0.00595126
-0.00583099
-0.00551898
-0.00526759
-0.00442969
-0.00362299
-0.00319891
-0.00309543
-0.00332192
-0.00330502
-0.00377787
-0.00465278
-0.00561494
-0.00586163
-0.00601863
-0.00616697
-0.00604714
-0.00566657
-0.00497609
-0.00417944
-0.00317948
-0.00228003
-0.00161945
-0.00149205
-0.0015031
-0.00160188
-0.00171433
-0.00173813
-0.00145561
-0.00082487
9.87061e-05
0.00137613
0.00167493
0.00189409
0.00244139
0.00291667
0.00301172
0.00268828
0.00237857
0.00146783
0.000351907
-0.000769537
-0.00168632
-0.00190179
-0.00144573
-0.000329315
0.00133468
0.00236402
0.00384027
0.005467
0.00692486
0.00745366
0.00752711
0.00716891
0.00648427
0.00549196
0.0046915
0.00352475
0.00228618
0.00103149
0.000239822
-0.000498666
-0.00113959
-0.00166902
-0.00190243
-0.00200625
-0.00210685
-0.00212072
-0.00221549
-0.00191827
-0.00170162
-0.00173136
-0.0019703
-0.00224312
-0.00234841
-0.00233388
-0.00252976
-0.00278889
-0.00294909
-0.00296955
-0.00304289
-0.00299723
-0.00271305
-0.00238713
-0.00187305
-0.00115906
-0.000235632
0.000123547
0.000440073
0.00114187
0.00207539
0.00300038
0.00345956
0.00349826
0.00343457
0.00322794
0.00273112
0.00240911
0.00210537
0.00165872
0.00118328
0.000693471
0.00030419
0.000125762
-0.000301505
-0.000367058
-6.88407e-05
0.000474286
0.00118391
0.0018525
0.00252223
0.00295472
0.00282801
0.0028729
0.00296651
0.0030654
0.00320977
0.00340743
0.00377173
0.00413625
0.00411722
0.00326504
0.00290181
0.00276781
0.0025567
0.00224595
0.0018997
0.00141937
0.000978069
0.000565813
0.000311504
0.000201374
0.000279619
0.000482273
0.000559384
0.000685059
0.000660334
0.000571017
0.00111713
0.00073166
-0.000252351
-0.00158178
-0.00318206
-0.00481847
-0.00619579
-0.00709048
-0.00571912
-0.00514631
-0.00468408
-0.00402494
-0.00373106
-0.00344395
-0.00289908
-0.00203378
-0.00105517
-6.83927e-05
0.000700535
0.00108398
0.000991954
0.000379539
-0.000620308
-0.00195208
-0.00271742
-0.00384539
-0.0050858
-0.00607758
-0.00644993
-0.00604391
-0.00522796
-0.00430756
-0.00332949
-0.00219325
-0.00108513
-0.000334657
-8.84305e-05
-0.000307384
-0.00101998
-0.00125736
-0.00133452
-0.00174546
-0.00186894
-0.00190201
-0.00158836
-0.000726907
0.000499938
0.000689452
0.0015093
0.00270798
0.00396124
0.00511429
0.00585393
0.00616784
0.00583078
0.00512955
0.00428687
0.00336405
0.0026091
0.00219043
0.00168635
0.00127786
0.00106494
0.00130753
0.00167274
0.00160992
0.00215655
0.00285762
0.00328738
0.00363772
0.00372528
0.00360394
0.00320609
0.0025434
0.00254205
0.0024202
0.00211293
0.00167427
0.000574199
-0.000339191
-0.00141612
-0.00147706
-0.00217821
-0.00337711
-0.0043468
-0.00398586
-0.00358055
-0.0040496
-0.00424599
-0.00251066
0.000395487
0.00355264
0.00695046
0.00940623
0.00951921
0.00967514
0.00941061
0.00815728
0.00667871
0.00547743
0.00503545
0.00411632
0.00309301
0.00127726
-0.000245986
-0.00152186
-0.00175231
-0.00233733
-0.00312667
-0.00367748
-0.0041539
-0.00438021
-0.00392716
-0.00331736
-0.00277939
-0.00257398
-0.00203898
-0.00160363
-0.000992332
-0.000313588
0.000768601
0.00188935
0.00270269
0.00315542
0.00318293
0.00281468
0.00116295
-0.00031675
-0.000442685
-0.000287964
-0.000539962
-0.00014462
0.000150882
-0.000430661
-0.00135481
-0.000747954
0.00102593
0.00335343
0.00570741
0.0067395
0.00708081
0.00656879
0.00533145
0.00374074
0.00310996
0.00193284
0.000859285
1.73915e-05
-0.000781297
-0.00193228
-0.00240302
-0.00261976
-0.00278239
-0.00270203
-0.00108883
-0.001111
-0.00225573
-0.00431732
-0.00632557
-0.00834241
-0.0104364
-0.0110124
-0.0109179
-0.0101973
-0.00897529
-0.00783522
-0.00573447
-0.00392072
-0.000648059
0.00258406
0.0054538
0.00598896
0.00579351
0.0048984
0.00297734
0.00266404
0.00182134
0.000626731
0.00086932
0.000433967
-0.00156122
-0.00156594
0.00016694
0.00266915
0.00559872
0.00775808
0.00842286
0.00666967
0.00613065
0.00622403
0.0046066
0.00228874
-0.000993836
-0.00488309
-0.00917989
-0.011054
-0.0121519
-0.0135679
-0.0143196
-0.0141618
-0.0127033
-0.0105898
-0.00756907
-0.00378893
-0.000453151
0.00173227
0.00280776
0.00352124
0.00333765
0.00314056
0.00299234
0.00277265
0.00362588
0.00428809
0.00330746
0.00334887
0.00360768
0.00429795
0.00728274
0.00987735
0.0100647
0.00922747
0.00792472
0.00648542
0.00358493
0.000564421
0.0013064
0.000575985
0.000319165
-0.00102155
-0.0045849
-0.00783151
-0.00954703
-0.00983796
-0.00923424
-0.00793289
-0.00490447
-0.00229676
0.000431226
0.00337569
0.00530771
0.0068793
0.00942154
0.0120832
0.0127415
0.0106461
0.00920908
0.00944076
0.0105891
0.010967
0.00911242
0.00691412
0.00571364
0.00472898
0.00466306
0.00409428
0.00282138
0.0011353
-0.0010709
-0.00218486
-0.00266511
-0.00249285
-0.002563
-0.00214582
-0.00156415
-0.0012792
-0.000506529
-0.000562766
-0.00152403
-0.003473
-0.00582053
-0.00795067
-0.00901388
-0.0103265
-0.0106847
-0.0106917
-0.00975748
-0.00858199
-0.00644448
-0.00174046
0.00217559
0.00236937
-0.000137729
-0.000781164
0.00174968
0.00156471
-0.000287785
-0.00244663
-0.002324
-0.00208426
-0.00282192
-0.00361545
-0.00310329
-0.0015558
-0.00122922
4.56519e-05
0.00129367
0.00366903
0.00637551
0.00660406
0.00758024
0.00917522
0.00863764
0.00735415
0.00718092
0.0092107
0.0129598
0.0141149
0.0126887
0.0100983
0.00742308
0.00547562
0.00457244
0.00262898
2.25281e-05
-0.00244336
-0.00560929
-0.00727471
-0.00924435
-0.0102022
-0.0113774
-0.010397
-0.00982119
-0.00832891
-0.00722008
-0.00506575
-0.00292905
-0.00146008
-0.000463673
0.00155029
0.00412649
0.00725288
0.0087779
0.00860388
0.00791187
0.00646784
0.00422515
0.0022975
-7.73168e-06
-0.00112346
-0.0026191
-0.00420069
-0.00585106
-0.0061369
-0.00604373
-0.00682692
-0.00682386
-0.00574766
-0.00504213
-0.00492812
-0.00573893
-0.007796
-0.00816003
-0.00640832
-0.00314791
-0.000345914
0.00194422
0.00474504
0.00611382
0.00669001
0.00563325
0.00595282
0.00527823
0.00353948
0.00151006
-0.000426288
-0.000838725
-0.00151564
-0.00220934
-0.00370534
-0.00430816
-0.00450507
-0.00403574
-0.00464595
-0.00487746
-0.00366052
-0.00154677
-0.000659359
-0.00262274
-0.00392385
-0.00291412
0.00252861
0.00769966
0.0072806
0.00288835
-0.00333989
-0.00663189
-0.00818305
-0.00945174
-0.0106349
-0.012954
-0.0116552
-0.00727139
-0.00318319
0.00524528
0.0138373
0.0204507
0.0199128
0.0169854
0.0130367
0.00947187
0.0047805
0.00155683
0.00037163
0.00129483
-0.00132007
0.000958534
0.00406997
0.00692173
0.00550448
0.00325401
-0.00161265
-0.00903282
-0.0155828
-0.0199364
-0.0252401
-0.0294331
-0.0236177
-0.0199371
-0.0274814
-0.0198411
-0.00960112
0.00236748
0.0110018
0.0164912
0.0188894
0.0219282
0.0248712
0.0264581
0.0242839
0.0170156
0.010969
0.0063911
0.00476015
0.00506963
0.00577083
0.00553916
0.00531535
0.00687781
0.0101448
0.0116127
0.0097754
0.00647842
0.00527629
0.00216599
-0.00438393
-0.00829002
-0.011826
-0.0140356
-0.0122548
-0.00712507
-0.00491199
-0.00212452
0.00266384
0.003616
0.00412314
0.00687825
0.0108434
0.0149511
0.0185248
0.0167668
0.0111375
0.00481832
-0.00135305
-0.00991046
-0.0162083
-0.0238655
-0.0346924
-0.0459423
-0.0460532
-0.0475878
-0.0433308
-0.0337562
-0.0200081
-0.00604137
-0.0147595
0.00682144
0.0229327
0.0314959
0.0348428
0.0345391
0.0340934
0.027261
0.0137458
0.00448199
0.000746285
-0.00127591
-0.00205044
0.00176243
0.0111054
0.0172834
0.0231395
0.0241752
0.0196802
0.0161068
0.0130747
0.00507467
-0.00556328
-0.00833253
-0.00890244
-0.0095073
-0.00646223
-0.00285116
-0.00251541
-0.00594968
-0.00745563
-0.0084911
-0.00688355
-0.00256342
-0.000998842
0.0023244
0.00431476
0.0031108
0.00155424
-0.000153203
-0.00195706
1.39511e-05
0.00204353
0.00178971
0.000987703
0.000354686
0.00137048
4.38983e-05
-0.00361185
-0.00778755
-0.0115161
-0.0106833
-0.0133935
-0.0158095
-0.0159145
-0.0193874
-0.0281353
-0.0224622
-0.0147295
-0.00339375
0.00744525
0.0187054
0.0262575
0.0305193
0.0316179
0.030063
0.0243195
0.0155317
0.00856008
0.00144259
-0.00479917
-0.00335879
-0.00349408
-0.00156474
0.00403023
0.00530847
0.00556309
0.00745562
0.00226276
-0.00664259
-0.0130084
-0.0173121
-0.0215733
-0.0261395
-0.0293583
-0.0307568
-0.0277023
-0.0251734
-0.0235317
-0.0249293
-0.030188
-0.0355652
-0.0352514
-0.0291848
-0.0212087
-0.0100106
0.005262
0.0186582
0.0306405
0.0144515
0.0322046
0.0462978
0.0524308
0.051504
0.0486816
0.0458796
0.0434843
0.0403581
0.0338847
0.0268184
0.0159973
0.00621788
-3.59408e-05
-0.00360911
-0.00509211
-0.00812988
-0.0101378
-0.0106781
-0.00957192
-0.00968408
-0.0141054
-0.0156884
-0.00863922
-0.0111521
-0.0199898
-0.0238567
-0.0267071
-0.0285469
-0.0177209
0.00151342
0.0209582
0.0391699
0.0600837
0.0770362
0.0814243
0.0793066
0.0732103
0.0709256
0.0726876
0.0776049
0.0785547
0.0898046
0.108295
0.137451
0.176893
0.221039
0.265543
0.305808
0.3404
0.368312
0.390118
0.40732
0.422659
0.437934
0.453988
0.470461
0.486141
0.500768
0.512702
0.519727
0.523088
0.523856
0.523077
0.521737
0.522785
0.525939
0.527505
0.529043
0.528522
0.524195
0.513609
0.496454
0.472686
0.442768
0.408014
0.368401
0.328439
0.289974
0.254916
0.21264
0.18621
0.152781
0.122307
0.095038
0.0701426
0.0479964
0.0262544
0.00453455
-0.0162983
-0.0356269
-0.0529674
-0.0685162
-0.0823718
-0.0946168
-0.105817
-0.115972
-0.125076
-0.13401
-0.142248
-0.149563
-0.155764
-0.160461
-0.16433
-0.167065
-0.168461
-0.168916
-0.168479
-0.167684
-0.166231
-0.164422
-0.162213
-0.159572
-0.156591
-0.153107
-0.149197
-0.14503
-0.140791
-0.136539
-0.132324
-0.128176
-0.124538
-0.120631
-0.116808
-0.112811
-0.108749
-0.104479
-0.100143
-0.0958143
-0.0916956
-0.0881089
-0.0848293
-0.0821588
-0.0800981
-0.0785837
-0.0773769
-0.0761249
-0.0748254
-0.0727433
-0.070014
-0.066267
-0.0616622
-0.0559377
-0.0494654
-0.0419032
-0.0336578
-0.0249545
-0.0162147
-0.00758891
0.00079179
0.00850046
0.0163553
0.0241984
0.0318831
0.0395233
0.0465262
0.0533582
0.0601252
0.0667685
0.0722377
0.0766522
0.0806481
0.0834082
0.0853909
0.0865674
0.0872026
0.087281
0.0868238
0.0861339
0.0851418
0.0838833
0.0823595
0.0804993
0.0782986
0.0758131
0.0731119
0.0702383
0.0672561
0.0642482
0.0613341
0.0584167
0.0554887
0.0526234
0.0496882
0.0468109
0.0438904
0.0408918
0.0378873
0.0349227
0.032059
0.029291
0.0268842
0.0243963
0.0220706
0.0199507
0.0179948
0.0161485
0.0143857
0.0127683
0.011238
0.00983324
0.00852121
0.00730554
0.00621639
0.00521424
0.00428054
0.00344356
0.00271393
0.00209718
0.00156195
0.00110631
0.00071166
0.000388777
0.000110606
-0.000116405
-0.000273524
-0.000372502
-0.00041044
-0.000400159
-0.000330189
-0.000217506
-5.95736e-05
0.00013048
0.000314442
0.000515702
0.00073885
0.000998246
0.00128724
0.00157238
0.00180853
0.00199366
0.00213099
0.00221016
0.00222471
0.00218861
0.00212664
0.00205912
0.00199086
0.00192451
0.00186125
0.00183849
0.00177335
0.00166125
0.00152041
0.00135909
0.00121343
0.00105434
0.000915873
0.000819065
0.00076972
0.000757256
0.000766059
0.000780112
0.000731957
0.00062702
0.000461823
0.000274046
8.85273e-05
-7.38056e-05
-0.000206388
-0.000304391
-0.000348149
-0.000373148
-0.000411406
-0.00049316
-0.000644037
-0.000865669
-0.00116261
-0.00149472
-0.00182278
-0.00207635
-0.00219749
-0.00231272
-0.00240829
-0.00252439
-0.00272108
-0.00298163
-0.00333995
-0.00382945
-0.00429342
-0.00472185
-0.00500756
-0.00507551
-0.00494244
-0.00465405
-0.00426559
-0.00410378
-0.00374488
-0.00350076
-0.00390426
-0.0036087
-0.00322622
-0.00237556
-0.00100943
0.00119184
0.00436906
0.00854186
0.0135225
0.0196279
0.0266974
0.0346793
0.0432591
0.052367
0.0617225
0.0709142
0.0785176
0.0869299
0.0956017
0.104282
0.112972
0.121206
0.126785
0.133197
0.139409
0.145414
0.150955
0.157067
0.161421
0.165448
0.168701
0.171573
0.173205
0.173771
0.173172
0.17105
0.167748
0.163068
0.157136
0.149691
0.141486
0.132194
0.122645
0.112813
0.102585
0.0925795
0.0822456
0.0726185
0.0625698
0.05265
0.0429776
0.0336835
0.0245851
0.0161328
0.00832378
0.000961298
-0.00575344
-0.0116794
-0.0172476
-0.0223199
-0.0269284
-0.0310909
-0.0348004
-0.0381274
-0.0410983
-0.0434867
-0.0453966
-0.0468207
-0.0478886
-0.0486222
-0.0490863
-0.0493402
-0.0494327
-0.0493722
-0.0491802
-0.0488571
-0.0483999
-0.0477329
-0.0469549
-0.046133
-0.045261
-0.0444756
-0.043645
-0.0428322
-0.0420958
-0.0414175
-0.0408258
-0.0402646
-0.0396034
-0.0390294
-0.0386634
-0.0383334
-0.037927
-0.0376689
-0.0374238
-0.0373104
-0.0372216
-0.0372082
-0.0372435
-0.0373373
-0.0374836
-0.0377339
-0.0380144
-0.0383586
-0.0387536
-0.0392032
-0.0396925
-0.0402088
-0.0407545
-0.0413398
-0.0419662
-0.042605
-0.0432545
-0.0439142
-0.0445752
-0.0452396
-0.0458742
-0.0465122
-0.047143
-0.0477554
-0.0483327
-0.0489008
-0.0494684
-0.0500366
-0.0505845
-0.0511375
-0.0516754
-0.0522029
-0.0526875
-0.0531694
-0.0536334
-0.054063
-0.0544928
-0.0549277
-0.0553335
-0.0557174
-0.0560901
-0.0564429
-0.0567728
-0.0571001
-0.0574273
-0.0577353
-0.0580375
-0.058344
-0.0586628
-0.0589927
-0.0593353
-0.0596838
-0.0599628
-0.0602929
-0.0606188
-0.0609115
-0.061147
-0.0614091
-0.0616609
-0.0618886
-0.0621063
-0.0623504
-0.0625874
-0.0627392
-0.0628253
-0.062843
-0.0627887
-0.0626831
-0.0625338
-0.0623874
-0.0622745
-0.0622189
-0.0622222
-0.0622765
-0.0623301
-0.0623542
-0.062306
-0.0621975
-0.0620246
-0.0618258
-0.0616458
-0.0615551
-0.0615824
-0.0617311
-0.0619604
-0.0621957
-0.0623594
-0.0622305
-0.0617703
-0.0610228
-0.0600201
-0.0589494
-0.0578225
-0.0568747
-0.0566263
-0.0561835
-0.0567831
-0.0575414
-0.0591568
-0.0613334
-0.0640306
-0.0675688
-0.0714377
-0.0753629
-0.0778036
-0.0815182
-0.0850048
-0.0883017
-0.0915589
-0.0945138
-0.0977161
-0.100883
-0.104011
-0.107148
-0.110214
-0.113161
-0.115983
-0.118661
-0.121228
-0.123721
-0.126134
-0.128466
-0.130715
-0.132914
-0.135097
-0.137157
-0.139085
-0.140879
-0.142543
-0.144072
-0.145427
-0.146697
-0.14791
-0.149034
-0.150092
-0.151064
-0.151927
-0.152708
-0.153402
-0.153995
-0.154487
-0.154878
-0.155185
-0.155428
-0.155601
-0.155734
-0.155807
-0.155819
-0.155756
-0.155618
-0.155402
-0.15513
-0.154823
-0.154447
-0.154025
-0.15356
-0.153069
-0.152564
-0.152055
-0.151529
-0.151002
-0.150536
-0.150003
-0.149475
-0.148944
-0.148405
-0.147858
-0.147287
-0.146708
-0.146124
-0.145563
-0.145034
-0.144519
-0.14406
-0.143613
-0.143157
-0.142667
-0.142152
-0.141608
-0.141057
-0.140555
-0.140011
-0.139669
-0.13949
-0.139368
-0.139274
-0.139199
-0.13893
-0.138302
-0.137278
-0.135827
-0.134012
-0.131638
-0.128742
-0.125718
-0.121949
-0.117538
-0.113028
-0.108182
-0.103203
-0.0982646
-0.0932422
-0.0883644
-0.0831137
-0.0778834
-0.0725941
-0.0670712
-0.0616898
-0.0563797
-0.0510273
-0.0458133
-0.0408233
-0.035858
-0.031063
-0.0264816
-0.0222449
-0.0182565
-0.0144811
-0.0109932
-0.00769521
-0.00458084
-0.00156921
0.00123963
0.00381677
0.00638729
0.0089797
0.0114325
0.0137845
0.0160343
0.0180787
0.0199273
0.021607
0.022724
0.0234782
0.0239742
0.0243246
0.0245367
0.0247238
0.0247816
0.0252529
0.0259041
0.0266964
0.0276407
0.0287006
0.0298394
0.0309718
0.0320694
0.0331179
0.0341035
0.0351444
0.0361124
0.0372459
0.0385114
0.0398545
0.0412773
0.0426442
0.0439797
0.0452448
0.0466344
0.0477699
0.0488131
0.0498989
0.0510221
0.0522047
0.0534624
0.0547739
0.0561709
0.057187
0.0579343
0.0582882
0.0582489
0.0579578
0.0580064
0.057601
0.0571752
0.0567797
0.0566812
0.0570283
0.0580531
0.0599516
0.0626246
0.0659996
0.0698103
0.074077
0.0787681
0.0837888
0.0890803
0.0943977
0.099509
0.104692
0.109775
0.114592
0.119108
0.123105
0.126668
0.129625
0.131995
0.133605
0.134462
0.134827
0.134319
0.132936
0.130559
0.127388
0.123204
0.118134
0.112116
0.105089
0.0974661
0.0890554
0.0799033
0.0705022
0.06059
0.0506292
0.0406727
0.0305884
0.0205444
0.0105703
0.000548061
-0.00947986
-0.0192399
-0.0287386
-0.0382846
-0.047551
-0.0561843
-0.0644802
-0.0724722
-0.0796349
-0.0863
-0.0924212
-0.098214
-0.103667
-0.108726
-0.113559
-0.11802
-0.122153
-0.125982
-0.128997
-0.132134
-0.134865
-0.137281
-0.139387
-0.141362
-0.142891
-0.144131
-0.145083
-0.145744
-0.146102
-0.146181
-0.145986
-0.145617
-0.145107
-0.144489
-0.143749
-0.142873
-0.141913
-0.141212
-0.140673
-0.140158
-0.139755
-0.13942
-0.139109
-0.138729
-0.13833
-0.137892
-0.137436
-0.13697
-0.136546
-0.13619
-0.135888
-0.135643
-0.135412
-0.13512
-0.134631
-0.133883
-0.132894
-0.131866
-0.130661
-0.129212
-0.127482
-0.125578
-0.123679
-0.121564
-0.119603
-0.117803
-0.116045
-0.114265
-0.112496
-0.110732
-0.108947
-0.107135
-0.105301
-0.103471
-0.101662
-0.0998934
-0.098592
-0.0969486
-0.0953936
-0.093932
-0.0925316
-0.0911842
-0.0899461
-0.0887888
-0.087677
-0.0865977
-0.0855833
-0.084658
-0.0838289
-0.0831067
-0.0824723
-0.0818908
-0.0813319
-0.0808103
-0.080245
-0.0796615
-0.0790842
-0.078527
-0.0780218
-0.0775968
-0.0772613
-0.0770064
-0.0768203
-0.0766788
-0.0765478
-0.0764042
-0.0757965
-0.0755877
-0.0753431
-0.0750717
-0.0747792
-0.0744696
-0.0741383
-0.0737914
-0.0734137
-0.0729905
-0.0725319
-0.0719828
-0.0713485
-0.0707808
-0.0701742
-0.0696466
-0.0692257
-0.0689188
-0.0687253
-0.0686158
-0.068585
-0.0686748
-0.0689254
-0.0692604
-0.0699479
-0.0708283
-0.0719923
-0.0735729
-0.0755093
-0.0776575
-0.0801167
-0.0827332
-0.0854741
-0.0873435
-0.0898802
-0.0921681
-0.0943178
-0.0961565
-0.0977051
-0.0991176
-0.100468
-0.101785
-0.103092
-0.104332
-0.105622
-0.106854
-0.107937
-0.108831
-0.109585
-0.110192
-0.110716
-0.111141
-0.111503
-0.111788
-0.11182
-0.111927
-0.111646
-0.111119
-0.110471
-0.109378
-0.108163
-0.106823
-0.10538
-0.103853
-0.102227
-0.100533
-0.0986642
-0.0966849
-0.0943543
-0.0918613
-0.0891823
-0.0863973
-0.0836094
-0.0808293
-0.0781927
-0.0757806
-0.073377
-0.0708653
-0.0682201
-0.0653637
-0.0622823
-0.0589247
-0.0554095
-0.0518547
-0.0494529
-0.0472407
-0.0442592
-0.0416139
-0.0392388
-0.0370439
-0.0348074
-0.0324902
-0.0300902
-0.027617
-0.0252681
-0.0228794
-0.0219977
-0.0209476
-0.020417
-0.0208684
-0.0216654
-0.022868
-0.024505
-0.0262752
-0.027774
-0.0286835
-0.0287119
-0.0281563
-0.0267983
-0.0249692
-0.0215065
-0.0174622
-0.0141367
-0.00867305
-0.00275975
0.00199895
0.00750564
0.0130251
0.0184054
0.0254093
0.0318801
0.0377921
0.0419506
0.046457
0.0503199
0.0537043
0.0572438
0.0612464
0.064772
0.0709588
0.0766086
0.0832876
0.0906049
0.0985777
0.109271
0.117669
0.125459
0.132799
0.13918
0.144558
0.150325
0.154955
0.158798
0.160997
0.164558
0.16718
0.171026
0.175029
0.177933
0.180391
0.183192
0.184179
0.183592
0.182761
0.180921
0.177459
0.172337
0.165817
0.157568
0.148268
0.138381
0.128551
0.118941
0.110078
0.100457
0.0914885
0.0832207
0.0757552
0.0693976
0.0639656
0.0584014
0.0550933
0.0523652
0.050171
0.0485232
0.0473619
0.0466335
0.0463481
0.0464951
0.0470646
0.0480732
0.0494696
0.0511376
0.0534777
0.0554438
0.0574876
0.0594079
0.0611695
0.0632754
0.0647079
0.0660642
0.067357
0.0689964
0.0704175
0.0717459
0.0728453
0.0737666
0.0745428
0.0753023
0.0760718
0.0770334
0.0782783
0.0796177
0.0816682
0.084282
0.0876125
0.0917353
0.0947343
0.0986214
0.104666
0.111039
0.116096
0.12138
0.126557
0.131394
0.135853
0.139824
0.143383
0.147079
0.149327
0.151202
0.152693
0.154223
0.155379
0.156256
0.156952
0.15732
0.157837
0.158153
0.158459
0.158753
0.158925
0.158997
0.158987
0.158816
0.15853
0.15814
0.157767
0.157342
0.156884
0.156247
0.155734
0.155185
0.154621
0.154036
0.153424
0.15266
0.152074
0.151503
0.150968
0.150464
0.150003
0.149474
0.149003
0.148746
0.148351
0.147981
0.147748
0.147482
0.147093
0.146689
0.146274
0.145958
0.145507
0.145171
0.144856
0.144445
0.144162
0.143878
0.143489
0.1431
0.142724
0.142357
0.142
0.141676
0.141432
0.141195
0.140944
0.140667
0.140293
0.139758
0.139243
0.138315
0.137293
0.136393
0.135556
0.134729
0.133933
0.133572
0.133675
0.134492
0.135821
0.138166
0.140259
0.142813
0.146453
0.150088
0.152315
0.155576
0.158639
0.161608
0.164409
0.167214
0.169937
0.172814
0.175822
0.177788
0.180708
0.182769
0.185277
0.187424
0.189023
0.189833
0.190884
0.191595
0.192009
0.192139
0.192196
0.192109
0.191904
0.191573
0.191132
0.190575
0.18989
0.189043
0.188065
0.187358
0.186239
0.185091
0.183999
0.182899
0.181822
0.18067
0.179436
0.178194
0.17698
0.175638
0.17418
0.172738
0.171315
0.169925
0.168685
0.167568
0.166859
0.166274
0.166126
0.166376
0.1672
0.167837
0.168509
0.169275
0.169209
0.168541
0.167458
0.166019
0.164224
0.161949
0.159201
0.156061
0.15239
0.148474
0.144592
0.140438
0.136237
0.132401
0.128742
0.125348
0.122092
0.118987
0.115866
0.112758
0.109501
0.10615
0.102692
0.0992111
0.0959071
0.0928443
0.0906707
0.0882595
0.0859829
0.0839319
0.081576
0.079326
0.0775256
0.0751666
0.0714431
0.0689463
0.0647353
0.0602756
0.055667
0.0508927
0.0460036
0.0400629
0.0335415
0.0261164
0.0173491
0.00675768
-0.00464776
-0.0174158
-0.0318426
-0.0426686
-0.0539388
-0.069106
-0.0829685
-0.096032
-0.108182
-0.119411
-0.125828
-0.135916
-0.145625
-0.155089
-0.16436
-0.173364
-0.179392
-0.18792
-0.193157
-0.199864
-0.20553
-0.210218
-0.214068
-0.217208
-0.219725
-0.221817
-0.2239
-0.225855
-0.227711
-0.229379
-0.230841
-0.231902
-0.232404
-0.232501
-0.231792
-0.230451
-0.228634
-0.22654
-0.224423
-0.223274
-0.221743
-0.220705
-0.219965
-0.219393
-0.218888
-0.218214
-0.21607
-0.212971
-0.209916
-0.204459
-0.200044
-0.195622
-0.188033
-0.18014
-0.17198
-0.16448
-0.156927
-0.149257
-0.142004
-0.134787
-0.130215
-0.122696
-0.115349
-0.10781
-0.100859
-0.0942062
-0.0899235
-0.0838239
-0.0782737
-0.0730167
-0.0681243
-0.0632587
-0.058748
-0.0544927
-0.0506033
-0.0469674
-0.0438475
-0.0411023
-0.0388699
-0.0372141
-0.0360449
-0.0354551
-0.0352692
-0.035607
-0.0367165
-0.0385025
-0.039805
-0.0430763
-0.0470998
-0.0518095
-0.0554684
-0.0612909
-0.0673318
-0.0718116
-0.0759737
-0.0795547
-0.0851628
-0.0907197
-0.0962295
-0.101758
-0.105447
-0.110586
-0.115039
-0.118632
-0.121121
-0.122388
-0.122875
-0.123211
-0.124789
-0.126296
-0.130518
-0.137154
-0.143031
-0.149151
-0.16041
-0.17442
-0.191124
-0.209932
-0.223632
-0.246361
-0.270243
-0.295255
-0.320358
-0.338345
-0.355236
-0.381643
-0.406767
-0.430027
-0.444454
-0.463998
-0.480759
-0.494442
-0.507203
-0.519364
-0.530814
-0.541786
-0.552631
-0.56377
-0.574747
-0.585488
-0.595966
-0.606628
-0.613525
-0.624215
-0.634623
-0.644615
-0.651302
-0.660477
-0.668483
-0.675173
-0.680273
-0.683623
-0.685725
-0.68626
-0.686023
-0.685413
-0.685584
-0.685248
-0.684663
-0.683453
-0.680813
-0.676257
-0.669335
-0.661735
-0.652609
-0.642662
-0.632453
-0.619346
-0.607717
-0.596426
-0.585475
-0.573408
-0.559319
-0.542159
-0.518581
-0.48812
-0.458233
-0.42135
-0.379599
-0.333305
-0.282931
-0.232655
-0.181795
-0.133749
-0.0895615
-0.0503207
-0.0160926
0.0113268
0.0366732
0.057117
0.0803389
0.0992913
0.110484
0.123693
0.130872
0.139088
0.143296
0.14663
0.149827
0.151445
0.152751
0.153719
0.153534
0.152415
0.15044
0.147186
0.143063
0.139045
0.134325
0.129446
0.124647
0.120324
0.116837
0.114797
0.111623
0.109596
0.107868
0.106175
0.104899
0.10411
0.103981
0.104391
0.105433
0.107084
0.109142
0.111319
0.11327
0.114765
0.11616
0.116976
0.117072
0.117741
0.119454
0.122708
0.127929
0.135044
0.142697
0.152836
0.163041
0.17307
0.186574
0.198955
0.211683
0.223917
0.236915
0.2515
0.267626
0.285271
0.299017
0.314796
0.331296
0.34737
0.362277
0.375504
0.388821
0.39666
0.402424
0.40644
0.410353
0.413034
0.414301
0.415972
0.41693
0.417761
0.41796
0.417517
0.41626
0.41436
0.411682
0.40848
0.405204
0.402092
0.399469
0.397305
0.395625
0.393846
0.392777
0.391711
0.390562
0.389284
0.387972
0.386624
0.385415
0.384422
0.383712
0.383259
0.383005
0.382798
0.382533
0.382134
0.381464
0.380532
0.379398
0.378132
0.376813
0.375498
0.374228
0.37301
0.371789
0.370556
0.369144
0.36756
0.365744
0.363708
0.361553
0.358876
0.356898
0.355016
0.353432
0.351698
0.350354
0.349262
0.348201
0.346919
0.345215
0.343035
0.340383
0.337121
0.334684
0.331963
0.329459
0.327556
0.326591
0.32722
0.32877
0.331989
0.336775
0.342778
0.350207
0.358495
0.367131
0.375985
0.384881
0.393382
0.401592
0.41216
0.419547
0.429905
0.437498
0.445641
0.4533
0.461266
0.468625
0.475377
0.481502
0.487343
0.492512
0.497209
0.501321
0.505501
0.508609
0.511496
0.513546
0.514829
0.515296
0.514876
0.513293
0.510822
0.507513
0.504004
0.500029
0.495948
0.491107
0.486114
0.480937
0.475538
0.469513
0.46298
0.456233
0.449126
0.442053
0.434635
0.427124
0.419587
0.411976
0.404329
0.39609
0.387341
0.378439
0.36979
0.360031
0.349803
0.339521
0.329354
0.319475
0.310144
0.301428
0.291978
0.282154
0.271997
0.261143
0.249226
0.237104
0.225224
0.214154
0.202879
0.190965
0.179554
0.168752
0.158524
0.148861
0.139938
0.131232
0.122593
0.114094
0.105877
0.0973181
0.0886947
0.0802267
0.0718692
0.0637961
0.0559838
0.0482448
0.0406916
0.033339
0.0257345
0.0182314
0.0106105
0.00276114
-0.00449733
-0.0119762
-0.0192682
-0.0263086
-0.0333133
-0.0402931
-0.0472627
-0.0539832
-0.0612662
-0.0687149
-0.0760157
-0.0829451
-0.0895686
-0.0964675
-0.103184
-0.109465
-0.115616
-0.121653
-0.127676
-0.133628
-0.139409
-0.145224
-0.151331
-0.157182
-0.163128
-0.168927
-0.174504
-0.17997
-0.185229
-0.190396
-0.195477
-0.200392
-0.205402
-0.21042
-0.215378
-0.220013
-0.22453
-0.228932
-0.233012
-0.236845
-0.240698
-0.24434
-0.248014
-0.251659
-0.255391
-0.259364
-0.263497
-0.267716
-0.272052
-0.276451
-0.280857
-0.285301
-0.28943
-0.293928
-0.298099
-0.302133
-0.306181
-0.310119
-0.313507
-0.316948
-0.320056
-0.32291
-0.325597
-0.328108
-0.3306
-0.33301
-0.335391
-0.337777
-0.340147
-0.342234
-0.344408
-0.346373
-0.348329
-0.350064
-0.351687
-0.353189
-0.354634
-0.355859
-0.357075
-0.35826
-0.359345
-0.360319
-0.361169
-0.361966
-0.362742
-0.363411
-0.3641
-0.364813
-0.365488
-0.366159
-0.366826
-0.367503
-0.368145
-0.368722
-0.369291
-0.369878
-0.370491
-0.37116
-0.371814
-0.37257
-0.373368
-0.374146
-0.374832
-0.375628
-0.376414
-0.377171
-0.377807
-0.378434
-0.379051
-0.37964
-0.380179
-0.380727
-0.381317
-0.381915
-0.382559
-0.383203
-0.383877
-0.384465
-0.385148
-0.385827
-0.386491
-0.387143
-0.387792
-0.388418
-0.389021
-0.389637
-0.390255
-0.390896
-0.391524
-0.392132
-0.392708
-0.393256
-0.393769
-0.394272
-0.394783
-0.395302
-0.395852
-0.396417
-0.397023
-0.397655
-0.398266
-0.398829
-0.399246
-0.399559
-0.399726
-0.399763
-0.400378
-0.400428
-0.400324
-0.400259
-0.400285
-0.400462
-0.400832
-0.401415
-0.402105
-0.402954
-0.40366
-0.404429
-0.404865
-0.40564
-0.406394
-0.407063
-0.407638
-0.408129
-0.408537
-0.408887
-0.409232
-0.409516
-0.409707
-0.409933
-0.410151
-0.410389
-0.410662
-0.410928
-0.411432
-0.411755
-0.411979
-0.412331
-0.412525
-0.4129
-0.413328
-0.413633
-0.413963
-0.414226
-0.414558
-0.414903
-0.415268
-0.415647
-0.416052
-0.416498
-0.416803
-0.417294
-0.41786
-0.418483
-0.419188
-0.420037
-0.420932
-0.421856
-0.422777
-0.423575
-0.424559
-0.425472
-0.426501
-0.427407
-0.428149
-0.429009
-0.429891
-0.430806
-0.431548
-0.43235
-0.43312
-0.433938
-0.434624
-0.43548
-0.436296
-0.437127
-0.437919
-0.438768
-0.43946
-0.440128
-0.440761
-0.441269
-0.441804
-0.442082
-0.442356
-0.442359
-0.442166
-0.441863
-0.442309
-0.441917
-0.441263
-0.440457
-0.439546
-0.43863
-0.437714
-0.436809
-0.435888
-0.434903
-0.433933
-0.43271
-0.431406
-0.430033
-0.428508
-0.426685
-0.424438
-0.421945
-0.419262
-0.416988
-0.414386
-0.411823
-0.408265
-0.405734
-0.402199
-0.398952
-0.396906
-0.394212
-0.392243
-0.390734
-0.390285
-0.389584
-0.389518
-0.389775
-0.389897
-0.389737
-0.390777
-0.391671
-0.392538
-0.393402
-0.394296
-0.395242
-0.3968
-0.398135
-0.400049
-0.402311
-0.404933
-0.407742
-0.411095
-0.413827
-0.416459
-0.419077
-0.422219
-0.425764
-0.429677
-0.434008
-0.439114
-0.444591
-0.450841
-0.457242
-0.463541
-0.469849
-0.475618
-0.480999
-0.485979
-0.4908
-0.495501
-0.499661
-0.504564
-0.509472
-0.513561
-0.516469
-0.51891
-0.521743
-0.524567
-0.526168
-0.526902
-0.526585
-0.523955
-0.521606
-0.518552
-0.51531
-0.512653
-0.508919
-0.505459
-0.502093
-0.498587
-0.495022
-0.490986
-0.486388
-0.481073
-0.475307
-0.468708
-0.46172
-0.454219
-0.446833
-0.439197
-0.431656
-0.42395
-0.416205
-0.408207
-0.39968
-0.390487
-0.38059
-0.370292
-0.360502
-0.350141
-0.339685
-0.329184
-0.319454
-0.309682
-0.300397
-0.291191
-0.282488
-0.274087
-0.265673
-0.257116
-0.248194
-0.239048
-0.229804
-0.220577
-0.211727
-0.202414
-0.193567
-0.184772
-0.176652
-0.168103
-0.159524
-0.150355
-0.14139
-0.132737
-0.12374
-0.114435
-0.105065
-0.0953129
-0.0851226
-0.0749341
-0.0633983
-0.0518504
-0.0396586
-0.0273496
-0.0159249
-0.00436851
0.00739567
0.019134
0.0306184
0.0418126
0.0532234
0.0652877
0.0780568
0.0913063
0.104542
0.118366
0.132337
0.145268
0.158767
0.172341
0.18589
0.199704
0.214006
0.228948
0.244239
0.259263
0.27433
0.288312
0.301363
0.313892
0.325396
0.336952
0.348747
0.361904
0.376635
0.393459
0.412374
0.432983
0.454379
0.461082
0.479258
0.499833
0.5182
0.534779
0.548759
0.561923
0.573979
0.588148
0.593003
0.604791
0.617315
0.629817
0.645591
0.656826
0.671817
0.686084
0.696298
0.707189
0.716863
0.72672
0.73637
0.74509
0.754013
0.763401
0.772788
0.782723
0.79307
0.80138
0.811229
0.822036
0.833364
0.844962
0.856393
0.867379
0.877351
0.88644
0.894606
0.901844
0.908289
0.914138
0.919738
0.925598
0.930558
0.935268
0.940127
0.946652
0.951947
0.958746
0.963976
0.969661
0.974921
0.980019
0.984451
0.988473
0.992043
0.994775
0.996765
0.998744
0.99964
0.999919
1
0.999836
0.999548
0.998384
0.996309
0.993602
0.989827
0.984861
0.980038
0.974401
0.9729
0.966848
0.960668
0.955299
0.949753
0.943489
0.935732
0.927002
0.917894
0.908378
0.899014
0.890016
0.881748
0.874628
0.867703
0.862969
0.858359
0.855704
0.849908
0.84346
0.834918
0.822491
0.808139
0.791298
0.771072
0.746168
0.716595
0.68119
0.640445
0.594585
0.547014
0.502265
0.45369
0.403055
0.349191
0.29756
0.246609
0.198126
0.145619
0.0963507
0.0484201
0.0053126
-0.041725
-0.088462
-0.13396
-0.178734
-0.222257
-0.266385
-0.309592
-0.348929
-0.386003
-0.418996
-0.449462
-0.47953
-0.503231
-0.52776
-0.548972
-0.565911
-0.581185
-0.593151
-0.601501
-0.606708
-0.608814
-0.608117
-0.604865
-0.599232
-0.591301
-0.581029
-0.569438
-0.555521
-0.539581
-0.522499
-0.504242
-0.484523
-0.46499
-0.445381
-0.42638
-0.408242
-0.391435
-0.375854
-0.361599
-0.348099
-0.33515
-0.32285
-0.311458
-0.300739
-0.290929
-0.282532
-0.27572
-0.270586
-0.266102
-0.262895
-0.260832
-0.259826
-0.259571
-0.259979
-0.260687
-0.261566
-0.262756
-0.264095
-0.265632
-0.267382
-0.26933
-0.271528
-0.27391
-0.276336
-0.278851
-0.281364
-0.284007
-0.286633
-0.289279
-0.292072
-0.294924
-0.297888
-0.300941
-0.30384
-0.306532
-0.309495
-0.312485
-0.315424
-0.318255
-0.320706
-0.323324
-0.325861
-0.328158
-0.330296
-0.332164
-0.333284
-0.333804
-0.333513
-0.332221
-0.329542
-0.326111
-0.321344
-0.315815
-0.308123
-0.298724
-0.288126
-0.276326
-0.262884
-0.247968
-0.232378
-0.216591
-0.199986
-0.18279
-0.165466
-0.147877
-0.130463
-0.112995
-0.0953808
-0.078197
-0.0615984
-0.045044
-0.029195
-0.0134935
0.00192556
0.0163027
0.0297199
0.0426155
0.0545052
0.0655984
0.0760341
0.0855462
0.0933519
0.101262
0.108551
0.114881
0.120418
0.124792
0.128251
0.130945
0.132889
0.134434
0.135411
0.135953
0.136117
0.135858
0.135151
0.134241
0.132955
0.13137
0.129589
0.127807
0.12599
0.124226
0.122532
0.120896
0.118934
0.117496
0.116125
0.114798
0.113671
0.112975
0.112988
0.113786
0.115443
0.118244
0.121577
0.125951
0.130906
0.136421
0.142387
0.147919
0.154025
0.160365
0.166837
0.173491
0.180238
0.18748
0.19332
0.1995
0.205209
0.210302
0.214437
0.217349
0.219183
0.219505
0.218116
0.215063
0.210889
0.206176
0.201069
0.195329
0.189262
0.183175
0.176468
0.169651
0.162373
0.154829
0.147876
0.140659
0.133779
0.126914
0.120255
0.114152
0.109019
0.103518
0.0981187
0.0928766
0.0873977
0.0824243
0.0764231
0.0701556
0.064237
0.0579789
0.0518394
0.0455404
0.039534
0.034087
0.0284752
0.0229468
0.0178027
0.0127177
0.00775267
0.00307963
-0.00124156
-0.00543105
-0.00940636
-0.0131301
-0.0165693
-0.0199892
-0.0232216
-0.026231
-0.0290028
-0.0315291
-0.0338114
-0.0358439
-0.037574
-0.0392821
-0.040955
-0.0423773
-0.0436749
-0.0448397
-0.0458831
-0.0464753
-0.0464726
-0.0459816
-0.0448671
-0.0427364
-0.0397924
-0.0360984
-0.0314911
-0.0261912
-0.0200459
-0.0141897
-0.00726964
-9.51347e-05
0.00686423
0.0139403
0.0210753
0.0278418
0.0346869
0.0412558
0.0477826
0.0540921
0.0600272
0.0654094
0.0700599
0.0746995
0.0790038
0.0827808
0.0861062
0.0892802
0.0921583
0.0948241
0.0974235
0.0997079
0.10195
0.104073
0.105975
0.107843
0.109481
0.111051
0.112435
0.113494
0.114522
0.115291
0.115842
0.11638
0.11679
0.117077
0.117182
0.11687
0.116595
0.115927
0.115417
0.114651
0.114039
0.113613
0.11317
0.112862
0.112603
0.112462
0.11238
0.11228
0.112145
0.111916
0.111608
0.111222
0.110854
0.110463
0.110274
0.110211
0.110264
0.110333
0.110407
0.110419
0.110304
0.110082
0.109785
0.109498
0.109319
0.109335
0.109598
0.11004
0.110641
0.111327
0.111957
0.112316
0.112408
0.112404
0.112107
0.111852
0.111912
0.112097
0.112684
0.113142
0.113618
0.113725
0.113357
0.112064
0.110443
0.106832
0.102153
0.0967091
0.090564
0.0834507
0.0761738
0.0678407
0.0595826
0.0518311
0.043351
0.0352219
0.0270969
0.0189913
0.0108936
0.00360996
-0.00505579
-0.0139236
-0.0232141
-0.0324399
-0.0418597
-0.0506738
-0.0595928
-0.0664241
-0.0747039
-0.0812439
-0.0889004
-0.0959993
-0.102721
-0.109025
-0.114109
-0.119353
-0.124326
-0.128915
-0.132378
-0.136195
-0.139405
-0.142737
-0.145718
-0.14834
-0.150634
-0.152228
-0.153924
-0.155357
-0.156472
-0.157527
-0.15849
-0.159213
-0.159786
-0.160007
-0.159993
-0.159595
-0.158778
-0.157562
-0.156121
-0.154587
-0.152954
-0.151131
-0.149262
-0.147412
-0.145679
-0.143699
-0.1417
-0.139519
-0.137274
-0.135111
-0.133252
-0.131772
-0.130628
-0.130272
-0.13083
-0.132145
-0.134737
-0.138192
-0.141695
-0.146485
-0.151749
-0.157639
-0.163793
-0.170503
-0.177151
-0.184426
-0.192068
-0.200044
-0.208259
-0.216778
-0.225567
-0.234293
-0.242898
-0.251749
-0.260447
-0.268885
-0.277182
-0.285386
-0.293439
-0.301113
-0.308801
-0.316321
-0.323352
-0.330279
-0.337089
-0.344095
-0.35098
-0.358237
-0.36572
-0.373213
-0.380332
-0.386306
-0.391037
-0.395396
-0.397965
-0.398859
-0.397703
-0.395164
-0.389867
-0.382765
-0.374123
-0.3647
-0.353929
-0.341954
-0.329918
-0.316449
-0.302444
-0.286765
-0.270253
-0.254316
-0.237668
-0.221227
-0.204339
-0.187401
-0.171433
-0.155503
-0.139277
-0.123541
-0.108383
-0.0939948
-0.079896
-0.0671097
-0.0558234
-0.0443859
-0.0341138
-0.0250065
-0.0170438
-0.0103316
-0.00469493
-3.40022e-05
0.00376104
0.00659003
0.00851508
0.00950843
0.00954243
0.00853598
0.00665672
0.00401712
0.000212103
-0.00449211
-0.0098362
-0.0157924
-0.0219015
-0.0294778
-0.0378978
-0.0464134
-0.0547051
-0.0629432
-0.070039
-0.075919
-0.0798378
-0.08157
-0.0806275
-0.07716
-0.0720285
-0.0655571
-0.0563721
-0.045583
-0.0336413
-0.0216228
-0.0102518
0.000262888
0.00972387
0.018241
0.0252668
0.0317831
0.0378836
0.0433056
0.0496457
0.0566141
0.0640305
0.0701699
0.0750852
0.0806153
0.0870897
0.0938021
0.100108
0.105989
0.110884
0.114705
0.11764
0.119489
0.119876
0.119016
0.116742
0.113688
0.110459
0.106529
0.101841
0.0965746
0.0907611
0.0842728
0.0770356
0.0689856
0.0604903
0.050996
0.0405984
0.0307421
0.0205666
0.0107904
0.000334564
-0.00960067
-0.019145
-0.0282368
-0.0368151
-0.0449623
-0.0526972
-0.0600588
-0.0672845
-0.0736575
-0.0792587
-0.0837783
-0.0869554
-0.0890874
-0.0901351
-0.0901581
-0.0890647
-0.0870968
-0.0843949
-0.0809624
-0.0767523
-0.0720171
-0.0661548
-0.0595946
-0.0524017
-0.045058
-0.0379689
-0.0308395
-0.0242607
-0.0183901
-0.0129116
-0.00759178
-0.00144792
0.00681939
0.0142459
0.0229127
0.0322087
0.0416718
0.0515637
0.0616243
0.0706398
0.0786684
0.0869452
0.0928797
0.0971184
0.1
0.101964
0.106358
0.109017
0.112733
0.11651
0.123418
0.12947
0.137302
0.14847
0.158433
0.169042
0.181251
0.194549
0.20876
0.224009
0.244454
0.260665
0.277423
0.293135
0.312603
0.325322
0.34102
0.354065
0.365569
0.37642
0.386679
0.397137
0.408524
0.420432
0.433329
0.44748
0.462108
0.476761
0.490559
0.504428
0.513696
0.521629
0.527624
0.532913
0.536112
0.537645
0.537322
0.535966
0.534506
0.532418
0.530202
0.527321
0.523335
0.518928
0.513613
0.505407
0.495468
0.483682
0.471699
0.458343
0.442908
0.426216
0.405698
0.386499
0.365914
0.343331
0.319342
0.293879
0.267194
0.240021
0.213352
0.1871
0.160616
0.134316
0.108978
0.085112
0.0624759
0.0412929
0.0210016
0.00202193
-0.0160181
-0.0330375
-0.0489946
-0.0635027
-0.0766241
-0.0884236
-0.098828
-0.107591
-0.115466
-0.122219
-0.128036
-0.132956
-0.136983
-0.140198
-0.142563
-0.144185
-0.144993
-0.145585
-0.145258
-0.144472
-0.143354
-0.141859
-0.139926
-0.137617
-0.135536
-0.133348
-0.130457
-0.127044
-0.123163
-0.118897
-0.114276
-0.109387
-0.104353
-0.0993537
-0.0945213
-0.0899924
-0.0855261
-0.0812438
-0.0766486
-0.0719324
-0.0670264
-0.0619157
-0.0568343
-0.0515046
-0.0470721
-0.0431945
-0.0400413
-0.0375415
-0.0357542
-0.0348398
-0.0339823
-0.0342715
-0.0350902
-0.0362594
-0.037456
-0.0386813
-0.0397311
-0.0408339
-0.041855
-0.0429911
-0.044338
-0.0460308
-0.0479071
-0.0500862
-0.0523822
-0.054701
-0.0569873
-0.0591638
-0.0611661
-0.063212
-0.0655729
-0.0681335
-0.070826
-0.0735589
-0.0765169
-0.0798484
-0.0827092
-0.0853935
-0.0875717
-0.0892781
-0.0908508
-0.0911845
-0.0908229
-0.089584
-0.0875879
-0.0848148
-0.0812381
-0.0770125
-0.0723411
-0.0674111
-0.0628557
-0.0580915
-0.053697
-0.0490788
-0.0442997
-0.0393959
-0.0341009
-0.0283547
-0.0220471
-0.0155317
-0.0082801
-0.000331053
0.00792082
0.015822
0.0238121
0.032134
0.0404265
0.0488022
0.0572745
0.0660096
0.0748551
0.0836644
0.0926072
0.101044
0.109258
0.117008
0.124329
0.131147
0.137639
0.144196
0.150993
0.158169
0.165209
0.172264
0.178641
0.184889
0.190404
0.194065
0.197568
0.200103
0.202288
0.204051
0.205016
0.202777
0.199211
0.196139
0.18938
0.181194
0.170931
0.158684
0.143063
0.125368
0.105078
0.082734
0.0590447
0.0345273
0.00930631
-0.0162536
-0.0409639
-0.0658902
-0.0903403
-0.11486
-0.13898
-0.163392
-0.187755
-0.211286
-0.23433
-0.25693
-0.278447
-0.298789
-0.317783
-0.335359
-0.352246
-0.368044
-0.383061
-0.39692
-0.4095
-0.421645
-0.433391
-0.444037
-0.453875
-0.463127
-0.471727
-0.479935
-0.487493
-0.494198
-0.500343
-0.505617
-0.509781
-0.513235
-0.515338
-0.516266
-0.51596
-0.514742
-0.512704
0
0
0
0
0
0
0
0
0
0
0
0
0
0
0
0
0
0
0
0
0
0
0
0
0
0
0
0
0
0
0
0
0
0
0
0
0
0
0
0
0
0
0
0
0
0
0
0
0
0
0
0
0
0
0
0
0
0
0
0
0
0
0
0
0
0
0
0
0
0
0
0
0
0
0
0
0
0
0
0
0
0
0
0
0
0
0
0
0
0
0
0
0
0
0
0
0
0
0
0
0
0
0
0
0
0
0
0
0
0
0
0
0
0
0
0
0
0
0
0
0
0
0
0
0
0
0
0
0
0
0
0
0
0
0
0
0
0
0
0
0
0
0
0
0
0
0
0
0
0
0
0
0
0
0
0
0
0
0
0
0
0
0
0
0
0
0
0
0
0
0
0
0
0
0
0
0
0
0
0
0
0
0
0
0
0
0
0
0
0
0
0
0
0
0
0
0
0
0
0
0
0
0
0
0
0
0
0
0
0
0
0
0
0
0
0
0
0
0
0
0
0
0
0
0
0
0
0
0
0
0
0
0
0
0
0
0
0
0
0
0
0
0
0
0
0
0
0
0
0
0
0
0
0
0
0
0
0
0
0
0
0
0
0
0
0
0
0
0
0
0
0
0
0
0
0
0
0
0
0
0
0
0
0
0
0
0
0
0
0
0
0
0
0
0
0
0
0
0
0
0
0
0
0
0
0
0
0
0
0
0
0
0
0
0
0
0
0
0
0