
0
-139.249
152.25
3.50187
-264.429
504.902
-597.17
506.585
-284.506
62.4819
56.2985
-31.745
-58.6529
107.116
-14.0468
-192.694
437.388
-577.823
536.612
-315.208
61.991
106.167
-83.0983
-97.1336
340.772
-468.841
425.722
-212.213
-23.3675
163.945
-94.5505
-101.992
303.304
-328.615
170.113
140.322
-417.399
537.569
-374.502
37.0782
327.236
-488.33
415.516
-121.717
-193.069
401.508
-344.349
111.765
186.132
-335.07
303.59
-68.2528
-169.419
303.419
-209.263
-6.95275
271.766
-380.856
314.313
-57.8333
-197.741
381.357
-353.498
172.251
110.243
-270.426
284.568
-144.58
-8.74669
152.365
-150.033
54.727
86.0632
-115.215
63.9353
85.6683
-214.201
286.227
-187.171
23.2307
141.302
-172.39
109.79
50.5376
-169.925
237.952
-180.498
87.9729
30.3303
-61.0258
43.592
59.394
-130.247
155.486
-62.0038
-33.9626
131.636
-124.21
55.1172
93.3424
-185.617
230.133
-149.479
42.4842
85.1096
-100.458
59.0976
57.3553
-111.654
129.551
-62.2156
20.2961
29.0134
7.0734
-41.4906
100.565
-91.3753
88.6136
-37.8494
26.7254
11.3258
1.8718
0.850482
55.3665
-69.8079
87.6326
-48.8964
56.2818
-32.2945
40.8004
-10.5519
24.5673
-7.05635
34.6506
-13.121
14.3242
7.99419
35.3055
-29.8023
38.2731
-4.66573
29.7608
-20.9989
36.6585
-2.91645
11.0191
12.0179
21.9224
-17.958
42.9602
-20.5206
32.2768
3.35743
11.7096
4.02316
23.1723
-14.1842
45.6674
-13.7222
9.06081
24.7841
-1.43472
15.0734
19.3183
-20.8498
57.7206
-25.8985
15.5559
37.255
-22.5838
12.9929
52.7149
-44.3063
35.3373
25.0522
-15.1022
16.9377
31.3898
-17.4261
24.8114
9.23717
10.0451
8.86458
23.2366
-13.9813
34.0613
0.849927
10.4082
13.4776
17.5813
-14.4737
43.3645
-12.2928
22.5186
7.89341
9.66671
1.83736
32.2964
-9.24099
22.3917
2.6261
22.4512
-6.24
22.8066
18.0215
-3.25854
4.47886
39.1834
-25.2031
42.1052
-1.28622
-2.41608
29.3451
12.5157
-19.4578
53.7258
-16.4407
8.53714
24.8591
7.20783
-1.24277
29.2418
-8.8821
33.0564
-13.0846
21.3143
17.4082
-1.42111
12.1762
25.031
-16.6554
41.7858
-12.8951
15.4325
19.8544
3.35554
2.11576
31.8443
-16.0017
34.1117
-2.00942
3.83023
26.9283
-2.4678
8.64393
32.998
-29.8
40.7857
10.2089
-8.48048
22.5119
11.259
-3.69918
33.6849
-16.3124
24.4982
13.471
-0.427989
8.87037
22.4301
-6.82992
27.4728
-4.52507
14.6082
6.87301
17.4702
4.00674
4.50284
18.761
11.5554
-16.4915
46.7487
-12.0242
4.15389
25.3185
-0.646253
4.1819
31.0979
-23.0391
35.5545
1.53369
-5.48672
30.5641
6.07339
-17.4829
46.8049
-16.6959
13.5743
16.87
-0.848433
8.38333
19.827
-6.99345
25.3882
-8.95478
20.7287
5.06264
6.80734
6.3743
17.9539
-7.26347
24.6495
-6.70599
20.6711
4.68968
-4.95993
22.6596
16.35
-24.0014
38.9364
-3.56145
-0.510769
25.0928
-2.88433
-2.62828
36.0381
-19.3193
17.5646
14.7456
-7.29035
12.3222
24.3002
-21.0223
24.2085
7.91
2.01675
3.15973
19.9913
-3.05945
7.56494
9.50284
12.6271
-8.29878
22.245
-0.635158
7.31949
6.84665
8.50566
1.42156
18.9406
-11.7722
18.7882
9.04792
-2.00641
5.00894
18.8212
-8.21878
18.616
-1.25966
5.8243
10.9761
4.47552
-0.888581
19.4784
-8.23781
14.9767
5.27131
-0.479546
10.5483
10.5967
-10.0655
27.2538
-12.0953
8.04163
19.7304
-8.39445
0.505087
28.8535
-21.3859
20.0573
8.12377
-7.8711
14.0249
11.0555
-13.6119
24.0202
-4.643
6.37668
6.84072
4.2891
1.21378
12.6836
-4.73454
14.5405
-4.78849
12.7237
-0.527943
4.92265
7.65061
4.80679
-5.71334
22.1289
-11.8071
9.88504
11.8271
-6.38854
3.37882
18.5577
-14.3068
17.4922
0.844802
-1.99702
8.08828
9.41292
-6.20144
12.3599
-4.90924
12.8801
-3.07112
6.57121
5.09791
0.331468
2.43464
12.4392
-9.96838
14.9467
-2.61379
3.8636
6.05146
0.208824
2.26887
11.8846
-11.467
16.8543
-3.8916
1.39397
9.41866
-0.851377
-0.570267
16.1867
-17.9879
19.6702
0.769393
-8.10463
14.4212
1.61888
-12.1288
25.1861
-13.6223
4.68248
11.705
-7.36123
1.20301
16.3706
-15.7817
15.7303
-2.1272
-0.826457
7.36263
0.145484
-3.04532
15.1436
-13.9313
11.9428
0.948822
-0.989462
4.8166
2.28471
-5.33648
15.1316
-11.5858
8.68498
4.08117
-5.74991
5.13583
8.5625
-14.0895
17.5671
-7.84077
1.56075
8.10666
-5.14197
-2.10324
17.8772
-17.2059
8.9477
6.08707
-6.50457
1.91117
9.49913
-12.5167
14.1127
-3.6066
-3.15449
4.96445
4.08287
-7.4139
9.63498
-5.42288
3.50959
0.0628018
4.39387
-5.98843
6.6229
-1.22636
1.3298
-3.29125
9.63443
-8.98294
3.80646
4.13194
-2.37299
-2.94297
9.6974
-10.7803
9.79206
-3.64012
-2.81189
6.09326
1.54472
-11.1294
15.0041
-8.4823
0.235823
3.95108
-1.57463
-3.45355
9.61887
-11.3469
6.84334
-0.239294
-1.32353
-2.09033
4.67144
-5.37071
6.29873
-6.46321
2.66776
0.476115
0.354357
-5.85144
9.47817
-8.34644
1.09814
2.51846
-0.0629652
-7.63071
11.0649
-8.91199
0.904698
2.80656
-2.06498
-4.47482
8.42977
-10.4062
5.76671
-1.71052
-2.52081
-0.559288
4.599
-9.00163
6.00774
-4.74815
1.54497
-2.01449
1.36253
-4.67752
4.61392
-5.80105
1.28489
-2.81273
4.91418
-8.28358
2.37958
0.00766797
-1.91678
-3.6416
5.72374
-8.64889
4.48758
-4.91919
-0.203193
1.67992
-1.48526
-8.41547
10.3333
-10.1248
1.88771
1.17954
-5.19756
-1.47356
4.98916
-10.8662
8.10042
-7.64891
-0.738386
3.28226
-5.19582
-4.82545
9.99271
-13.6597
3.63097
0.632971
-4.72032
-0.435751
1.16448
-9.3868
9.0079
-9.78764
1.5956
0.323499
-6.21876
-0.501965
5.16277
-13.876
8.58395
-4.05268
-6.64115
3.01442
1.05342
-11.8397
8.94863
-6.73784
-1.54344
-2.65626
0.522897
-3.57108
0.0789476
-6.89332
5.68449
-8.29674
1.45997
-2.72714
-1.97298
-3.7582
3.04537
-8.18743
3.29239
-5.50258
-0.43905
-2.20575
-1.0594
-5.04831
2.45792
-7.32557
2.687
-5.50902
1.0747
-4.92943
-0.914342
-2.08935
-0.500406
-8.31096
6.68898
-7.05092
-3.52739
-0.556893
1.08479
-7.68342
1.39802
-5.56011
3.39579
-7.79246
-0.963453
0.0220323
-3.30714
-6.36604
5.41335
-9.52658
2.11876
-3.96227
-2.64782
-2.21553
-0.0914628
-7.90023
4.67262
-7.65302
-1.26698
-1.2444
-2.17095
-5.95654
2.56273
-6.62828
0.925478
-6.15647
0.311359
-3.84408
-0.574261
-5.95503
-0.303039
-3.25322
0.636902
-9.83485
4.5543
-4.85883
-4.70022
-1.50889
1.18169
-9.66683
3.91334
-7.53218
-0.155556
-1.21419
-5.87664
-3.41581
4.90325
-13.6431
4.25593
-1.77271
-6.99754
-2.38435
2.35093
-9.56366
2.92292
-6.2072
-1.38103
-3.3293
-2.31891
-3.83529
0.985142
-10.4655
4.67544
-4.78235
-5.4329
-1.48635
0.0940747
-8.0166
1.34638
-5.51539
0.196814
-6.56239
-0.669184
-2.84952
-2.73833
-6.02284
3.48041
-10.0901
1.0893
-2.454
-4.96218
-2.46081
-0.930417
-8.31224
5.5905
-10.5848
-0.879921
1.19029
-8.60101
-3.43188
6.65981
-15.474
2.55069
0.830805
-9.39399
-1.49275
2.18731
-12.7286
5.97011
-5.95449
-6.1218
-0.0891325
-0.660618
-9.39526
2.45605
-5.54547
-2.47154
-4.19235
0.431659
-7.21032
-1.25379
-3.51179
-0.771532
-8.64181
2.94466
-5.61795
-4.40446
-2.27056
0.000282376
-9.09261
2.29748
-5.71164
-2.90102
-3.6503
0.0574477
-8.5658
2.06179
-5.54682
-3.2524
-3.1287
-1.1908
-7.58741
2.10432
-6.20179
-2.60814
-4.08766
-0.464017
-6.3259
-0.22328
-6.18444
0.158198
-6.67515
-0.573255
-3.77131
-3.10167
-5.3679
0.779928
-7.38377
1.0821
-7.19883
-1.57486
-2.19287
-4.14108
-5.83933
3.54721
-9.98262
-1.58796
-0.00287245
-5.18661
-7.10463
4.03622
-8.21349
-2.57193
-2.97199
-0.994991
-7.58299
0.439096
-4.31856
-3.99916
-4.41298
1.63935
-9.22866
0.203507
-3.38983
-4.86829
-3.40862
0.645394
-9.9544
2.65777
-5.36579
-5.28697
-0.590297
-2.94195
-7.92463
4.21324
-10.3472
-0.963337
-0.831774
-6.04561
-4.62583
2.49454
-11.0442
1.73059
-3.49603
-6.08927
-1.93189
-0.655582
-9.27702
2.84043
-7.4706
-2.53733
-1.90416
-3.59042
-6.31751
1.23579
-7.5853
-0.307137
-4.82738
-3.2931
-4.30804
-0.297906
-7.25077
-0.276459
-5.88159
-0.750913
-6.30571
-1.19063
-3.92956
-3.38886
-5.12621
1.00101
-8.39519
-0.625558
-3.56605
-3.39374
-5.40642
-0.015637
-6.91566
-0.27906
-5.77683
-2.1551
-4.05462
-2.57123
-6.01168
1.25695
-7.59193
-2.19937
-3.02771
-2.34216
-7.4378
1.68987
-6.08907
-4.22976
-2.61547
-1.16938
-7.96787
0.133975
-4.78364
-2.90443
-5.55915
0.00217375
-6.22579
-1.95943
-4.85809
-1.46767
-6.5084
0.136529
-5.67491
-3.71429
-3.20177
-1.05465
-8.73634
1.76419
-5.74108
-4.40553
-2.3974
-1.90577
-7.83307
1.08139
-6.27666
-3.03651
-3.03583
-2.64506
-6.66811
0.691078
-7.05317
-1.86271
-3.76223
-2.29016
-6.98782
0.0993709
-5.29644
-3.26652
-3.73011
-2.01173
-7.46074
1.74551
-6.80691
-4.22328
-1.51587
-2.64355
-8.23109
2.16762
-6.85744
-3.59619
-2.44915
-2.93428
-6.11355
0.155841
-8.0281
0.179503
-4.80057
-3.94181
-3.85551
-1.61795
-6.79713
0.289488
-6.9614
-1.84543
-3.61544
-3.81196
-4.58091
-0.477304
-8.03214
0.332758
-5.81907
-3.11254
-3.01279
-3.29701
-5.78133
-0.39783
-7.3529
0.451739
-6.26556
-3.64012
-2.08964
-3.8148
-6.63227
2.5404
-9.88464
-1.87818
-0.576729
-6.79345
-4.51911
1.49293
-9.71922
-0.096441
-4.07876
-3.95526
-4.48024
-2.42064
-5.03102
-0.901563
-8.12632
0.29329
-5.09946
-4.32
-3.45399
-2.46518
-5.98347
-0.250845
-8.16144
0.0948547
-5.16575
-4.65863
-1.68954
-3.73585
-8.18241
3.00565
-8.03363
-3.26852
-1.69941
-5.58906
-5.24243
1.92185
-9.68581
-1.58213
-2.91904
-3.64408
-5.6728
-1.76843
-5.23657
-1.55481
-6.86297
-0.575033
-5.63838
-3.62013
-3.3155
-3.05941
-6.51601
0.642971
-7.63331
-2.37739
-3.05692
-4.72624
-4.59552
0.0121004
-9.37083
0.0561709
-3.88549
-5.45733
-3.29978
-1.68303
-8.52772
1.26187
-5.60364
-5.09071
-3.21268
-1.55573
-7.13633
-1.20482
-5.72424
-2.19198
-5.33015
-2.56269
-4.86975
-2.2591
-6.24441
-1.15953
-5.9624
-2.41432
-5.12602
-2.07989
-5.84657
-1.96917
-5.59033
-1.82375
-5.99222
-2.37218
-4.73636
-2.60172
-6.10277
-1.46093
-5.46655
-2.62259
-5.56936
-1.92039
-5.62071
-2.4654
-5.45485
-1.67534
-6.11256
-2.34439
-5.01335
-2.65223
-5.60628
-1.23053
-7.01932
-1.9153
-4.3643
-3.93493
-4.88642
-1.22381
-7.50257
-0.941525
-5.33548
-4.15551
-3.21148
-3.18763
-7.39123
0.979685
-7.51663
-3.33425
-2.64082
-4.63705
-5.79989
-0.118103
-7.74529
-1.68639
-4.99765
-3.62607
-4.08547
-3.13804
-6.35535
-0.59872
-7.07425
-2.30887
-3.86095
-4.88598
-4.63118
-0.840691
-7.8503
-1.749
-4.33101
-4.22177
-5.27409
-0.895813
-6.93923
-3.3771
-3.7347
-2.16835
-7.95671
-1.31843
-3.95534
-5.21848
-4.27295
-1.06641
-8.76322
-0.441999
-4.41532
-5.98887
-3.00127
-1.98955
-8.68945
0.39994
-5.77319
-5.17209
-2.75113
-3.31497
-7.17489
0.274985
-7.8666
-2.65206
-3.23704
-5.11967
-5.05505
-0.550816
-8.45247
-1.5708
-4.13386
-4.73612
-4.69228
-1.91556
-7.08459
-1.869
-5.12165
-3.01534
-5.98711
-2.39019
-4.87645
-3.40573
-6.07662
-1.43809
-6.27957
-2.74808
-4.99735
-3.03885
-6.08007
-1.99793
-5.20836
-3.61089
-5.65607
-1.5621
-6.36473
-3.04378
-4.27828
-3.90177
-5.77904
-1.16173
-7.11889
-2.51446
-4.4812
-4.28398
-4.79093
-1.97868
-7.46183
-1.11413
-5.87058
-4.31298
-3.13171
-3.70223
-7.70154
0.895997
-7.35138
-4.8405
-1.20379
-5.2892
-7.65378
1.71991
-8.17733
-4.12621
-1.79046
-5.86357
-5.95465
0.984099
-9.37963
-2.38924
-2.5897
-6.0806
-4.70258
-1.13156
-8.08128
-1.35887
-5.41346
-3.99979
-4.0415
-3.95555
-5.71374
-1.63115
-6.98928
-2.08809
-4.97544
-4.38788
-4.50969
-2.74426
-6.17439
-2.5338
-6.08791
-1.85486
-6.42554
-3.1547
-4.03164
-4.61234
-5.28936
-1.09671
-8.12101
-1.85836
-4.36743
-5.16328
-3.88954
-2.80281
-7.40287
-0.912714
-6.35802
-3.69084
-3.73514
-4.87936
-4.78784
-1.60782
-8.44676
-0.702045
-5.07111
-6.05106
-2.5287
-2.89455
-8.78228
0.333041
-5.99985
-5.39794
-2.67562
-3.97911
-6.71141
-0.935722
-7.04801
-2.89605
-4.49152
-4.35064
-4.49777
-3.06
-6.69524
-1.30733
-6.31621
-3.9051
-4.24906
-3.30324
-5.84741
-2.75929
-5.79598
-2.22916
-6.55756
-2.66602
-4.72935
-4.7068
-3.75836
-3.42247
-7.51039
0.121389
-6.82101
-4.95924
-2.08795
-5.28075
-5.90941
-0.164401
-8.95245
-1.38936
-3.88316
-6.8963
-2.42669
-2.79883
-8.96777
1.00997
-6.97623
-5.12873
-1.61857
-5.42676
-6.22524
-0.229332
-8.02024
-2.45724
-3.81166
-5.36211
-4.35856
-2.3211
-7.10529
-1.74599
-5.57256
-3.83435
-4.7987
-3.09927
-5.66739
-2.82572
-5.68029
-2.89667
-5.33917
-3.08976
-5.58983
-2.88395
-5.155
-3.60906
-5.40676
-2.30525
-5.84998
-3.4734
-4.88666
-3.09331
-5.70481
-2.68733
-5.78311
-3.06138
-4.83825
-3.61072
-5.6424
-1.74721
-6.68571
-3.22583
-3.89947
-4.44443
-5.40725
-1.61036
-6.80262
-2.69683
-4.8029
-4.38123
-3.9063
-3.54389
-6.64973
-0.915358
-6.68018
-3.71297
-3.16814
-4.83496
-5.73247
-1.0592
-7.03733
-2.76725
-4.25259
-4.75883
-4.35864
-2.35992
-7.37006
-1.45832
-5.04878
-5.11507
-3.31534
-3.01582
-7.58929
-0.951983
-5.05553
-5.21358
-3.29053
-3.25243
-7.28584
-0.709905
-5.80638
-4.57389
-3.29966
-3.6036
-6.76909
-1.12566
-5.6983
-4.43567
-3.31849
-3.71086
-6.98617
-0.507882
-5.52543
-5.5303
-2.93871
-2.73937
-7.61622
-0.830255
-5.49005
-4.93315
-2.64832
-4.09908
-6.84763
0.0961596
-7.38254
-3.44101
-2.73507
-5.58453
-4.80634
-0.929705
-7.96458
-1.74298
-4.34363
-5.21275
-3.31636
-3.28006
-6.68086
-1.23564
-5.95176
-3.19692
-4.5733
-3.94826
-4.0113
-3.76057
-6.04405
-0.883327
-6.44079
-3.71865
-3.41063
-4.22714
-5.16068
-1.92639
-6.38363
-2.4055
-4.98076
-3.83783
-3.92708
-3.75324
-5.5758
-1.79074
-5.86556
-3.02759
-4.92871
-3.14955
-4.63933
-3.7407
-4.96599
-1.94788
-6.54732
-2.2751
-4.47192
-4.78202
-3.46514
-2.88676
-7.21232
-0.293587
-5.88103
-5.08171
-1.78837
-4.45692
-6.56231
0.271442
-7.25119
-3.82615
-1.92589
-5.61657
-5.01767
-0.280672
-8.03087
-2.32682
-3.09895
-5.20173
-4.2329
-2.04073
-6.49035
-2.03911
-4.90655
-3.43344
-4.68173
-2.92237
-5.25009
-2.93003
-4.46804
-3.05117
-5.84966
-1.75619
-5.18639
-3.97205
-3.51296
-3.62811
-5.51726
-1.2128
-6.55582
-2.46502
-3.9617
-4.7884
-3.48547
-2.69513
-6.85689
-0.89803
-5.09768
-4.4868
-3.05947
-3.5112
-5.60076
-1.91036
-5.66976
-2.31207
-4.92558
-3.87855
-3.20736
-3.77328
-5.78204
-1.06409
-5.89051
-3.43439
-3.4956
-3.51067
-5.00653
-2.44139
-5.51554
-2.06536
-4.99823
-3.5774
-3.59425
-3.67467
-5.07409
-1.66924
-5.74328
-3.08197
-3.76841
-3.45103
-4.93615
-2.278
-5.02699
-2.7571
-4.95528
-2.89379
-3.85076
-3.93299
-4.67213
-1.50862
-6.21332
-2.49587
-3.73901
-4.21317
-4.00445
-2.38576
-5.83987
-1.62826
-5.09613
-3.94164
-2.62928
-3.74187
-5.7197
-0.638169
-6.08538
-3.35595
-2.79175
-3.98328
-5.34851
-1.07589
-5.46539
-3.37359
-3.17145
-3.92542
-4.90702
-1.03163
-6.08616
-2.91248
-3.06277
-4.18914
-4.43548
-1.60022
-5.93108
-2.41782
-3.64924
-4.30336
-3.5663
-2.21573
-5.96137
-1.73895
-4.42644
-3.40295
-4.27697
-2.42783
-4.50383
-3.33103
-3.85989
-2.52865
-5.58123
-1.72346
-4.47962
-4.01166
-2.67635
-3.42269
-5.75291
-0.0220326
-6.26871
-3.5446
-1.41626
-5.39798
-4.04433
-0.527728
-7.45007
-1.15347
-3.4011
-5.11385
-2.53089
-2.84046
-5.92806
-0.691929
-5.31204
-3.34295
-2.73793
-3.95268
-3.96133
-2.24345
-5.18308
-1.70016
-5.0476
-2.7912
-3.19024
-3.78436
-4.25733
-1.80018
-4.99974
-2.58544
-4.00835
-2.73007
-4.30375
-2.70188
-4.22596
-2.40636
-4.47597
-2.56918
-4.25937
-2.51198
-4.21397
-2.99448
-3.52885
-3.06967
-4.72368
-1.3254
-5.02328
-3.13489
-2.85068
-3.41934
-4.60324
-1.33395
-5.19311
-2.68365
-2.88339
-3.98389
-3.82341
-1.63327
-5.76506
-1.38203
-3.77356
-4.47876
-2.20753
-2.5942
-5.90344
-0.823848
-4.40449
-3.74703
-2.35083
-3.5239
-4.50481
-0.980023
-5.74918
-1.77675
-3.2524
-4.21344
-2.92856
-2.40977
-5.01882
-1.33132
-4.66765
-2.61447
-3.28926
-3.60953
-3.37438
-2.02574
-5.07969
-1.65005
-4.19289
-2.94154
-3.05017
-3.24996
-3.89693
-1.99776
-4.42998
-1.99139
-4.63184
-2.15052
-3.42212
-3.32413
-3.418
-2.39129
-4.59235
-1.4573
-4.43444
-3.02215
-2.73228
-3.31944
-3.99841
-1.36736
-5.18591
-1.86699
-3.23722
-3.6938
-3.09555
-2.17646
-4.94452
-1.34609
-3.98348
-3.3032
-2.97811
-2.37573
-4.78424
-1.27769
-4.20235
-3.00243
-2.71129
-3.09233
-4.29309
-1.11597
-4.60499
-2.7596
-2.68986
-3.09725
-3.94559
-1.40547
-4.82708
-1.95649
-3.48632
-2.91155
-3.39599
-2.46825
-3.76842
-2.12631
-4.10574
-1.80023
-4.37008
-2.33001
-2.7885
-3.51495
-3.22443
-1.53064
-5.34259
-1.19429
-3.23373
-4.17507
-1.78401
-2.76319
-5.05368
0.0211538
-5.16223
-2.95786
-1.411
-4.05086
-3.962
-0.402378
-5.30575
-1.98163
-2.55217
-3.95983
-2.84408
-1.60486
-4.90143
-1.38392
-3.57753
-3.04361
-2.73742
-2.56564
-4.0311
-1.50499
-4.20246
-2.21428
-2.89229
-3.00585
-3.47153
-1.60858
-4.4074
-1.63752
-3.62932
-2.751
-2.68217
-2.80887
-3.77713
-1.2708
-4.2759
-2.1939
-3.0112
-2.9592
-2.75883
-2.31293
-4.44208
-0.90362
-3.99827
-2.8254
-2.26093
-2.94062
-3.80575
-1.14984
-4.18389
-2.03318
-3.38199
-2.22189
-3.22674
-2.70173
-2.82575
-1.96555
-4.59194
-1.18638
-3.10404
-3.44735
-2.18684
-2.28655
-4.43951
-0.745473
-3.99369
-2.68846
-2.20406
-3.03628
-3.42076
-0.939373
-4.49374
-2.23416
-2.18643
-3.18535
-3.33039
-0.925157
-4.69804
-1.86299
-2.13871
-3.55562
-2.8876
-1.33863
-4.49198
-1.40963
-2.88324
-3.18409
-2.42208
-1.91524
-4.34364
-1.0233
-3.54521
-2.68374
-2.47759
-2.18426
-3.79939
-1.88923
-2.77045
-2.44338
-3.59487
-1.2596
-3.70243
-2.39431
-2.34472
-2.80877
-3.105
-1.37859
-4.13437
-1.62298
-2.88867
-2.78127
-2.31237
-2.50562
-3.81163
-0.585652
-4.459
-1.69676
-2.32077
-3.52681
-2.05287
-1.78158
-4.54627
-0.510756
-3.74115
-2.56431
-1.78799
-3.03824
-3.13006
-1.07485
-4.40533
-0.967654
-2.97313
-3.25537
-1.71412
-2.29451
-3.95024
-0.754586
-3.81443
-1.84009
-2.51194
-2.76591
-2.69498
-1.67634
-3.51094
-1.65465
-3.15524
-1.98221
-2.60999
-2.64521
-2.65086
-1.6096
-3.84393
-1.05656
-3.28432
-2.59615
-1.69788
-2.63288
-3.69474
-0.168862
-4.2132
-2.25398
-1.24621
-3.44678
-3.10011
-0.165679
-4.8786
-1.13451
-1.93101
-3.98536
-1.43112
-1.56796
-4.72911
0.151332
-3.52417
-3.15599
-0.719419
-3.09695
-3.83005
0.276629
-4.24743
-2.29164
-1.5374
-2.62655
-2.95265
-1.49689
-3.20353
-1.53604
-3.05164
-1.81548
-2.73963
-1.78161
-2.82497
-2.21463
-2.30279
-1.81448
-3.54065
-0.84303
-3.2284
-2.4942
-1.59963
-2.41358
-3.21648
-0.564394
-3.94973
-1.70062
-1.7899
-2.75763
-2.58818
-1.34427
-3.3896
-1.16318
-2.8662
-2.37989
-1.99672
-1.92808
-3.25439
-1.13845
-2.78664
-2.23359
-2.07314
-1.97088
-3.15735
-0.967658
-3.08454
-2.03766
-1.82269
-2.62844
-2.51782
-0.742794
-4.15126
-0.9958
-2.01844
-3.29335
-1.31595
-1.57324
-4.23609
0.0341165
-3.0485
-2.92082
-1.0371
-2.31907
-3.05662
-0.707006
-3.45262
-1.54187
-2.15874
-2.04284
-2.45432
-1.90051
-2.44725
-1.54366
-2.84734
-1.36985
-2.92295
-1.39293
-2.25861
-2.64787
-1.64809
-1.41421
-3.91488
-0.419612
-2.58823
-2.85326
-0.943252
-2.20095
-3.49216
-0.0755965
-3.20304
-2.29928
-1.23319
-2.2929
-2.98034
-0.47592
-3.22034
-1.77138
-1.66393
-2.3905
-2.38082
-0.821751
-3.65176
-1.17772
-1.49901
-2.86884
-2.06896
-0.864271
-3.59809
-0.928321
-2.08786
-2.61777
-1.57039
-1.68821
-2.84725
-0.87884
-3.05629
-1.5238
-1.78556
-2.33074
-2.03419
-1.16695
-3.1025
-1.20877
-2.03959
-1.97473
-2.51551
-1.05362
-2.18507
-2.35868
-1.69155
-1.33231
-3.30414
-0.522128
-2.41332
-2.4274
-1.0251
-2.14244
-2.79216
-0.157934
-3.51548
-1.31449
-1.23334
-2.99081
-1.57901
-0.697523
-3.76448
-0.564547
-2.02065
-2.39682
-1.20853
-1.78156
-2.91676
-0.433866
-2.6208
-1.95428
-1.33208
-2.07318
-2.33847
-0.624006
-3.00049
-1.40252
-1.55774
-2.10078
-2.12815
-0.81683
-3.01759
-0.933655
-1.77468
-2.37378
-1.57871
-1.10644
-2.99505
-0.704474
-2.15685
-2.10512
-1.45593
-1.26652
-2.72796
-1.20006
-1.73356
-1.7029
-2.36513
-0.723452
-2.43048
-1.71871
-1.21977
-2.05281
-2.37426
0.0561667
-3.52054
-1.12881
-0.806701
-3.28502
-0.9519
-0.578057
-4.18065
0.340598
-1.91356
-3.05124
-0.0217351
-2.18163
-2.95211
0.733485
-3.62107
-1.44905
-0.452163
-2.90588
-1.50911
-0.399299
-3.52722
-0.351521
-1.83925
-2.16359
-1.24391
-1.47328
-2.19882
-0.816662
-2.43357
-1.15338
-1.46825
-2.05562
-1.58646
-0.861755
-2.55514
-1.03772
-1.58688
-1.81627
-1.70658
-0.943405
-2.44347
-1.01827
-1.62249
-1.54468
-1.80302
-1.14513
-2.02444
-1.20903
-1.74965
-1.28437
-1.93347
-1.10361
-1.80417
-1.57732
-1.22459
-1.54507
-2.40495
-0.145554
-2.314
-1.72445
-0.637523
-2.22054
-1.8166
0.208901
-3.63595
-0.569331
-0.532065
-3.22236
-0.675444
-0.349555
-3.74894
0.212855
-1.40222
-2.70183
-0.262548
-1.5572
-2.46668
0.066561
-2.38896
-1.62211
-0.782552
-1.34994
-2.25105
-0.59655
-1.55926
-1.54677
-1.63571
-0.695246
-2.12736
-0.988216
-1.26745
-1.53596
-1.62568
-0.792606
-1.92735
-0.880301
-1.57678
-1.55255
-1.05842
-1.12572
-2.1418
-0.479116
-1.56944
-1.78905
-0.839663
-0.979046
-2.57364
0.103987
-1.83651
-1.9127
-0.435674
-1.55807
-2.00265
0.0665044
-2.43126
-0.976093
-0.6096
-2.36038
-0.769066
-0.68008
-2.82288
0.295734
-1.75177
-2.08675
-0.0695377
-1.82727
-1.73408
0.0527117
-2.80763
-0.248112
-1.14824
-2.12474
-0.504812
-1.13531
-2.08092
-0.0108997
-2.21634
-0.772148
-1.04718
-1.89165
-0.450871
-1.36318
-2.04973
0.171032
-2.2227
-0.874412
-0.919313
-1.73449
-0.700303
-1.11376
-2.06426
0.357752
-2.42087
-1.01199
-0.137021
-2.29832
-1.06207
0.140361
-2.86923
-0.189197
-0.777844
-2.38999
-0.2093
-0.689489
-2.63898
0.324507
-1.33681
-2.16914
0.261823
-1.11613
-2.77656
0.881823
-1.84589
-1.86968
0.372395
-1.6924
-2.03087
0.868477
-2.51288
-1.09056
0.166707
-2.29445
-0.90336
0.0364185
-2.39422
-0.25364
-0.982739
-1.55245
-0.573117
-0.929052
-1.45203
-0.583759
-1.47802
-0.524302
-1.35859
-0.928517
-0.735767
-1.27167
-1.18344
-0.289025
-1.64803
-0.547585
-1.38227
-0.789504
-0.430918
-1.79993
-0.727822
-0.204505
-2.20755
-0.12085
-0.857656
-1.78969
-0.170248
-0.752369
-2.07044
0.283365
-1.5213
-1.10241
-0.30041
-1.26657
-1.09617
-0.289858
-1.6954
-0.360334
-0.828187
-1.30317
-0.78601
-0.470725
-1.5389
-0.291793
-0.963669
-1.39721
-0.31349
-0.90666
-1.52078
0.283915
-1.65035
-0.987539
-0.0288357
-1.21614
-1.31216
0.143085
-1.76767
-0.375877
-0.523461
-1.42048
-0.495844
-0.5894
-1.18445
-0.452643
-1.18182
-0.212911
-1.29571
-0.609939
-0.231971
-1.69735
-0.377391
0.0140694
-2.37344
0.691697
-0.879038
-1.96547
0.91862
-1.47935
-1.87312
1.8381
-2.78576
-0.639111
1.20897
-3.02679
0.213844
0.593243
-3.10988
0.89452
-0.406559
-2.2352
0.678495
-0.844138
-1.72372
0.805106
-1.54798
-0.822447
-0.0650935
-1.10334
-0.54091
-0.332721
-1.21903
-0.20373
-0.736475
-0.641379
-0.869319
-0.367673
-0.606147
-0.744408
-0.610942
-0.5465
-0.806363
-0.2632
-0.859529
-0.62998
-0.334494
-0.705649
-0.926815
0.10733
-1.03455
-0.623593
-0.283042
-0.642143
-0.950295
0.0102577
-0.799185
-0.836367
0.0322263
-0.795487
-1.0701
0.435785
-1.28315
-0.555795
0.266959
-1.35303
-0.387029
0.163533
-1.53859
0.202995
-0.511885
-1.11212
0.322116
-0.807095
-1.16709
0.771313
-1.36096
-0.423224
0.155617
-1.10052
-0.255994
-0.167155
-0.915012
-0.035936
-0.756432
-0.45733
-0.253782
-0.51856
-0.463211
-0.251046
-0.705466
-0.27945
-0.578866
-0.0736692
-0.48158
-0.707492
-0.123534
-0.359866
-0.713356
0.0503486
-0.788448
-0.167323
-0.256604
-0.829891
-0.0607938
-0.139211
-0.851342
-0.166063
-0.158069
-0.690712
-0.132679
-0.19253
-0.955576
0.309683
-0.42062
-0.946734
0.479223
-0.595615
-1.26749
1.21006
-0.876634
-1.33767
1.32652
-1.12894
-1.06643
1.49473
-1.8143
-0.118491
1.02908
-1.98023
0.478128
0.260148
-1.75896
1.20969
-0.69425
-1.13386
1.07983
-1.04832
-0.568779
0.89694
-1.40383
0.39989
-0.102967
-1.04495
0.820866
-0.777759
-0.479521
0.669931
-1.44655
0.607884
0.0303145
-1.22341
0.850858
-0.479248
-0.879622
0.992041
-1.04676
-0.292841
0.919087
-1.28138
-0.0752009
0.902658
-1.35925
0.178287
0.334252
-0.778584
0.020385
0.0168179
-0.311503
-0.00425906
-0.122527
-0.28898
0.0456373
-0.192558
-0.170008
0.196697
-0.579162
0.301249
0.00283646
-0.82547
0.743814
-0.281945
-0.821545
0.967195
-0.510966
-0.735663
1.13376
-0.690113
-0.624613
1.25312
-1.08459
0.0454941
0.924246
-1.27968
0.472419
0.302949
-0.802919
0.645121
-0.171315
-0.537469
0.432937
0.100129
-0.378726