
0
0.008038
0.009393
0.011928
0.013251
0.01476
0.016003
0.017069
0.017161
0.016201
0.014637
0.01237
0.009601
0.005878
0.00235
0.001522
0.001644
0.001567
0.001236
0.000607
-0.000199
-0.001288
-0.002581
-0.004128
-0.005764
-0.007349
-0.009019
-0.01253
-0.014311
-0.016149
-0.017945
-0.019636
-0.021307
-0.022669
-0.023853
-0.024217
-0.022852
-0.021605
-0.020392
-0.019204
-0.017977
-0.016593
-0.015153
-0.013534
-0.012027
-0.010544
-0.007943
-0.006746
-0.005448
-0.004274
-0.003245
-0.002355
-0.001606
-0.001016
-0.000558
-0.000233
-5e-05
-1.5e-05
-0.000103
-0.000304
4.6e-05
-0.001335
-0.002848
-0.004518
-0.00607
-0.007569
-0.009057
-0.010463
-0.011862
-0.013327
-0.014569
-0.015866
-0.017361
-0.018609
-0.019904
-0.02118
-0.02232
-0.023418
-0.02425
-0.024885
-0.025386
-0.025846
-0.02638
-0.026355
-0.026349
-0.026406
-0.026375
-0.026259
-0.026267
-0.026143
-0.025887
-0.025484
-0.024969
-0.024423
-0.023794
-0.023117
-0.022383
-0.0216
-0.020648
-0.019525
-0.018438
-0.017431
-0.016425
-0.015504
-0.014533
-0.013534
-0.011486
-0.010461
-0.009468
-0.008758
-0.008177
-0.007697
-0.007288
-0.006949
-0.006647
-0.006425
-0.006225
-0.006035
-0.005844
-0.005648
-0.005231
-0.004919
-0.004557
-0.00423
-0.003943
-0.003675
-0.003413
-0.003033
-0.002687
-0.002322
-0.001994
-0.001709
-0.001424
-0.00113
-0.000865
-0.000617
-0.000398
-0.000237
-0.000126
-6.4e-05
-1.6e-05
6.4e-05
0.000158
0.000275
0.000382
0.000472
0.000544
0.000612
0.000597
0.00058
0.000627
0.000655
0.000622
0.000537
0.000389
0.000257
0.000121
-8e-06
-0.000164
-0.000577
-0.00085
-0.001132
-0.001429
-0.001785
-0.002152
-0.002527
-0.002889
-0.003252
-0.003578
-0.003864
-0.0041
-0.004279
-0.004468
-0.004653
-0.004839
-0.005032
-0.005257
-0.00548
-0.005694
-0.005892
-0.006067
-0.006259
-0.006415
-0.006569
-0.00671
-0.006783
-0.006726
-0.006555
-0.006276
-0.005929
-0.005501
-0.005014
-0.004519
-0.004054
-0.003619
-0.003207
-0.002785
-0.002391
-0.002025
-0.001625
-0.001321
-0.001024
-0.00075
-0.0004
-5.8e-05
0.000238
0.000439
0.000572
0.000703
0.000826
0.000846
0.000784
0.000648
0.000593
0.000657
0.000811
0.001042
0.001307
0.001612
0.001943
0.002212
0.00239
0.002483
0.00251
0.002547
0.002587
0.002626
0.002632
0.002587
0.002493
0.00236
0.002164
0.00191
0.001619
0.001252
0.000861
0.000462
0.000114
-0.000391
-0.000849
-0.001349
-0.001756
-0.002067
-0.002293
-0.002478
-0.002672
-0.002884
-0.003106
-0.003241
-0.003289
-0.003264
-0.003186
-0.003113
-0.00304
-0.002973
-0.002884
-0.002782
-0.002658
-0.002522
-0.002391
-0.002253
-0.002112
-0.001998
-0.001897
-0.00182
-0.001752
-0.001624
-0.00136
-0.000836
-0.00036
2.9e-05
0.000377
0.000705
0.001039
0.001363
0.001615
0.001726
0.0018
0.001855
0.002172
0.002446
0.002682
0.002868
0.002924
0.002811
0.002531
0.002231
0.002008
0.001841
0.001687
0.001537
0.001357
0.001181
0.001048
0.000997
0.000996
0.001025
0.001034
0.001096
0.00111
0.001059
0.001144
0.001268
0.001447
0.001686
0.001969
0.002296
0.002641
0.002967
0.003176
0.003286
0.003327
0.003275
0.00314
0.002928
0.002654
0.025235
0.055371
0.034088
0.015737
-0.00074
-0.017249
-0.030623
-0.041106
-0.050018
-0.057959
-0.064627
-0.069987
-0.074067
-0.076968
-0.079029
-0.080337
-0.080948
-0.080801
-0.079917
-0.078532
-0.07667
-0.074517
-0.07212
-0.069417
-0.06641
-0.063084
-0.059644
-0.056208
-0.052382
-0.048559
-0.044843
-0.041315
-0.03776
-0.034424
-0.031141
-0.028073
-0.025155
-0.022411
-0.019721
-0.017214
-0.014858
-0.012702
-0.010689
-0.00886
-0.007276
-0.006038
-0.005205
-0.004522
-0.00374
-0.00285
-0.001694
-0.00061
0.000377
0.001245
0.001947
0.002444
0.002844
0.003104
0.003277
0.003335
0.003329
0.003279
0.003229
0.003215
0.003233
0.003268
0.003344
0.00346
0.003618
0.00383
0.004092
0.004391
0.00474
0.005071
0.005373
0.005647
0.005885
0.00608
0.006247
0.00635
0.00636
0.006296
0.006158
0.005971
0.005704
0.005396
0.005221
0.00479
0.00443
0.00405
0.003669
0.003275
0.002948
0.002675
0.002433
0.002165
0.001915
0.001742
0.001586
0.001432
0.001322
0.001229
0.001152
0.001081
0.001017
0.000952
0.000869
0.000708
0.000525
0.000321
4.1e-05
-0.00028
-0.000637
-0.00103
-0.001368
-0.001542
-0.00164
-0.001643
-0.001555
-0.001364
-0.001029
-0.000581
-8.1e-05
0.000395
0.000813
0.001195
0.00159
0.001985
0.002348
0.002675
0.002932
0.003086
0.003199
0.003209
0.003093
0.002864
0.002568
0.002322
0.002108
0.001956
0.00184
0.001754
0.001699
0.001616
0.001498
0.001339
0.001154
0.000953
0.000733
0.000514
0.000253
-4.6e-05
-0.000392
-0.000769
-0.001224
-0.0017
-0.002189
-0.002639
-0.003067
-0.003461
-0.003839
-0.004269
-0.004681
-0.005054
-0.00546
-0.005882
-0.006264
-0.006591
-0.006833
-0.007012
-0.00714
-0.007167
-0.007094
-0.00694
-0.006728
-0.006446
-0.006124
-0.005641
-0.005163
-0.004756
-0.00445
-0.004264
-0.00427
-0.004373
-0.004404
-0.004322
-0.004079
-0.003702
-0.003351
-0.003048
-0.002743
-0.002475
-0.002252
-0.002037
-0.00184
-0.001604
-0.001405
-0.001225
-0.00104
-0.000824
-0.000623
-0.000423
-0.000216
-0.000157
-5.1e-05
-6e-06
-2.2e-05
-8.6e-05
-0.000156
-0.000222
-0.000287
-0.000331
-0.000346
-0.000333
-0.000311
-0.000298
-0.000297
-0.000305
-0.000333
-0.000379
-0.000445
-0.000478
-0.000433
-0.000313
-0.000144
-1e-05
7.4e-05
0.000125
0.000148
0.000134
0.00015
0.00028
0.000469
0.000667
0.000834
0.000947
0.000998
0.00097
0.000865
0.000646
0.000345
-6.4e-05
-0.00058
-0.001221
-0.001989
-0.003081
-0.043259
-0.077795
-0.108558
-0.138715
-0.130154
-0.13997
-0.143999
-0.186899
-0.211713
-0.223258
-0.235107
-0.246225
-0.257276
-0.267787
-0.278569
-0.289322
-0.299565
-0.310866
-0.320111
-0.329515
-0.338432
-0.346698
-0.354175
-0.361439
-0.368842
-0.375141
-0.381125
-0.386555
-0.391807
-0.397974
-0.403842
-0.408924
-0.413775
-0.417769
-0.42135
-0.424105
-0.426205
-0.427664
-0.4285
-0.428755
-0.428612
-0.428939
-0.429878
-0.431212
-0.432078
-0.432431
-0.432312
-0.43154
-0.430074
-0.427988
-0.425385
-0.422134
-0.417783
-0.412812
-0.407114
-0.400753
-0.393141
-0.384803
-0.375904
-0.36759
-0.359896
-0.352745
-0.346424
-0.340896
-0.33591
-0.331032
-0.326533
-0.32254
-0.31935
-0.316954
-0.315121
-0.313796
-0.312984
-0.312347
-0.311992
-0.311816
-0.311828
-0.311976
-0.312296
-0.312896
-0.313964
-0.315354
-0.317089
-0.318763
-0.321005
-0.323082
-0.325235
-0.327524
-0.330108
-0.332966
-0.336033
-0.339209
-0.342587
-0.345961
-0.349155
-0.352047
-0.354603
-0.356468
-0.357854
-0.359652
-0.361546
-0.363524
-0.365874
-0.368345
-0.370985
-0.374172
-0.377553
-0.38103
-0.383322
-0.38731
-0.393358
-0.405853
-0.424908
-0.451787
-0.488461
-0.536486
-0.601981
-0.68148
-0.773979
-0.879728
-0.993863
-1.11605
-1.26372
-1.40615
-1.55102
-1.69336
-1.82284
-1.91762
-1.99013
-2.03443
-2.05922
-2.06844
-2.06337
-2.04488
-2.01428
-1.97195
-1.9207
-1.85475
-1.7789
-1.70608
-1.63698
-1.57053
-1.50705
-1.44447
-1.37906
-1.31982
-1.26405
-1.21077
-1.16005
-1.11517
-1.07616
-1.04094
-1.00943
-0.980852
-0.956266
-0.934036
-0.91257
-0.892344
-0.874505
-0.857618
-0.84317
-0.830478
-0.819094
-0.80947
-0.798266
-0.790791
-0.784137
-0.779887
-0.777393
-0.776086
-0.775981
-0.776815
-0.778471
-0.780938
-0.784145
-0.788771
-0.795302
-0.80234
-0.809899
-0.817661
-0.825592
-0.834667
-0.844153
-0.855321
-0.870524
-0.890197
-0.915989
-0.950143
-0.99461
-1.05017
-1.11403
-1.19691
-1.28232
-1.3725
-1.46749
-1.55549
-1.63437
-1.71499
-1.81275
-1.909
-2.00988
-2.11052
-2.22158
-2.32566
-2.42239
-2.51634
-2.60825
-2.69787
-2.77897
-2.85845
-2.93094
-3.00503
-3.0788
-3.15033
-3.21568
-3.27746
-3.33759
-3.39394
-3.44666
-3.49356
-3.52852
-3.55175
-3.55737
-3.54136
-3.49755
-3.43524
-3.34283
-3.24042
-3.11755
-2.97653
-2.81636
-2.64984
-2.47212
-2.28274
-2.08733
-1.91207
-1.75701
-1.62497
-1.50852
-1.39642
-1.28068
-1.15778
-1.01656
-0.853301
-0.657671
-0.453231
-0.223815
0.021768
0.293966
0.57092
0.861606
1.15264
1.45403
1.76923
2.09459
2.41197
2.73225
3.04408
3.33823
3.59206
3.80949
3.9841
4.11924
4.22677
4.3059
4.35975
4.38995
4.39796
4.38493
4.33984
4.27434
4.17414
4.052
3.89025
3.70482
3.52744
3.34889
3.16781
2.97011
2.78898
2.61757
2.45346
2.29288
2.14368
1.99755
1.85792
1.70398
1.57277
1.4564
1.34258
1.2335
1.13079
1.03311
0.926879
0.831862
0.744555
0.659726
0.579591
0.506844
0.432366
0.359215
0.286711
0.220408
0.158302
0.099109
0.038607
-0.01711
-0.068708
-0.118317
-0.168751
-0.214853
-0.258841
-0.300834
-0.346496
-0.387665
-0.425831
-0.462832
-0.497505
-0.531566
-0.565579
-0.596691
-0.626921
-0.656487
-0.692771
-0.719641
-0.746051
-0.771479
-0.797604
-0.820658
-0.844554
-0.86584
-0.885129
-0.903883
-0.921529
-0.938547
-0.955057
-0.972086
-0.988063
-1.00316
-1.01841
-1.03349
-1.048
-1.06124
-1.07432
-1.08679
-1.09822
-1.11016
-1.12147
-1.13203
-1.14269
-1.15455
-1.16518
-1.17524
-1.18523
-1.19511
-1.20511
-1.21437
-1.22321
-1.2317
-1.24064
-1.24938
-1.25738
-1.26514
-1.27267
-1.28049
-1.28851
-1.29584
-1.30246
-1.30928
-1.31768
-1.33019
-1.34643
-1.37169
-1.40833
-1.45619
-1.5354
-1.64933
-1.81452
-1.97875
-2.16456
-2.38258
-2.58132
-2.71348
-2.82312
-2.91556
-2.98965
-3.04299
-3.0697
-3.07155
-3.05007
-3.00578
-2.93972
-2.85253
-2.7342
-2.60523
-2.45905
-2.32231
-2.19915
-2.0922
-2.00041
-1.93209
-1.87718
-1.83787
-1.80092
-1.7625
-1.71496
-1.65834
-1.59057
-1.51023
-1.41071
-1.28611
-1.14273
-0.98533
-0.807434
-0.595766
-0.370355
-0.16306
0.045462
0.238772
0.420779
0.606723
0.773725
0.922912
1.04921
1.15511
1.22665
1.27011
1.28669
1.27552
1.24282
1.19947
1.14972
1.10871
1.07807
1.05628
1.04198
1.03632
1.03722
1.04288
1.05399
1.06609
1.07704
1.08798
1.09806
1.1078
1.11798
1.12788
1.13812
1.14759
1.15715
1.1673
1.17661
1.18551
1.1943
1.20267
1.21083
1.21844
1.22592
1.23293
1.23863
1.24241
1.24408
1.24404
1.24061
1.23376
1.22165
1.2067
1.18666
1.16399
1.13658
1.10504
1.07156
1.03319
0.99669
0.960667
0.926449
0.894173
0.861621
0.824018
0.789513
0.755411
0.725444
0.694322
0.664797
0.636447
0.615781
0.598154
0.583399
0.570872
0.560159
0.550474
0.541854
0.533648
0.526369
0.519497
0.513062
0.507689
0.502124
0.497118
0.492024
0.487354
0.482662
0.478216
0.473883
0.469523
0.464948
0.460263
0.455487
0.450273
0.44507
0.439952
0.434605
0.42945
0.425208
0.423651
0.42765
0.439599
0.460041
0.491099
0.532362
0.58432
0.649306
0.723185
0.807326
0.892999
0.977811
1.05943
1.13874
1.21261
1.28558
1.35863
1.4322
1.49985
1.56862
1.63034
1.69243
1.75091
1.80868
1.86647
1.92518
1.98121
2.03823
2.09574
2.15608
2.218
2.28293
2.34416
2.40496
2.46204
2.51966
2.5729
2.62796
2.67947
2.7324
2.7861
2.83763
2.88411
2.9207
2.95172
2.96919
2.97127
2.95701
2.92719
2.88065
2.81892
2.74363
2.65913
2.56706
2.47707
2.3897
2.30428
2.228
2.15784
2.09826
2.04625
2.00421
1.9722
1.95119
1.94083
1.93742
1.93917
1.94259
1.94621
1.94996
1.95394
1.95964
1.96471
1.97065
1.97617
1.98218
1.98836
1.99437
1.99922
2.00134
2.00235
2.00237
2.00166
2.00037
1.99834
1.9961
1.99377
1.99145
1.98982
1.98947
1.99183
1.99586
2.00093
2.00787
2.01613
2.02503
2.03528
2.04565
2.05545
2.0626
2.06508
2.0616
2.04984
2.02916
1.99402
1.95268
1.90036
1.84014
1.77988
1.71999
1.65845
1.59997
1.54568
1.49023
1.44142
1.38942
1.34432
1.29794
1.25151
1.20651
1.16309
1.12051
1.0761
1.03514
0.993292
0.952344
0.915159
0.879655
0.844913
0.81231
0.778846
0.750693
0.721606
0.695309
0.67061
0.645075
0.62208
0.600006
0.577418
0.555227
0.535122
0.515417
0.496917
0.477893
0.458809
0.440745
0.422621
0.404535
0.387076
0.369459
0.351745
0.333692
0.315362
0.297809
0.28044
0.263392
0.246828
0.229224
0.211218
0.194063
0.176598
0.159182
0.142166
0.126534
0.110288
0.094676
0.079481
0.065804
0.05247
0.039608
0.027106
0.015931
0.004748
-0.006348
-0.016354
-0.025993
-0.034473
-0.04234
-0.049924
-0.056956
-0.063753
-0.069694
-0.075854
-0.081875
-0.088339
-0.095209
-0.101189
-0.107912
-0.113797
-0.119137
-0.124445
-0.130421
-0.135352
-0.139613
-0.144256
-0.148112
-0.151828
-0.155521
-0.159176
-0.163056
-0.16668
-0.170499
-0.174026
-0.177638
-0.181177
-0.184611
-0.1877
-0.190722
-0.193395
-0.196012
-0.19843
-0.200643
-0.202663
-0.20461
-0.206474
-0.208444
-0.210382
-0.212287
-0.214192
-0.216004
-0.217834
-0.219985
-0.222287
-0.22443
-0.226586
-0.228821
-0.231024
-0.23322
-0.235293
-0.237274
-0.239903
-0.241746
-0.243492
-0.245453
-0.248032
-0.250228
-0.252275
-0.254127
-0.256007
-0.257917
-0.259906
-0.262007
-0.264188
-0.266301
-0.268448
-0.270653
-0.273002
-0.275421
-0.277868
-0.280379
-0.283161
-0.286371
-0.290759
-0.294963
-0.299437
-0.304484
-0.30985
-0.315917
-0.322938
-0.329984
-0.337779
-0.346122
-0.354834
-0.363947
-0.3761
-0.385704
-0.395693
-0.405667
-0.417036
-0.429256
-0.441484
-0.454054
-0.466805
-0.478897
-0.492557
-0.506671
-0.521323
-0.537356
-0.554987
-0.573567
-0.595073
-0.622291
-0.645935
-0.670445
-0.699068
-0.73386
-0.775728
-0.815172
-0.854307
-0.898214
-0.937227
-0.976977
-1.01525
-1.05976
-1.10482
-1.14653
-1.18789
-1.23297
-1.28045
-1.3299
-1.37613
-1.4245
-1.47686
-1.52548
-1.57829
-1.63082
-1.68695
-1.74097
-1.7994
-1.85662
-1.91905
-1.98071
-2.04245
-2.09805
-2.15442
-2.21114
-2.26976
-2.32397
-2.37711
-2.43246
-2.48562
-2.53968
-2.59086
-2.64246
-2.69064
-2.74159
-2.7891
-2.83323
-2.87618
-2.91284
-2.94128
-2.95792
-2.95785
-2.93626
-2.88462
-2.8027
-2.68703
-2.51425
-2.29762
-2.04379
-1.7451
-1.41735
-1.06405
-0.713181
-0.362428
-0.03822
0.243082
0.48346
0.67956
0.831209
0.931814
1.00492
1.05926
1.10118
1.13489
1.18159
1.25357
1.35455
1.50289
1.66627
1.847
2.02825
2.20333
2.36253
2.51747
2.6603
2.79621
2.92816
3.05251
3.16574
3.2763
3.37501
3.46598
3.53349
3.57819
3.59888
3.58958
3.54957
3.46305
3.36297
3.19674
3.08308
2.93819
2.83507
2.73267
2.63615
2.53667
2.43086
2.33812
2.23627
2.12632
2.02411
1.92169
1.82209
1.73163
1.64104
1.55087
1.47352
1.39814
1.32614
1.25527
1.18578
1.1216
1.06687
1.01387
0.965255
0.919164
0.87971
0.845242
0.809028
0.780376
0.748498
0.719779
0.693081
0.669695
0.652333
0.641275
0.639665
0.645388
0.660501
0.68672
0.718678
0.75413
0.792148
0.833708
0.866247
0.897162
0.923704
0.947
0.970187
0.991888
1.01179
1.0289
1.04495
1.06033
1.07715
1.09633
1.12033
1.14854
1.18206
1.21493
1.25186
1.28183
1.31163
1.33953
1.3638
1.38271
1.39814
1.40965
1.4182
1.4245
1.42925
1.4336
1.43795
1.44266
1.4474
1.45296
1.46017
1.4703
1.4828
1.49607
1.51241
1.52978
1.55011
1.56356
1.57308
1.57754
1.58184
1.58645
1.59102
1.59454
1.59918
1.60278
1.60543
1.60295
1.59538
1.58315
1.56576
1.54973
1.53388
1.51843
1.50402
1.48936
1.47464
1.45547
1.42727
1.39207
1.34306
1.27509
1.17796
1.06393
0.93695
0.802924
0.662745
0.504946
0.354792
0.209031
0.077318
-0.05858
-0.179434
-0.311467
-0.440692
-0.590178
-0.695338
-0.789624
-0.89329
-0.985531
-1.07376
-1.16063
-1.2636
-1.35411
-1.43835
-1.51845
-1.58985
-1.6615
-1.7304
-1.79531
-1.85398
-1.91226
-1.96888
-2.01961
-2.07189
-2.11924
-2.16507
-2.21151
-2.26123
-2.31139
-2.35166
-2.39387
-2.43137
-2.4609
-2.48826
-2.51512
-2.54124
-2.56174
-2.58002
-2.59396
-2.60418
-2.61102
-2.61587
-2.6211
-2.62733
-2.63545
-2.63901
-2.6407
-2.64173
-2.64266
-2.6431
-2.64234
-2.64105
-2.64075
-2.64186
-2.64412
-2.64668
-2.64866
-2.64903
-2.64583
-2.63831
-2.62456
-2.60151
-2.56783
-2.52542
-2.47939
-2.43186
-2.38512
-2.33567
-2.28633
-2.23685
-2.18224
-2.11786
-2.03616
-1.93861
-1.81875
-1.66524
-1.46643
-1.25261
-1.00707
-0.753955
-0.485607
-0.196839
0.097442
0.350931
0.588848
0.830967
1.05243
1.26526
1.45776
1.60387
1.72817
1.8039
1.84936
1.86014
1.8452
1.80192
1.74205
1.66729
1.57817
1.48504
1.38719
1.29925
1.20185
1.1225
1.02611
0.933293
0.850879
0.77858
0.698657
0.620941
0.536506
0.454563
0.367736
0.278015
0.186859
0.100974
0.019609
-0.063543
-0.141884
-0.211968
-0.283307
-0.351699
-0.422716
-0.492286
-0.5575
-0.629697
-0.689077
-0.750093
-0.818395
-0.876278
-0.930594
-0.983214
-1.03631
-1.08723
-1.14207
-1.18815
-1.23297
-1.2789
-1.31736
-1.35268
-1.39054
-1.42923
-1.4663
-1.50358
-1.54137
-1.57675
-1.6116
-1.64184
-1.67125
-1.69842
-1.721
-1.73959
-1.75534
-1.758
-1.74961
-1.72428
-1.68188
-1.61924
-1.53052
-1.42459
-1.27405
-1.08109
-0.853726
-0.585114
-0.315822
-0.027945
0.36425
0.634902
0.885043
1.07879
1.22808
1.31645
1.36041
1.36102
1.32316
1.26836
1.2009
1.11568
1.03379
0.957535
0.901674
0.870356
0.866545
0.877335
0.897712
0.917544
0.931291
0.93357
0.925738
0.909998
0.883585
0.844514
0.799296
0.743129
0.680757
0.62013
0.558489
0.499611
0.436179
0.394807
0.366162
0.346827
0.339624
0.351725
0.389275
0.444729
0.532394
0.656055
0.779405
0.91626
1.0411
1.16114
1.26677
1.36708
1.4592
1.54561
1.62868
1.70764
1.77071
1.8067
1.81203
1.78516
1.72858
1.64487
1.53083
1.36903
1.23539
1.10086
0.872858
0.744165
0.627524
0.517414
0.414306
0.309581
0.213806
0.115759
0.021164
-0.071231
-0.159159
-0.244767
-0.326356
-0.409158
-0.489186
-0.580762
-0.659311
-0.736584
-0.808083
-0.876002
-0.941306
-1.00416
-1.06285
-1.11885
-1.19011
-1.24182
-1.28687
-1.32874
-1.36499
-1.39939
-1.43219
-1.46031
-1.4867
-1.51185
-1.53562
-1.55548
-1.57723
-1.59647
-1.60808
-1.61821
-1.62524
-1.6289
-1.62835
-1.62353
-1.61324
-1.59634
-1.57654
-1.55499
-1.52401
-1.49379
-1.46184
-1.4247
-1.38889
-1.35627
-1.32404
-1.2908
-1.25934
-1.22826
-1.19885
-1.17052
-1.13982
-1.10917
-1.07739
-1.04516
-1.01082
-0.973862
-0.937434
-0.899025
-0.860035
-0.817307
-0.807708
-0.799717
-0.794665
-0.789108
-0.780328
-0.768758
-0.755394
-0.73975
-0.718136
-0.696122
-0.673356
-0.652536
-0.626737
-0.592407
-0.549775
-0.510102
-0.46916
-0.431045
-0.391455
-0.351238
-0.314908
-0.279787
-0.246055
-0.209468
-0.181257
-0.156702
-0.131507
-0.110298
-0.088586
-0.065147
-0.039389
-0.005889
0.03579
0.090379
0.159322
0.251022
0.355345
0.49627
0.638409
0.816005
0.984822
1.18283
1.4172
1.64233
1.89252
2.16273
2.4357
2.69012
2.94113
3.17996
3.40393
3.61688
3.83622
4.0261
4.19928
4.3523
4.49542
4.6549
4.76597
4.86721
4.95283
5.02703
5.09154
5.13076
5.15691
5.16556
5.15968
5.11472
5.04617
4.94883
4.82273
4.67225
4.4894
4.27635
4.02934
3.7014
3.35985
2.9542
2.52076
2.03124
1.76735
1.17578
0.847415
0.52432
0.162819
-0.225909
-0.688275
-1.08601
-1.4489
-1.80242
-2.1514
-2.50299
-2.84491
-3.181
-3.51768
-3.83269
-4.16044
-4.47208
-4.74363
-5.00955
-5.26044
-5.50147
-5.7283
-5.9352
-6.12382
-6.29814
-6.4562
-6.68458
-6.82911
-6.93455
-7.04578
-7.11209
-7.15893
-7.19035
-7.20586
-7.21083
-7.20467
-7.18611
-7.15435
-7.11112
-7.05675
-6.98973
-6.90386
-6.80025
-6.68733
-6.56441
-6.43562
-6.2936
-6.14116
-5.97133
-5.79708
-5.60885
-5.41193
-5.2169
-5.00326
-4.80213
-4.5946
-4.34612
-4.13016
-3.90692
-3.68527
-3.45067
-3.21496
-2.96978
-2.72343
-2.46594
-2.21337
-1.9526
-1.69856
-1.44326
-1.18113
-0.938456
-0.696545
-0.451033
-0.203553
0.079254
0.311178
0.536584
0.754122
0.962649
1.16598
1.35259
1.5313
1.70896
1.87017
2.02251
2.16828
2.3009
2.41649
2.52779
2.62845
2.72375
2.80289
2.87008
2.92695
2.98141
3.01409
3.03974
3.0563
3.0643
3.06314
3.05388
3.03624
3.01179
2.97876
2.94076
2.89687
2.84616
2.78967
2.72506
2.65769
2.58894
2.51206
2.4357
2.3504
2.26262
2.17562
2.08093
1.98092
1.87734
1.7666
1.65313
1.53422
1.40613
1.28441
1.16986
1.0584
0.940091
0.815824
0.673995
0.543068
0.395256
0.25403
0.124976
-0.006778
-0.134455
-0.242591
-0.349374
-0.457117
-0.551773
-0.64954
-0.73863
-0.849037
-0.988018
-1.13388
-1.2639
-1.38207
-1.46894
-1.55151
-1.64863
-1.74002
-1.80208
-1.8494
-1.89518
-1.93636
-1.97429
-2.00898
-2.04049
-2.06912
-2.09396
-2.11484
-2.13355
-2.15012
-2.16237
-2.17213
-2.18027
-2.18314
-2.18343
-2.18109
-2.17636
-2.16872
-2.15862
-2.14625
-2.13132
-2.1139
-2.09164
-2.06991
-2.04631
-2.01801
-1.99092
-1.96254
-1.93179
-1.8985
-1.8649
-1.82937
-1.79238
-1.75522
-1.71489
-1.67292
-1.63061
-1.58731
-1.54107
-1.49132
-1.44668
-1.39939
-1.35266
-1.30356
-1.25525
-1.20734
-1.15681
-1.10416
-1.05057
-0.994563
-0.940829
-0.887242
-0.831748
-0.773588
-0.710212
-0.645756
-0.580744
-0.516947
-0.449648
-0.382443
-0.311861
-0.236506
-0.161479
-0.081539
0.003902
0.089936
0.187288
0.285326
0.392596
0.5015
0.607114
0.731738
0.898663
1.01903
1.14874
1.25752
1.36735
1.47212
1.65779
1.8083
1.94954
2.07924
2.20842
2.27472
2.39115
2.48634
2.57256
2.6379
2.69254
2.73466
2.76126
2.77484
2.77324
2.75527
2.72082
2.67557
2.61678
2.54281
2.45593
2.357
2.2481
2.12122
1.99176
1.82839
1.67333
1.51532
1.34012
1.15341
0.977102
0.785695
0.586976
0.401696
0.21059
0.001899
-0.189723
-0.38071
-0.577202
-0.770376
-0.957444
-1.13019
-1.29323
-1.45194
-1.59822
-1.74665
-1.87487
-1.99389
-2.11012
-2.21126
-2.30258
-2.38373
-2.4567
-2.52155
-2.57876
-2.62155
-2.65649
-2.68294
-2.70129
-2.7128
-2.71431
-2.70774
-2.69325
-2.67106
-2.64107
-2.60245
-2.58198
-2.55156
-2.48879
-2.41315
-2.37616
-2.29293
-2.25034
-2.16262
-2.08437
-2.00075
-1.91661
-1.83178
-1.74517
-1.66041
-1.57577
-1.49209
-1.3998
-1.31477
-1.22712
-1.14423
-1.05713
-0.974588
-0.899314
-0.823072
-0.748879
-0.677007
-0.6095
-0.540995
-0.471641
-0.410034
-0.353313
-0.299936
-0.247287
-0.198508
-0.156122
-0.114546
-0.075401
-0.038933
-0.004177
0.028266
0.061545
0.089111
0.111835
0.130306
0.14579
0.15899
0.168827
0.175746
0.179561
0.180895
0.179477
0.175561
0.169653
0.161328
0.15094
0.138711
0.125039
0.109761
0.093061
0.074967
0.054782
0.033723
0.012082
-0.00982
-0.033405
-0.057602
-0.08243
-0.10678
-0.131866
-0.146265
-0.161194
-0.176104
-0.208438
-0.228643
-0.255964
-0.281791
-0.305681
-0.32932
-0.35147
-0.373194
-0.394004
-0.414751
-0.43403
-0.45341
-0.463429
-0.482773
-0.500482
-0.518571
-0.527363
-0.544492
-0.560771
-0.577052
-0.584851
-0.600027
-0.607053
-0.614071
-0.620902
-0.634157
-0.64656
-0.659014
-0.66675
-0.682813
-0.702824
-0.714991
-0.729495
-0.749695
-0.771046
-0.80322
-0.837759
-0.866672
-0.897468
-0.929948
-1.00177
-1.03925
-1.08085
-1.12548
-1.17007
-1.21823
-1.27042
-1.32768
-1.38722
-1.44396
-1.50293
-1.56194
-1.61988
-1.68078
-1.73729
-1.79474
-1.85354
-1.91231
-1.97396
-2.03294
-2.08639
-2.14077
-2.1925
-2.24282
-2.2912
-2.33592
-2.3836
-2.42508
-2.46258
-2.50047
-2.53418
-2.56749
-2.59902
-2.62791
-2.6528
-2.67577
-2.6961
-2.71578
-2.73331
-2.74786
-2.75944
-2.76786
-2.77377
-2.7768
-2.7769
-2.7747
-2.76997
-2.76125
-2.74726
-2.72975
-2.70983
-2.68821
-2.66446
-2.63812
-2.60958
-2.58262
-2.55387
-2.52354
-2.49135
-2.4571
-2.42042
-2.38342
-2.34248
-2.30248
-2.26031
-2.2179
-2.17346
-2.1265
-2.07948
-2.02712
-1.9741
-1.92426
-1.87046
-1.81787
-1.76664
-1.71399
-1.66305
-1.61143
-1.55848
-1.50317
-1.45237
-1.40142
-1.34792
-1.29055
-1.23759
-1.18355
-1.12821
-1.06666
-1.00283
-0.932193
-0.840782
-0.768468
-0.691063
-0.616416
-0.541569
-0.466572
-0.380593
-0.296803
-0.213177
-0.126646
-0.034469
0.0564
0.145952
0.238912
0.335993
0.426706
0.522411
0.620516
0.708662
0.798756
0.883181
0.971064
1.04957
1.12721
1.2005
1.26851
1.33391
1.39081
1.44774
1.49956
1.55056
1.59247
1.62659
1.65715
1.68222
1.70106
1.71161
1.71583
1.71319
1.70453
1.69008
1.66894
1.64218
1.60865
1.57105
1.52407
1.47614
1.42298
1.36519
1.30314
1.23858
1.16421
1.09089
1.01322
0.934285
0.851553
0.767958
0.683408
0.599019
0.485991
0.380582
0.274416
0.164564
0.054083
-0.040687
-0.138503
-0.21938
-0.301569
-0.380541
-0.45415
-0.524929
-0.590098
-0.650901
-0.709871
-0.760674
-0.805212
-0.839015
-0.866721
-0.88329
-0.888951
-0.882998
-0.866117
-0.835741
-0.786618
-0.729964
-0.658478
-0.581448
-0.487224
-0.373228
-0.247476
-0.097869
0.055298
0.216657
0.401136
0.598264
0.797221
1.01142
1.2382
1.48345
1.71464
1.96099
2.21096
2.45822
2.71433
2.97124
3.23259
3.47688
3.72194
3.95197
4.19093
4.41133
4.63226
4.83982
5.04115
5.21952
5.38491
5.53357
5.66935
5.79329
5.90813
6.01196
6.09562
6.17043
6.23431
6.28424
6.3251
6.35521
6.37881
6.38846
6.39069
6.38526
6.37428
6.35953
6.33984
6.31646
6.28817
6.25925
6.22743
6.1929
6.15857
6.1198
6.08148
6.03939
5.99385
5.95006
5.90048
5.85182
5.80141
5.75164
5.70137
5.65119
5.59963
5.54807
5.495
5.44425
5.39178
5.34423
5.29588
5.24469
5.18864
5.13425
5.08223
5.02643
4.9793
4.93544
4.89346
4.85629
4.82017
4.78522
4.75261
4.7207
4.69004
4.66098
4.63322
4.60576
4.58082
4.5577
4.53456
4.51318
4.49341
4.47478
4.45908
4.44276
4.42964
4.41833
4.40872
4.40045
4.3934
4.38879
4.38538
4.3831
4.38259
4.38338
4.38537
4.38908
4.39506
4.40199
4.40977
4.41828
4.42758
4.43753
4.44997
4.46292
4.47674
4.49097
4.50637
4.52182
4.54041
4.55966
4.57871
4.59583
4.61289
4.62897
4.64482
4.66158
4.67787
4.69419
4.7101
4.72924
4.74374
4.75963
4.77491
4.7895
4.80388
4.8183
4.83221
4.84491
4.85718
4.86912
4.88044
4.89186
4.90156
4.91043
4.91963
4.92831
4.93635
4.94337
4.95039
4.95662
4.96249
4.96795
4.97303
4.97756
4.98219
4.98702
4.99177
4.99693
5.00269
5.00917
5.01631
5.0246
5.03191
5.0397
5.04773
5.0558
5.06381
5.07214
5.08039
5.0873
5.09394
5.09966
5.10172
5.10112
5.09802
5.08972
5.07834
5.06484
5.05025
5.03347
5.01593
4.99635
4.97494
4.95021
4.92333
4.89091
4.8631
4.83376
4.80279
4.77049
4.73847
4.70324
4.66726
4.63035
4.59261
4.55259
4.51059
4.47279
4.43437
4.38922
4.34698
4.31048
4.27383
4.23883
4.20476
4.17294
4.14218
4.11361
4.08586
4.05877
4.03325
4.00602
3.98059
3.95508
3.93056
3.90665
3.88185
3.8538
3.82875
3.8034
3.77627
3.74732
3.71587
3.68436
3.65089
3.61661
3.5446
3.46317
3.42117
3.37516
3.32741
3.27142
3.21708
3.16021
3.09483
3.0312
2.95493
2.88355
2.73179
2.56887
2.3934
2.29022
2.0814
1.83973
1.60467
1.34866
1.10725
0.872413
0.630598
0.382196
0.137852
-0.065649
-0.16539
-0.273823
-0.465391
-0.548813
-0.642505
-0.802915
-0.936108
-1.04868
-1.1499
-1.19738
-1.24517
-1.28578
-1.3261
-1.36032
-1.39293
-1.42165
-1.44586
-1.46605
-1.49206
-1.4999
-1.50787
-1.50495
-1.49128
-1.46754
-1.45254
-1.41349
-1.36795
-1.31479
-1.25675
-1.19705
-1.16606
-1.13215
-1.09246
-1.0248
-0.992991
-0.925297
-0.889047
-0.856573
-0.792463
-0.738037
-0.713687
-0.663728
-0.622731
-0.590446
-0.566857
-0.552849
-0.55069
-0.560686
-0.584966
-0.622242
-0.673214
-0.736553
-0.812578
-0.895689
-0.984277
-1.07874
-1.17473
-1.27156
-1.37529
-1.47687
-1.52914
-1.63927
-1.74189
-1.83499
-1.92823
-2.01764
-2.1022
-2.18679
-2.26146
-2.33431
-2.39863
-2.45945
-2.51512
-2.54184
-2.58972
-2.62807
-2.66269
-2.69318
-2.70646
-2.72965
-2.74768
-2.76148
-2.76873
-2.77442
-2.77983
-2.78454
-2.78827
-2.79145
-2.79358
-2.79561
-2.79744
-2.80203
-2.81116
-2.81797
-2.82805
-2.84135
-2.85857
-2.89298
-2.92684
-2.94286
-2.95867
-2.98808
-3.01196
-3.03002
-3.0438
-3.05369
-3.05993
-3.06226
-3.06217
-3.05919
-3.05318
-3.04453
-3.03924
-3.03301
-3.02578
-3.01822
-3.00199
-2.99353
-2.97477
-2.95472
-2.94396
-2.92179
-2.91069
-2.88601
-2.87379
-2.86048
-2.84714
-2.81971
-2.79189
-2.76332
-2.74884
-2.71891
-2.69026
-2.66109
-2.63236
-2.60585
-2.59312
-2.56626
-2.54181
-2.51853
-2.49795
-2.47952
-2.47066
-2.46213
-2.44442
-2.43825
-2.43228
-2.42164
-2.41463
-2.41199
-2.40977
-2.40803
-2.40685
-2.40715
-2.40943
-2.41401
-2.41716
-2.42489
-2.43409
-2.43946
-2.44546
-2.45306
-2.46081
-2.46863
-2.47758
-2.49055
-2.49996
-2.51005
-2.52081
-2.53117
-2.54107
-2.5618
-2.57259
-2.58403
-2.59667
-2.61089
-2.62792
-2.66977
-2.69167
-2.71988
-2.75118
-2.78793
-2.83009
-2.91721
-2.9656
-3.01917
-3.08037
-3.19763
-3.26285
-3.32875
-3.39073
-3.45215
-3.51281
-3.57841
-3.63281
-3.68487
-3.77667
-3.81712
-3.88442
-3.91259
-3.93462
-3.9586
-3.97354
-3.97303
-3.96708
-3.95562
-3.91723
-3.88979
-3.85645
-3.81585
-3.76778
-3.71405
-3.64851
-3.58152
-3.5091
-3.43186
-3.26706
-3.17948
-3.08386
-2.98203
-2.88092
-2.77327
-2.66466
-2.5517
-2.43282
-2.31643
-2.20239
-2.07955
-1.96009
-1.83513
-1.70815
-1.57922
-1.44961
-1.30687
-1.16562
-1.01498
-0.86024
-0.694148
-0.523443
-0.341561
-0.162102
0.043786
0.252078
0.453434
0.643698
0.828215
1.00675
1.17963
1.34549
1.50391
1.65461
1.79873
1.93482
2.0652
2.19173
2.30597
2.41028
2.50814
2.59336
2.67065
2.74235
2.80246
2.85315
2.8962
2.93138
2.9632
2.98271
2.98861
2.98308
2.96801
2.94509
2.91144
2.8686
2.77689
2.6624
2.59457
2.44403
2.35534
2.26469
2.16305
2.06091
1.96124
1.85616
1.74224
1.62662
1.51052
1.39016
1.24023
1.10276
0.976579
0.73294
0.500157
0.383552
0.248929
0.132612
0.016437
-0.093779
-0.302751
-0.405362
-0.502499
-0.596346
-0.686539
-0.772977
-0.919527
-0.983436
-1.10513
-1.15761
-1.20433
-1.24557
-1.28147
-1.31305
-1.33926
-1.36286
-1.38094
-1.39346
-1.40114
-1.40435
-1.40285
-1.39704
-1.37411
-1.33563
-1.30915
-1.27913
-1.24473
-1.20799
-1.16723
-1.06572
-1.01676
-0.962138
-0.905222
-0.848268
-0.791889
-0.675174
-0.614799
-0.553051
-0.428605
-0.367526
-0.238027
-0.103865
-0.037321
0.0342
0.103008
0.194271
0.265933
0.334581
0.40902
0.476698
0.602783
0.663099
0.722835
0.779995
0.845615
0.899575
0.998402
1.04717
1.09336
1.1353
1.17419
1.20891
1.24055
1.27227
1.29777
1.32133
1.3411
1.35503
1.36474
1.3719
1.37711
1.38198
1.38643
1.39054
1.39557
1.40216
1.42489
1.43869
1.45482
1.47356
1.52793
1.55693
1.59042
1.668
1.76476
1.89549
1.95925
2.03232
2.10947
2.19759
2.37897
2.47688
2.5834
2.70381
2.82706
2.95487
3.22897
3.37261
3.5397
3.88189
4.25702
4.46914
4.92623
5.42616
5.68719
5.9513
6.22193
6.48581
6.98963
7.23067
7.48385
7.73417
8.00029
8.45329
8.91245
9.09819
9.28197
9.45589
9.77029
9.9047
10.0382
10.1802
10.2817
10.3722
10.4458
10.5074
10.5513
10.5772
10.5864
10.5784
10.5532
10.5141
10.399
10.318
10.229
10.1267
9.89291
9.76346
9.62237
9.4694
9.30563
9.13715
8.96137
8.78742
8.60663
8.42119
8.06598
7.89921
7.72745
7.56
7.39227
7.22676
7.06216
6.77503
6.53523
6.34521
6.20348
6.13715
6.07948
6.03811
6.0022
5.97352
5.94483
5.91643
5.88845
5.85459
5.79065
5.71645
5.62627
5.52188
5.40455
5.25318
5.09745
4.92188
4.73401
4.53528
4.32791
4.08131
3.85591
3.61785
3.49962
3.36664
3.10153
2.97873
2.71263
2.58708
2.32404
2.06819
1.9325
1.67663
1.42519
1.17841
1.06662
0.943777
0.825284
0.707991
0.567617
0.357657
0.17432
0.000793
-0.153626
-0.29394
-0.436572
-0.537192
-0.581026
-0.656865
-0.713385
-0.735678
-0.754527
-0.768807
-0.782002
-0.77624
-0.751443
-0.710523
-0.651214
-0.575398
-0.482753
-0.381716
-0.327321
-0.257829
-0.12824
0.015027
0.165293
0.322414
0.501979
0.670616
0.852059
1.05102
1.2394
1.42881
1.53608
1.65974
1.76371
1.89089
1.99849
2.09627
2.19057
2.28101
2.45243
2.59766
2.72455
2.84086
2.94081
3.0218
3.05553
3.11698
3.15997
3.18614
3.19277
3.1958
3.18953
3.18042
3.14903
3.12753
3.07213
3.00321
2.92107
2.81047
2.6959
2.58239
2.45529
2.32263
2.17771
2.03434
1.88781
1.81575
1.66552
1.52211
1.37944
1.24036
1.09287
0.962723
0.834781
0.718992
0.60476
0.503867
0.407863
0.32053
0.242802
0.164484
0.104906
0.05527
0.012813
-0.021397
-0.047251
-0.065142
-0.075089
-0.078361
-0.075282
-0.065551
-0.050972
-0.02986
-0.00432
0.025724
0.060818
0.079863
0.125037
0.167658
0.211457
0.235001
0.263272
0.294242
0.325739
0.356332
0.387644
0.422996
0.457439
0.492958
0.556402
0.618487
0.683498
0.74934
0.81796
0.889489
0.964738
1.04324
1.12462
1.20922
1.29474
1.38104
1.47432
1.56388
1.65399
1.74796
1.84209
1.89126
1.98916
2.03429
2.12119
2.197
2.2664
2.32404
2.37745
2.42529
2.46727
2.50383
2.53407
2.56376
2.58812
2.60738
2.62241
2.63147
2.63434
2.63032
2.61976
2.60293
2.57811
2.54874
2.51579
2.4752
2.43074
2.38276
2.33089
2.27813
2.22188
2.16153
2.09597
2.03048
1.96245
1.8893
1.80719
1.72951
1.64808
1.56249
1.46998
1.37298
1.27773
1.1795
1.07008
0.934042
0.822628
0.714184
0.602422
0.490599
0.374027
0.250719
0.124414
0.010015
-0.106534
-0.230799
-0.354987
-0.47169
-0.610621
-0.754622
-0.937801
-1.10146
-1.2389
-1.37189
-1.49146
-1.60785
-1.71701
-1.82887
-1.9355
-2.04072
-2.14671
-2.25877
-2.36042
-2.45987
-2.56124
-2.65349
-2.745
-2.83461
-2.92033
-3.00633
-3.09256
-3.17431
-3.25784
-3.3351
-3.40586
-3.48734
-3.55573
-3.62141
-3.68623
-3.74712
-3.80592
-3.86509
-3.92767
-3.98246
-4.0326
-4.08597
-4.13913
-4.19584
-4.23924
-4.28081
-4.32523
-4.36503
-4.4047
-4.44263
-4.48216
-4.52633
-4.56742
-4.60571
-4.6457
-4.68286
-4.71876
-4.75356
-4.78722
-4.82038
-4.85328
-4.88645
-4.92173
-4.95192
-4.9836
-5.01295
-5.04562
-5.07729
-5.10811
-5.1418
-5.17795
-5.21781
-5.2603
-5.30924
-5.36756
-5.4368
-5.50748
-5.58981
-5.68291
-5.78557
-5.89668
-6.02112
-6.15539
-6.32127
-6.47082
-6.65072
-6.84031
-7.01765
-7.18962
-7.38878
-7.56562
-7.75844
-7.94768
-8.14313
-8.35372
-8.55637
-8.76376
-8.97949
-9.20052
-9.41258
-9.68472
-9.91462
-10.148
-10.3734
-10.6254
-10.8727
-11.1141
-11.33
-11.5874
-11.8027
-12.0104
-12.2248
-12.4259
-12.6373
-12.8347
-13.0308
-13.2222
-13.4193
-13.6033
-13.79
-13.9716
-14.1512
-14.3229
-14.4958
-14.6764
-14.8454
-15.0064
-15.1675
-15.3707
-15.5546
-15.716
-15.8899
-16.071
-16.2466
-16.4136
-16.5816
-16.7485
-16.9233
-17.0876
-17.2494
-17.4045
-17.5922
-17.7452
-17.8972
-18.0495
-18.2027
-18.3662
-18.5229
-18.6878
-18.842
-18.9949
-19.1531
-19.3122
-19.4721
-19.6524
-19.8042
-19.9607
-20.1166
-20.2755
-20.4333
-20.5905
-20.7476
-20.9061
-21.064
-21.225
-21.3875
-21.5595
-21.7275
-21.9128
-22.0869
-22.2694
-22.4485
-22.6396
-22.8661
-23.0612
-23.2895
-23.5116
-23.7541
-24.0137
-24.2692
-24.5335
-24.8169
-25.1375
-25.4399
-25.6742
-25.9223
-26.1364
-26.6921
-27.2616
-27.8298
-28.1233
-28.3157
-28.5099
-28.7556
-28.9534
-29.2234
-29.4289
-29.6474
-29.8588
-30.2828
-30.4982
-30.7229
-30.9434
-31.1572
-31.3795
-31.616
-31.8442
-32.2764
-32.4925
-32.7183
-32.9445
-33.1613
-33.3786
-33.5899
-33.8101
-34.0348
-34.2498
-34.4643
-34.6826
-34.8952
-35.1164
-35.4077
-35.6312
-35.8329
-36.0496
-36.2481
-36.4457
-36.6613
-36.8653
-37.0609
-37.2495
-37.433
-37.6164
-37.7883
-37.9635
-38.1343
-38.3014
-38.4542
-38.6037
-38.7444
-38.8826
-39.0138
-39.1384
-39.2787
-39.3838
-39.472
-39.5508
-39.6223
-39.6879
-39.745
-39.7954
-39.8376
-39.8742
-39.903
-39.9255
-39.9376
-39.9409
-39.9342
-39.9179
-39.8961
-39.8595
-39.8165
-39.7633
-39.6989
-39.6207
-39.5285
-39.4247
-39.3114
-39.1887
-39.0646
-38.9271
-38.7801
-38.6211
-38.446
-38.277
-38.1186
-37.9566
-37.7785
-37.4554
-37.1168
-36.745
-36.5568
-36.1531
-35.9534
-35.7536
-35.3268
-35.1311
-34.8717
-34.6538
-34.2222
-34.0127
-33.7773
-33.5388
-33.3069
-32.8645
-32.4432
-31.9676
-31.4304
-30.8687
-30.2654
-29.5815
-29.1979
-28.3413
-27.6445
-26.8686
-26.0947
-25.3065
-24.8979
-23.9973
-23.1646
-22.3076
-21.5299
-20.7611
-19.9763
-19.1675
-18.3516
-17.4273
-16.5786
-15.7819
-14.9305
-14.1966
-13.4755
-12.783
-12.1155
-11.471
-10.9426
-10.4928
-10.1546
-9.8831
-9.64498
-9.36177
-9.0037
-8.64686
-8.36652
-8.24284
-8.25773
-8.42114
-8.68405
-9.01849
-9.4164
-9.9509
-10.4558
-10.9566
-11.4712
-11.9978
-12.4753
-12.9616
-13.4123
-13.8235
-14.1934
-14.5581
-14.8631
-15.166
-15.4516
-15.7285
-15.9535
-16.1557
-16.3311
-16.4988
-16.6332
-16.7429
-16.8248
-16.8818
-16.9131
-16.9116
-16.8712
-16.7708
-16.6415
-16.4674
-16.2725
-16.056
-15.8311
-15.5596
-15.2662
-14.942
-14.6043
-14.2361
-13.8602
-13.4951
-13.1094
-12.682
-12.3084
-11.9321
-11.5678
-11.1542
-10.7939
-10.4611
-10.1308
-9.81854
-9.48879
-9.16165
-8.85346
-8.53464
-8.25316
-7.97359
-7.7341
-7.52423
-7.33107
-7.18276
-7.06009
-6.94887
-6.87821
-6.83908
-6.82094
-6.82272
-6.84204
-6.87972
-6.93145
-6.99581
-7.07159
-7.16134
-7.25724
-7.35972
-7.48876
-7.60106
-7.7161
-7.83358
-7.95223
-8.06589
-8.17458
-8.2764
-8.37704
-8.4672
-8.55128
-8.63321
-8.70418
-8.7712
-8.82478
-8.87332
-8.91208
-8.94293
-8.96641
-8.98206
-8.99019
-8.99055
-8.93094
-8.89284
-8.85793
-8.81523
-8.7699
-8.71484
-8.6632
-8.60685
-8.5761
-8.43228
-8.36549
-8.28791
-8.2074
-8.15754
-8.04813
-7.99084
-7.93279
-7.8312
-7.75439
-7.66951
-7.59262
-7.54663
-7.48008
-7.43756
-7.39666
-7.35596
-7.32169
-7.29007
-7.24597
-7.22047
-7.20751
-7.20399
-7.20668
-7.20998
-7.21171
-7.213
-7.21335
-7.20932
-7.20476
-7.2048
-7.2157
-7.24337
-7.2933
-7.38473
-7.52391
-7.71597
-7.85648
-8.15824
-8.32703
-8.71318
-9.10683
-9.52454
-9.9445
-10.364
-10.7686
-11.2015
-11.5831
-11.9573
-12.3219
-12.6359
-12.925
-13.1931
-13.4426
-13.6551
-13.8315
-13.9715
-14.0772
-14.1308
-14.1479
-14.1176
-14.0563
-13.9475
-13.8073
-13.6353
-13.3925
-13.1051
-12.7922
-12.4556
-12.0816
-11.6419
-11.1792
-10.6686
-10.1605
-9.61726
-9.00564
-8.42117
-7.8012
-7.20441
-6.57927
-5.94201
-5.23711
-4.49077
-3.56419
-2.77723
-1.81903
-0.821422
0.22265
1.35286
2.52051
3.66052
4.76203
6.05542
7.67795
9.07341
10.3586
11.4643
12.5401
13.5857
14.5549
15.3091
16.0358
16.7133
17.4621
18.017
18.5166
18.9903
19.4044
19.7669
20.0321
20.2408
20.384
20.475
20.5088
20.4808
20.3936
20.2435
20.0487
19.7981
19.4738
19.1312
18.7518
18.322
17.838
17.3034
16.7775
16.1844
15.5707
14.9185
14.2143
13.4273
12.4556
11.5805
10.5301
9.4897
8.46211
7.37042
6.33558
5.28138
4.26438
3.23844
2.2183
1.17122
0.184959
-0.760433
-1.64146
-2.5247
-3.3372
-4.07709
-4.78796
-5.52056
-6.08599
-6.59068
-7.03434
-7.42061
-7.7532
-8.03324
-8.2655
-8.4558
-8.60171
-8.71456
-8.80075
-8.85512
-8.88064
-8.88049
-8.85747
-8.8127
-8.74114
-8.65233
-8.54035
-8.41543
-8.25663
-8.09774
-7.91575
-7.71942
-7.5062
-7.27649
-7.00564
-6.71027
-6.42004
-6.12551
-5.84011
-5.54556
-5.18812
-4.89666
-4.59825
-4.25712
-3.92395
-3.58086
-3.26426
-2.94914
-2.61566
-2.27761
-1.91519
-1.61548
-1.33591
-1.05073
-0.770729
-0.514329
-0.247002
-0.002692
0.218207
0.432195
0.643267
0.857641
1.04448
1.21873
1.38323
1.52964
1.66901
1.79255
1.90325
2.00468
2.09518
2.16896
2.23292
2.27908
2.30947
2.32855
2.33463
2.32885
2.31088
2.28331
2.24652
2.19862
2.13927
2.06734
1.98978
1.89529
1.80022
1.67663
1.54569
1.40364
1.23327
1.08037
0.917659
0.751951
0.557486
0.369704
0.175122
-0.030062
-0.225486
-0.435087
-0.667081
-0.897287
-1.13018
-1.36903
-1.60652
-1.85006
-2.08668
-2.33006
-2.56879
-2.81353
-3.049
-3.29464
-3.53126
-3.77792
-4.02075
-4.23379
-4.47419
-4.6722
-4.87868
-5.05585
-5.23316
-5.43535
-5.58536
-5.72476
-5.84493
-5.95237
-6.03825
-6.10802
-6.16957
-6.19768
-6.20146
-6.18121
-6.12882
-6.03665
-5.88289
-5.73242
-5.56536
-5.37622
-5.16145
-4.89171
-4.64305
-4.3978
-4.1426
-3.87442
-3.61117
-3.33312
-3.0584
-2.76546
-2.40482
-2.05434
-1.68077
-1.31823
-0.98729
-0.634655
-0.231749
0.063667
0.358919
0.664632
0.95315
1.23604
1.51609
1.77563
2.09004
2.34147
2.59515
2.80038
3.00322
3.19705
3.34184
3.46911
3.58816
3.6795
3.75287
3.81106
3.85284
3.8771
3.88399
3.87327
3.84273
3.79647
3.73543
3.65984
3.56287
3.45253
3.32816
3.18097
3.00889
2.82229
2.64105
2.4431
2.23076
1.97997
1.75494
1.50408
1.20059
0.91881
0.651462
0.36498
0.051186
-0.288177
-0.618316
-0.95931
-1.29743
-1.63839
-1.98647
-2.32476
-2.68935
-3.03917
-3.37498
-3.71423
-4.03777
-4.36552
-4.67255
-4.95793
-5.25364
-5.54735
-5.86802
-6.1228
-6.35974
-6.60974
-6.85511
-7.09337
-7.29324
-7.46812
-7.64452
-7.81523
-7.95244
-8.07641
-8.19406
-8.29564
-8.39921
-8.47964
-8.54922
-8.60748
-8.65821
-8.70029
-8.73253
-8.75226
-8.76046
-8.75952
-8.75021
-8.73245
-8.70448
-8.67093
-8.62403
-8.56858
-8.51011
-8.43974
-8.36346
-8.27077
-8.17431
-8.0645
-7.91677
-7.76234
-7.6062
-7.43077
-7.2402
-7.06545
-6.87165
-6.68054
-6.492
-6.30899
-6.106
-5.89804
-5.6849
-5.4754
-5.27005
-5.06184
-4.84783
-4.63007
-4.41795
-4.20432
-3.98718
-3.76964
-3.54191
-3.32269
-3.09083
-2.88195
-2.66962
-2.45969
-2.23458
-2.03469
-1.81906
-1.62505
-1.44325
-1.23793
-1.0512
-0.871374
-0.709952
-0.540309
-0.372242
-0.215013
-0.063927
0.103198
0.270975
0.416984
0.54984
0.669741
0.791222
0.925431
1.03308
1.14243
1.2404
1.33071
1.41658
1.51031
1.57451
1.63463
1.68368
1.72804
1.76293
1.79323
1.81351
1.831
1.83435
1.82672
1.81288
1.79212
1.76545
1.73188
1.67511
1.62635
1.57158
1.51203
1.41603
1.33284
1.22684
1.14312
1.05467
0.965133
0.872244
0.733154
0.625911
0.523323
0.417714
0.310705
0.205225
0.100019
-0.025293
-0.163756
-0.285885
-0.408195
-0.526304
-0.638238
-0.778905
-0.930721
-1.0676
-1.17702
-1.28266
-1.39064
-1.51314
-1.61302
-1.70961
-1.80124
-1.89986
-1.99388
-2.08645
-2.18744
-2.25906
-2.31467
-2.36884
-2.42363
-2.46035
-2.4912
-2.52806
-2.55197
-2.57391
-2.59287
-2.61154
-2.63006
-2.64943
-2.66599
-2.68551
-2.70548
-2.72723
-2.75111
-2.77859
-2.81255
-2.85212
-2.89511
-2.9473
-3.0047
-3.06906
-3.1383
-3.21791
-3.30043
-3.38768
-3.47684
-3.56676
-3.66237
-3.76041
-3.85777
-3.96022
-4.06059
-4.16115
-4.26392
-4.36579
-4.5058
-4.64294
-4.73583
-4.82065
-4.91509
-4.98589
-5.04763
-5.09483
-5.13243
-5.16116
-5.18173
-5.19344
-5.19698
-5.19238
-5.17987
-5.16069
-5.13606
-5.10526
-5.06634
-5.015
-4.95844
-4.89162
-4.8183
-4.72516
-4.62491
-4.52096
-4.40465
-4.28198
-4.15195
-4.022
-3.87457
-3.74076
-3.61424
-3.48843
-3.37196
-3.25696
-3.14809
-3.04885
-2.96404
-2.89194
-2.83613
-2.79632
-2.77263
-2.76688
-2.77862
-2.81974
-2.89382
-2.98009
-3.09073
-3.25141
-3.46891
-3.73048
-3.97234
-4.22916
-4.50098
-4.783
-5.10813
-5.47573
-5.80669
-6.13848
-6.49464
-6.84995
-7.28662
-7.78973
-8.26694
-8.74019
-9.1812
-9.61647
-10.0247
-10.4193
-10.8026
-11.1515
-11.467
-11.8015
-12.112
-12.415
-12.753
-13.0598
-13.2796
-13.4765
-13.6619
-13.8511
-13.9909
-14.0891
-14.1675
-14.2291
-14.273
-14.3037
-14.3228
-14.3253
-14.3133
-14.2899
-14.255
-14.2107
-14.1523
-14.0786
-14.0056
-13.9203
-13.8186
-13.7119
-13.5919
-13.465
-13.3213
-13.1478
-12.9826
-12.8188
-12.603
-12.4198
-12.2347
-12.0838
-11.9457
-11.8276
-11.7332
-11.659
-11.6048
-11.5784
-11.589
-11.6374
-11.7293
-11.8647
-12.0534
-12.3023
-12.6302
-13.014
-13.4592
-13.967
-14.5269
-15.1801
-15.8822
-16.5875
-17.357
-18.1021
-18.8451
-19.5538
-20.2471
-20.9219
-21.5365
-22.1031
-22.6373
-23.0765
-23.4788
-23.7792
-23.9074
-24.1504
-24.3107
-24.4327
-24.5113
-24.5619
-24.5602
-24.5007
-24.3587
-24.215
-24.0423
-23.836
-23.4888
-23.2111
-22.8892
-22.5606
-22.1826
-21.2955
-20.8397
-19.8736
-18.967
-18.5234
-17.5135
-16.4992
-15.4748
-14.448
-13.4154
-12.4222
-11.9312
-10.92
-9.95421
-8.9868
-8.53651
-7.59402
-7.14437
-6.60892
-6.14708
-5.7156
-5.27969
-4.85345
-4.44524
-4.03815
-3.64954
-3.25407
-2.85709
-2.47489
-2.08679
-1.71228
-1.26096
-0.707014
-0.264937
0.152255
0.569401
0.982825
1.40431
1.80104
2.17398
2.57077
2.93372
3.26477
3.61453
3.98543
4.37824
4.80679
5.25605
5.74858
6.28804
6.8092
7.35753
7.87192
8.36834
8.86883
9.34179
9.81463
10.2735
10.7002
11.0821
11.4341
11.7624
12.0608
12.275
12.438
12.5637
12.6446
12.6815
12.6785
12.6371
12.5573
12.4403
12.2917
12.1144
11.895
11.6578
11.3927
11.101
10.7646
10.4311
10.0577
9.669
9.24032
8.80286
8.36669
7.89103
7.38964
6.88105
6.37886
5.75925
5.00777
4.34304
3.74465
3.10794
2.46487
1.68338
0.960582
0.396422
-0.14348
-0.65521
-1.19872
-1.73166
-2.25058
-2.73968
-3.22894
-3.70858
-4.22181
-4.71225
-5.20132
-5.61724
-6.03835
-6.45248
-6.85347
-7.22883
-7.59422
-7.93895
-8.27453
-8.55351
-8.81352
-9.0524
-9.29018
-9.49585
-9.6823
-9.84348
-9.99119
-10.1193
-10.2306
-10.3175
-10.3888
-10.4403
-10.474
-10.4918
-10.4926
-10.476
-10.4408
-10.3919
-10.328
-10.2472
-10.1504
-10.014
-9.87826
-9.74077
-9.59015
-9.41294
-9.22818
-9.0308
-8.8297
-8.61543
-8.39001
-8.16585
-7.93531
-7.69613
-7.44896
-7.19335
-6.93892
-6.67939
-6.41867
-6.14873
-5.88236
-5.5982
-5.32902
-5.04228
-4.76086
-4.48084
-4.21043
-3.9353
-3.66634
-3.39784
-3.1307
-2.88154
-2.59554
-2.36012
-2.14531
-1.93661
-1.70113
-1.50198
-1.31737
-1.14126
-0.971268
-0.810093
-0.662317
-0.522124
-0.398286
-0.275727
-0.154756
-0.056097
0.037019
0.119959
0.201869
0.281765
0.355268
0.426068
0.494798
0.564546
0.6324
0.709477
0.796933
0.890297
0.983925
1.08718
1.21443
1.35677
1.50834
1.66165
1.82319
2.00349
2.20041
2.40415
2.6207
2.83089
3.04766
3.27113
3.507
3.72592
3.94691
4.15843
4.37646
4.58835
4.79611
4.98695
5.1703
5.35443
5.52668
5.69705
5.85055
5.99751
6.14678
6.28062
6.40358
6.5207
6.62726
6.72233
6.81022
6.88166
6.94571
6.99993
7.04787
7.08729
7.11319
7.12785
7.13315
7.129
7.11522
7.09122
7.06106
7.01921
6.96711
6.90268
6.82063
6.72852
6.62841
6.52241
6.4081
6.28591
6.15489
6.01695
5.86877
5.70782
5.55275
5.38817
5.22502
5.06277
4.89864
4.70505
4.51161
4.33558
4.1546
3.97314
3.781
3.61342
3.42828
3.25946
3.08983
2.91315
2.75362
2.60396
2.45307
2.30615
2.16747
2.02902
1.89841
1.76661
1.63719
1.50629
1.38444
1.26545
1.15706
1.04832
0.943438
0.838313
0.739781
0.640057
0.542575
0.453913
0.36384
0.276098
0.194967
0.118051
0.036338
-0.039058
-0.127427
-0.201272
-0.281935
-0.358182
-0.426279
-0.493853
-0.553053
-0.600235
-0.642079
-0.675861
-0.707238
-0.732265
-0.752311
-0.778639
-0.785795
-0.78952
-0.788393
-0.78458
-0.777353
-0.766904
-0.753932
-0.737783
-0.718282
-0.671055
-0.640116
-0.60699
-0.573296
-0.534859
-0.495387
-0.452282
-0.400018
-0.352684
-0.300405
-0.232784
-0.179239
-0.104251
-0.039536
0.0163
0.064896
0.105303
0.142761
0.178237
0.208564
0.239028
0.270036
0.290163
0.304717
0.313919
0.317068
0.313014
0.301063
0.28271
0.25928
0.229476
0.197609
0.1618
0.122415
0.078307
0.031499
-0.017144
-0.067934
-0.124803
-0.178659
-0.232751
-0.287569
-0.344659
-0.40058
-0.460458
-0.517148
-0.574429
-0.629097
-0.683216
-0.738693
-0.794259
-0.846361
-0.899263
-0.948834
-0.995767
-1.04158
-1.08927
-1.13387
-1.17458
-1.21346
-1.25009
-1.28419
-1.31783
-1.34881
-1.37704
-1.40237
-1.42546
-1.4453
-1.46419
-1.47987
-1.49184
-1.50054
-1.50606
-1.50845
-1.50766
-1.50361
-1.49669
-1.48705
-1.47466
-1.45955
-1.44097
-1.41566
-1.3823
-1.34917
-1.30578
-1.26188
-1.21556
-1.16228
-1.10375
-1.05047
-0.992229
-0.932133
-0.870339
-0.805937
-0.738623
-0.673996
-0.606021
-0.542008
-0.475701
-0.414178
-0.346493
-0.28244
-0.202859
-0.123884
-0.063587
0.010996
0.071182
0.12275
0.165569
0.208856
0.233887
0.251958
0.265255
0.27354
0.277926
0.276986
0.271044
0.260228
0.243994
0.212818
0.184341
0.14966
0.102761
0.049306
-0.007145
-0.063569
-0.120561
-0.192297
-0.25764
-0.336016
-0.416685
-0.499697
-0.571012
-0.644882
-0.716707
-0.782339
-0.848464
-0.910607
-0.973075
-1.03519
-1.09226
-1.14512
-1.19752
-1.24591
-1.29146
-1.33706
-1.38028
-1.41995
-1.45576
-1.49007
-1.5223
-1.55471
-1.57839
-1.59945
-1.61927
-1.63483
-1.64672
-1.65644
-1.66298
-1.66682
-1.66824
-1.66686
-1.66313
-1.65689
-1.64817
-1.63751
-1.62391
-1.6083
-1.59095
-1.5713
-1.54834
-1.52573
-1.49904
-1.47255
-1.4445
-1.41489
-1.38474
-1.35353
-1.32081
-1.28847
-1.25566
-1.22246
-1.18792
-1.14419
-1.1043
-1.05733
-1.02175
-0.984294
-0.94491
-0.908429
-0.871712
-0.839645
-0.80883
-0.778128
-0.748584
-0.719297
-0.691316
-0.665113
-0.639068
-0.614604
-0.591273
-0.569265
-0.548658
-0.529614
-0.51173
-0.495166
-0.479779
-0.465811
-0.453131
-0.441273
-0.431428
-0.422484
-0.414974
-0.408613
-0.403265
-0.399441
-0.396741
-0.395299
-0.395027
-0.395888
-0.397886
-0.40083
-0.404715
-0.409759
-0.415586
-0.422362
-0.429974
-0.438403
-0.450569
-0.46106
-0.471823
-0.483293
-0.49587
-0.508433
-0.522003
-0.535764
-0.551126
-0.56646
-0.583876
-0.600967
-0.616946
-0.633752
-0.650769
-0.668189
-0.684979
-0.701657
-0.718857
-0.735311
-0.753201
-0.770087
-0.786378
-0.802705
-0.819037