
894.889
-684.173
993.037
-885.522
-461.957
153.205
955.153
-50.0195
-422.452
-638.52
642.207
65.4059
-2.90204
-673.034
1349.88
-462.915
-1226.75
689.883
660.646
-238.533
-56.0774
-381.166
-275.073
436.273
1051.84
-1264.4
80.7568
1.36188
-176.468
1033.4
-361.066
-502.794
-298.184
58.5835
1668.7
-1640.06
626.226
-813.811
531.55
841.049
-1490.15
1628.36
-1894.2
1102.27
378.022
-752.593
457.93
-263.328
-91.4142
-285.595
976.85
-138.068
-793.264
373.979
-399.482
461.514
748.387
-930.753
-5.64869
-499.931
880.434
259.01
-632.404
308.724
-636.111
429.237
195.395
212.453
-516.464
-98.5853
230.706
48.0424
48.2014
145.82
-544.655
304.973
142.625
-202.017
208.501
-301.981
300.313
-192.828
-106.117
385.684
-251.66
-35.0025
51.6616
21.1236
32.909
57.8315
-226.969
3.6916
191.931
116.33
-241.556
5.50889
-40.0514
67.3877
182.781
-105.297
-76.5869
-148.166
170.687
81.1897
-12.4162
-54.6971
-155.621
194.81
-17.317
-60.9387
87.4291
-137.556
76.7737
89.4703
-215.212
162.12
-1.87141
-60.5847
78.6932
-87.1966
3.79854
53.5722
-50.1992
48.4632
30.6579
-105.968
42.7671
4.55733
-37.0947
150.875
-74.4779
-100.913
33.5172
5.13255
47.0162
79.5826
-124.133
-3.31589
-15.8808
29.7708
104.006
-73.9555
-45.2942
23.4907
-31.4192
45.8166
36.9601
-30.2586
-55.0978
41.6155
13.2725
-18.2361
27.9656
-18.1512
-62.9358
83.8591
17.5824
-68.3596
-13.8014
45.3542
29.8857
-7.63871
-54.5063
-10.2138
25.694
42.5579
6.58013
-60.1052
-21.5393
55.7231
-10.0864
-0.561772
27.9599
-12.0748
-67.4592
30.7635
47.4694
-38.8786
28.0495
8.73788
-74.1747
33.5653
28.1186
6.60337
0.768908
-35.1433
-20.4932
23.2303
39.6016
11.9338
-83.7897
-0.322137
90.2829
-12.5297
-72.8525
42.6225
-22.4138
21.4651
52.0715
-88.6684
-7.95874
66.0172
-19.092
21.3405
-41.051
-6.08793
35.3517
-36.5339
42.202
-1.53052
-58.1741
61.3404
-21.4406
-31.2851
40.2622
23.5842
-30.0458
-20.4871
-6.56488
15.9686
28.9845
11.613
-44.0084
-31.8127
39.3166
45.6195
-42.6998
-8.1777
6.33525
-14.1419
31.2088
-1.91001
-33.9283
25.1058
-5.67097
17.8098
-22.2318
-13.9355
45.8745
-25.8563
-14.5637
26.6547
-30.4547
24.5974
10.0129
-24.011
-4.09634
20.2158
0.272753
-7.60983
-14.0801
10.5615
14.1845
-11.5567
-1.54151
1.08249
-23.7024
45.1661
0.57034
-38.8948
12.3706
8.07544
-15.9963
26.3955
-7.55909
-13.0668
2.90136
3.43994
1.51315
5.44254
-5.17788
2.2567
-12.0541
6.36532
6.65874
-4.104
-4.85917
15.3001
-18.2604
3.97266
9.89215
-1.995
-3.95286
-7.38529
4.59529
10.0549
-15.2004
13.5012
-7.32575
-2.96976
13.1694
-7.48293
-9.86193
15.2555
-10.4439
3.49908
2.68205
-0.657399
-5.30622
-3.98078
10.5212
12.2249
-19.2464
-0.92773
3.29518
-1.67818
6.06603
7.58175
-21.1957
11.7991
0.968708
-3.81635
4.41244
-0.408572
0.632181
-5.35062
-5.02017
15.6793
-11.7468
3.48471
5.32118
-7.89164
-4.05255
17.2543
-9.72058
-3.18238
3.11576
-1.97973
-3.71666
9.11513
-1.50279
-2.97898
-4.28595
10.8381
-7.11274
-1.42513
6.58103
-3.17476
-7.73384
13.7632
-11.1585
1.80153
3.70003
2.02491
-3.21897
-0.620871
1.87346
-1.01461
-4.19231
5.89549
-2.78159
1.51099
-3.33416
7.95707
-9.70335
3.13915
7.45998
-8.55602
1.202
5.92957
-11.9446
6.43904
2.62115
1.20619
-6.19097
4.02503
-2.00541
3.24186
-2.00877
3.38702
-8.31807
0.810248
6.29097
1.06828
-6.82394
6.20367
-5.13416
1.46062
5.09964
-3.60701
-4.82153
6.68569
-3.33624
1.82617
-7.32804
10.6438
-3.16761
-1.31898
1.95931
-3.00601
-0.578232
5.4702
-5.88612
0.698414
0.752235
3.63117
-3.76658
0.895862
-2.54938
6.75996
-4.64816
2.28518
-3.20471
-3.83627
6.54845
5.36672
-11.9848
4.94617
-1.0455
2.75498
3.22243
-2.60094
-8.56969
6.17035
-0.102602
5.09473
-7.21759
2.42994
-0.87742
1.0494
2.57819
-1.19978
-3.90905
4.58336
-4.00166
2.60149
-2.70853
4.66222
-4.4048
1.51268
-0.133349
2.95423
-1.76746
0.842867
-4.66064
1.16814
2.69977
1.83923
-4.12738
1.84852
-3.32405
4.46344
-0.273303
2.04424
-5.63377
1.19103
-0.768475
5.16308
-3.43735
0.117585
-2.30283
2.32985
1.23582
1.5623
-4.38701
2.22892
-2.27366
3.16079
-2.86387
2.9267
-2.70953
1.73042
-1.37762
2.17162
-2.63762
2.7387
-2.58553
2.32352
-2.29363
2.35285
-2.30514
2.13796
-2.21732
2.31083
-2.59272
2.52827
-2.30804
2.53766
-1.98363
1.46563
-1.96992
2.43844
-2.21965
2.95845
-4.15999
2.52814
-1.18806
2.05073
-1.25617
0.183726
-2.11453
3.70874
-2.03206
2.62675
-4.72543
2.7259
-2.15096
3.78041
-2.8467
1.60274
-1.67787
1.87162
-1.14891
1.14643
-2.44736
2.79878
-2.40591
2.56861
-3.31387
2.71473
-1.75817
1.99653
-1.52001
1.38586
-1.92669
2.91558
-3.81707
2.52627
-2.35087
3.2773
-2.06365
1.55833
-2.76916
2.53881
-0.935206
1.71891
-2.94399
1.77195
-2.31822
3.79528
-2.85583
1.68501
-2.0123
1.875
-0.793713
1.68298
-2.7363
2.66673
-3.13526
2.80558
-2.94807
2.88952
-1.70866
2.15272
-2.06383
0.63556
-0.981342
2.17706
-1.96721
2.37799
-3.65423
2.62427
-1.84592
2.35345
-1.47662
0.910321
-1.44291
2.54952
-3.24919
3.21391
-3.42377
2.56493
-1.74644
1.86257
-1.95626
2.18859
-1.5363
1.22632
-2.00374
2.4619
-2.61094
2.78046
-2.86652
2.36268
-2.41053
2.45781
-1.74565
1.68064
-1.51674
2.07088
-2.83495
2.73876
-3.24058
2.6965
-2.12877
2.64005
-1.87901
1.3703
-1.97348
2.03234
-1.97179
2.50105
-2.08082
1.53348
-2.73922
2.93174
-2.54688
2.7936
-1.77228
1.36223
-2.02179
2.67433
-2.99394
2.5416
-2.42484
2.21931
-2.11738
1.95452
-1.20304
1.4743
-1.96017
2.18417
-2.75925
2.68244
-1.80264
1.71818
-2.55503
2.28241
-2.39016
2.94861
-2.0577
2.17121
-2.61296
2.29675
-2.50602
2.52283
-2.8615
2.53357
-1.2938
1.19012
-1.3349
1.23176
-1.9976
2.96999
-2.48413
2.23052
-2.92509
2.4479
-2.09114
1.88055
-1.47725
1.9771
-2.3633
2.81156
-2.6801
1.97517
-1.86781
1.85804
-2.48623
2.73268
-2.18688
2.06803
-1.6111
1.27659
-1.79314
2.09719
-1.87885
2.61229
-3.32655
2.50454
-2.50316
2.50872
-1.66731
1.97024
-2.33965
2.46364
-2.17054
1.9869
-2.90757
2.70189
-2.00008
2.04665
-1.59466
1.28456
-1.9677
2.38892
-2.05025
2.39571
-2.63508
2.62984
-3.19092
2.71872
-2.26131
2.22287
-1.80509
2.05147
-1.99092
1.79544
-2.01234
2.16699
-2.43139
2.12702
-2.01129
2.04267
-1.52116
1.60819
-2.06032
2.02186
-2.09532
2.86608
-2.8091
2.32774
-2.62724
2.00623
-1.76694
2.04209
-1.55862
2.0153
-2.2287
2.12761
-2.79105
2.73069
-2.24188
2.02663
-1.87312
1.71267
-1.90661
2.14822
-1.92957
1.89438
-1.88994
2.23918
-2.59554
2.63775
-3.08079
2.51302
-2.04061
2.30101
-1.61194
1.54095
-1.92429
1.93768
-2.08446
2.07051
-2.17826
1.99062
-1.82166
2.13625
-2.27387
2.13085
-2.32292
2.74746
-2.35695
2.44346
-2.77985
2.22037
-2.46379
2.34422
-1.71713
1.89253
-1.65783
1.65092
-1.89017
1.93858
-2.25102
2.19724
-2.19177
2.46575
-2.41529
2.10667
-2.20116
2.17359
-1.72328
2.08743
-2.25136
2.3222
-2.7777
2.29871
-2.2545
2.4201
-2.13971
2.29801
-2.08974
1.73716
-1.42163
1.46392
-2.09775
2.13319
-1.99332
2.19897
-2.07959
1.70614
-2.11885
2.4186
-1.83696
2.24805
-2.54273
2.16122
-2.5711
2.64116
-2.56494
2.42085
-2.07277
2.08272
-1.47544
1.2131
-1.76912
1.98395
-2.11981
2.46223
-2.64627
2.47173
-2.51673
2.45804
-2.29581
2.26452
-1.91497
2.23362
-2.28183
1.80475
-2.1629
2.08965
-2.09544
2.50685
-2.31501
2.14998
-1.82491
1.74687
-2.21697
2.32558
-2.14932
2.20515
-2.28083
2.04802
-2.36724
2.61527
-2.13217
2.04225
-2.04511
2.1802
-2.14837
2.07046
-2.52752
2.01747
-1.73461
2.12424
-1.5749
1.52441
-2.11909
2.12356
-1.86729
1.9304
-2.03826
2.08092
-2.37654
2.40135
-2.40061
2.22275
-1.99362
2.50871
-2.49551
2.35129
-2.38157
1.92548
-2.07188
1.97325
-1.68708
1.98123
-1.74118
1.5668
-1.9106
2.06714
-2.01577
2.31957
-2.59319
2.39204
-2.46339
2.30777
-1.98014
1.77711
-1.635
2.11855
-2.15875
2.19038
-2.46449
1.93739
-1.90979
2.08371
-1.93571
2.20711
-2.32136
2.24653
-2.23716
2.16265
-1.98199
2.05448
-2.30319
2.38982
-2.50979
2.18059
-2.11681
2.30777
-1.89507
2.08066
-2.06562
1.74548
-2.25712
2.37578
-2.24913
2.11552
-1.73796
1.75243
-2.01369
2.17743
-2.20051
2.2855
-2.15183
2.10893
-2.38795
2.34456
-2.39058
2.27782
-2.14619
2.14775
-1.68129
1.84069
-2.01545
1.78919
-2.18726
2.1391
-1.76088
1.76226
-1.80044
1.82793
-1.9093
2.19425
-2.31657
2.28642
-2.26937
2.43711
-2.46689
2.02144
-2.19394
2.13035
-1.63761
1.88808
-1.79654
1.74037
-2.10615
2.30575
-2.5648
2.41698
-2.22724
2.25156
-2.0727
1.92867
-1.96783
1.96294
-1.768
2.00299
-2.32204
2.34209
-2.42658
2.23586
-2.34248
2.29586
-1.86717
2.09056
-1.90067
1.61728
-2.00511
2.24864
-2.39189
2.449
-2.57177
2.43994
-1.93718
1.76797
-1.84432
1.83062
-1.89486
2.51966
-2.64749
2.20429
-2.42618
2.27496
-1.96445
2.03601
-1.84931
1.75362
-1.51051
1.53589
-1.95179
2.03884
-2.26589
2.50983
-2.43928
2.21109
-2.08211
1.98378
-1.78982
1.94751
-2.16834
2.39518
-2.37785
2.12291
-2.26404
1.91668
-1.73667
2.12238
-1.82992
1.64752
-1.82501
1.98274
-2.17458
2.31098
-2.52587
2.37986
-1.98888
1.87301
-1.98953
1.81366
-1.60721
2.05202
-2.1375
2.13954
-2.61564
2.59742
-2.50338
2.42493
-2.28352
2.15667
-1.79445
1.83418
-1.91345
1.88682
-2.0733
2.11857
-2.20819
2.3371
-2.51228
2.5143
-2.18007
1.72646
-1.51257
1.91229
-2.07385
2.2742
-2.63857
2.20359
-2.03075
2.08961
-1.8154
1.83499
-1.93027
2.07551
-2.16877
2.15446
-2.11356
1.99474
-2.10253
2.28537
-2.43078
2.27447
-1.99892
1.87698
-1.57334
1.7145
-1.94067
1.97282
-2.28241
2.24655
-2.22375
2.19405
-1.96257
2.03535
-2.06864
2.06369
-1.99929
2.0196
-2.12759
2.09068
-2.26737
2.30598
-2.14147
2.03016
-2.06942
2.12575
-1.96001
2.14173
-2.05692
1.85048
-2.37195
2.38693
-2.23922
2.49488
-2.26885
1.91318
-1.89806
1.95949
-1.79899
1.90219
-2.16395
2.11954
-2.26158
2.30916
-2.29512
2.25272
-1.97416
1.86651
-1.65836
1.65629
-1.86674
2.06924
-2.4592
2.40349
-2.34521
2.38582
-2.01281
1.86568
-2.04063
2.14797
-2.06662
2.21423
-2.30215
1.90201
-1.89877
2.10302
-2.053
1.93915
-1.97295
2.11255
-1.74978
1.73371
-2.06809
1.88293
-2.05153
2.37155
-2.32829
2.18653
-2.01949
1.88574
-1.80397
2.00438
-2.1332
2.26197
-2.40796
2.18407
-2.12819
1.97937
-1.76104
1.85634
-1.93234
2.07786
-2.08839
2.20372
-2.31344
2.00466
-2.03788
2.18979
-2.04369
1.91754
-1.97149
1.96751
-1.69159
1.93589
-2.36492
2.33828
-2.40863
2.54326
-2.42779
1.97225
-1.94466
2.11593
-1.7505
1.95468
-2.29661
2.07598
-2.11814
2.39363
-2.47844
2.29779
-2.19251
1.9297
-1.56197
1.66599
-1.84807
2.08203
-2.21816
2.19562
-2.27959
2.11721
-2.0113
1.93599
-1.8588
1.96362
-1.87609
1.98468
-2.1127
2.07317
-2.2429
2.33816
-2.2992
2.15535
-2.14315
2.04843
-1.78638
1.82192
-1.72748
1.74642
-2.02689
2.21423
-2.33018
2.15626
-2.08404
1.95143
-1.69015
1.80923
-1.9311
2.08962
-2.26762
2.33054
-2.27299
2.05405
-2.10565
2.13805
-2.05139
2.06216
-2.09057
2.14709
-1.98463
2.0913
-2.26785
2.15179
-2.41359
2.4679
-2.11184
1.84647
-1.70341
1.70527
-1.79103
2.1633
-2.37187
2.34243
-2.36479
2.17068
-2.05707
1.92716
-1.84519
1.90028
-1.80722
1.87258
-1.97048
2.18308
-2.35428
2.24767
-2.33145
2.21189
-2.02723
2.11392
-2.03658
1.85434
-1.82924
2.08729
-2.1075
2.07393
-2.37379
2.30104
-2.11946
2.12215
-2.0891
1.87168
-1.679
1.95005
-1.90526
1.78979
-2.17218
2.30763
-2.27998
2.25487
-2.16797
1.94821
-1.77516
1.95422
-2.0248
2.03063
-2.08442
2.191
-2.27803
2.08548
-2.11627
2.06117
-1.85563
2.04564
-2.14183
2.14012
-2.0909
2.03342
-2.03572
1.93546
-2.09646
2.24114
-2.24035
2.16318
-1.92782
1.85128
-1.77397
1.90001
-2.22328
2.38067
-2.31628
2.08217
-2.13832
1.9908
-1.76394
2.06938
-2.05351
1.92896
-2.1669
2.28534
-2.14173
2.03504
-2.15977
2.02659
-1.94482
2.20835
-2.18845
1.96633
-1.87028
2.03397
-2.04377
2.044
-2.40507
2.27879
-2.02398
2.04668
-1.90809
1.82649
-1.82851
2.00374
-2.08932
2.06442
-2.22759
2.25427
-2.2447
2.19609
-2.09557
1.93968
-1.75357
1.87661
-2.02002
2.2079
-2.28271
2.11556
-2.15849
1.99719
-1.81473
1.85093
-1.7878
1.89302
-2.07149
2.28113
-2.30502
2.12299
-2.13117
2.00668
-1.88303
2.00263
-2.1169
1.95794
-1.87547
2.16487
-2.02158
2.02278
-2.52702
2.49658
-2.27641
2.1122
-1.82003
1.53378
-1.54323
1.91273
-2.01096
2.1189
-2.39099
2.35796
-2.21477
2.10768
-2.01324
1.83177
-1.90913
2.17608
-2.17296
2.30708
-2.33964
2.24945
-2.26905
2.1173
-2.14015
2.12013
-1.99943
1.96681
-1.80702
1.82475
-1.95645
2.1636
-2.35044
2.32346
-2.22293
2.00011
-1.85729
1.73111
-1.74751
1.90845
-1.92023
2.20484
-2.36321
2.25754
-2.22102
1.96981
-1.89038
1.88597
-1.81091
1.93497
-1.93242
1.90221
-2.03567
2.18506
-2.11921
2.09271
-2.17125
1.85928
-1.78109
1.97292
-1.92276
1.99717
-2.1943
2.36077
-2.22138
2.14698
-2.29313
2.06689
-2.01564
2.03773
-1.72788
1.61986
-1.7801
2.01971
-2.17293
2.32708
-2.40779
2.35357
-2.28553
2.0938
-2.07186
1.94646
-1.78107
2.08908
-2.22027
2.23334
-2.30004
2.22024
-2.20309
2.08345
-2.06679
2.03783
-1.83367
1.82939
-1.87239
1.83385
-1.83942
2.13041
-2.3141
2.23401
-2.34911
2.2016
-1.90029
1.77561
-1.76316
1.93118
-1.95461
2.16028
-2.42862
2.32721
-2.2444
2.08666
-1.89935
1.78945
-1.78667
1.96808
-1.99156
1.97626
-2.05689
2.14148
-2.11524
2.1415
-2.32188
2.08352
-1.91746
1.99551
-1.83736
1.94129
-2.07307
2.0921
-2.10923
1.97058
-2.01723
2.07148
-2.02641
2.02179
-2.02201
1.94763
-1.93069
2.24775
-2.3267
2.2132
-2.2737
2.16464
-2.05503
1.94916
-1.90987
1.91895
-1.8534
2.05612
-2.15165
2.13827
-2.16208
1.9834
-1.94916
1.89193
-1.79825
1.94053
-2.11721
2.21856
-2.29269
2.33667
-2.09306
2.07752
-2.32456
2.16381
-2.13491
2.14499
-1.96015
1.93897
-1.96789
2.07025
-2.00717
1.98745
-2.18383
2.07332
-1.86405
1.75881
-1.65662
1.66072
-1.99498
2.37359
-2.36122
2.41791
-2.34906
2.00536
-1.90477
1.86744
-1.95505
2.0975
-2.20621
2.25057
-1.98616
1.88231
-1.87492
1.85464
-1.9715
1.92398
-1.88
1.87782
-1.90912
2.03695
-2.15455
2.17869
-2.1498
2.34788
-2.33726
2.17322
-2.18269
1.86948
-1.75055
1.97599
-2.04871
2.15194
-2.16978
2.13372
-2.06438
1.96434
-1.96616
1.92956
-1.90039
1.86904
-2.00729
2.16913
-2.1799
2.35267
-2.41517
2.36322
-2.22555
2.02351
-1.98624
1.83946
-1.90946
2.11929
-2.06294
2.03978
-2.03437
2.08155
-2.06951
2.01964
-2.06391
1.89034
-1.73024
1.81738
-1.96482
1.98343
-2.1268
2.47494
-2.41617
2.34226
-2.37546
2.01455
-1.74111
1.70386
-1.8499
1.99786
-2.02226
2.19639
-2.18614
2.05351
-2.03961
2.00483
-1.8925
1.77732
-1.8634
1.87574
-1.9081
2.05591
-2.09947
2.25409
-2.29236
2.28837
-2.28264
2.00872
-1.83673
1.73286
-1.67838
1.76913
-1.98876
2.35237
-2.43088
2.38165
-2.32553
2.02034
-1.75712
1.75396
-1.9533
2.02433
-2.09447
2.20886
-2.0746
2.08126
-2.14829
2.16512
-2.14421
1.95579
-1.94069
1.8572
-1.77327
1.95187
-2.06295
2.17123
-2.28078
2.31437
-2.19752
2.05238
-2.00667
1.91732
-2.03743
2.14149
-2.11128
2.22066
-2.22023
2.18368
-2.10384
1.99667
-1.90917
1.71083
-1.7343
1.7972
-1.84597
2.05072
-2.12739
2.14986
-2.11195
2.07548
-2.02088
1.94736
-2.05156
2.09589
-2.17403
2.23507
-2.17979
2.16008
-2.05212
2.01495
-1.94351
1.89232
-1.95487
1.86893
-1.95649
2.02626
-1.88479
1.93126
-2.08011
2.20307
-2.26857
2.31752
-2.15534
1.82867
-1.78558
1.82493
-1.96133
2.20035
-2.349
2.41481
-2.19945
2.01497
-1.90688
1.75877
-1.83022
1.99263
-2.1288
2.03187
-1.94694
2.06432
-2.04314
2.14586
-2.28164
2.19642
-2.07557
2.01658
-2.00514
1.91933
-1.99352
2.1313
-2.14702
2.22043
-2.16458
2.06899
-1.88799
1.68079
-1.78535
1.82298
-1.82318
1.96583
-2.12054
2.25169
-2.28322
2.35014
-2.25981
2.05573
-1.97935
1.96483
-2.05808
2.05158
-2.09188
2.18446
-2.0995
2.08931
-2.03757
1.92156
-1.82195
1.81299
-1.92054
1.86958
-1.93937
2.07865
-2.07682
2.16959
-2.18175
2.12658
-2.06211
1.99124
-1.97569
1.89666
-1.86707
1.90824
-2.11243
2.34811
-2.43605
2.48553
-2.1865
1.84861
-1.71696
1.5281
-1.57537
1.80366
-2.07189
2.29414
-2.36783
2.36178
-2.20869
2.09927
-1.99481
1.89978
-1.89985
1.82762
-1.87993
1.98617
-2.0814
2.22407
-2.26205
2.26846
-2.19127
2.12201
-1.95645
1.68646
-1.75463
1.8815
-2.04165
2.33977
-2.44171
2.41637
-2.26141
2.05648
-1.88128
1.76369
-1.76229
1.81236
-1.99978
2.10407
-2.1719
2.21478
-2.0643
2.10317
-2.12532
1.99901
-1.9457
1.85186
-1.83406
1.87804
-2.02888
2.221
-2.26847
2.3086
-2.22708
2.06953
-1.95152
1.89039
-1.92517
1.9258
-2.02577
2.09747
-2.06467
2.09778
-2.12484
2.17749
-2.02343
1.85285
-1.87164
1.78506
-1.88113
2.10981
-2.24695
2.31107
-2.21685
2.11923
-1.98347
1.85664
-1.84593
1.90732
-1.96211
1.9924
-2.15162
2.12051
-2.01059
2.15615
-2.17617
2.16628
-2.16667
2.05529
-1.97834
1.88402
-1.93764
2.03036
-2.05409
2.14992
-2.19773
2.17613
-2.01887
1.87623
-1.82161
1.80054
-1.96753
2.14588
-2.22968
2.15947
-2.10817
2.12541
-1.90224
1.85264
-1.95849
1.9715
-2.13976
2.23926
-2.21412
2.13758
-2.07523
2.1609
-2.18884
2.11151
-1.99441
1.86931
-1.72971
1.74387
-1.97317
2.04792
-2.13253
2.23251
-2.15518
2.08261
-1.88542
1.78526
-1.78326
1.70512
-1.88346
2.09029
-2.15008
2.21889
-2.30524
2.29046
-2.12593
2.02726
-1.90663
1.79995
-1.85074
1.99796
-2.15811
2.17005
-2.2472
2.25965
-2.08317
2.04393
-1.90209
1.78666
-1.8745
1.91044
-2.01497
2.0687
-2.06037
2.14994
-2.22349
2.2312
-2.17943
2.09515
-1.93543
1.89374
-1.9577
2.00776
-2.18467
2.22917
-2.28573
2.36802
-2.17983
2.04988
-1.88346
1.71264
-1.804
1.96743
-2.15619
2.26803
-2.25039
2.13695
-1.98592
1.91777
-1.90178
1.90685
-1.86544
1.9088
-1.96177
1.90894
-2.02506
2.09657
-2.17496
2.35076
-2.2363
2.03448
-1.79771
1.61182
-1.70977
1.86359
-2.06653
2.24959
-2.31081
2.32993
-2.305
2.13769
-1.87832
1.76315
-1.68169
1.73991
-1.91163
1.90964
-2.03337
2.19863
-2.3023
2.37415
-2.14618
1.92367
-1.77105
1.63207
-1.76405
1.92052
-2.00455
2.1829
-2.35376
2.3652
-2.34424
2.29519
-2.07773
1.96499
-1.87313
1.75162
-1.77611
1.80267
-2.03977
2.30856
-2.37814
2.38699
-2.18881
2.00371
-1.84985
1.67139
-1.74199
1.87429
-1.97795
2.21689
-2.42278
2.34539
-2.19735
2.07678
-1.87252
1.89483
-1.97893
1.94675
-2.00739
2.00544
-2.09544
2.18599
-2.12866
2.20086
-2.12256
1.95586
-1.94748
1.87441
-1.80963
1.90648
-2.10209
2.28417
-2.41665
2.31196
-2.05298
1.87277
-1.64835
1.62018
-1.74762
1.8713
-2.12304
2.20229
-2.20627
2.1588
-1.93368
1.91158
-1.94017
1.8844
-1.93653
1.97039
-1.96429
2.05202
-2.2077
2.29127
-2.32323
2.2367
-2.08525
2.01932
-1.86483
1.83506
-1.8672
1.81309
-2.02063
2.14347
-2.15375
2.25092
-2.11712
1.95299
-1.90645
1.89586
-1.93752
1.95209
-1.9651
2.09369
-2.27023
2.30579
-2.28724
2.15448
-1.97907
1.99409
-1.9066
1.91743
-2.0845
2.02482
-2.11529
2.23465
-2.08383
1.99046
-1.98243
2.00753
-2.00756
1.98229
-1.9534
1.85482
-1.8526
2.03395
-2.15607
2.0857
-2.16264
2.2058
-1.97671
1.9225
-1.8158
1.6833
-1.89094
2.10945
-2.30877
2.36609
-2.18239
2.04214
-1.91286
1.85876
-1.92255
1.94429
-1.96798
2.04612
-2.07733
2.10994
-2.16384
2.03742
-2.03872
2.15285
-1.9619
1.90405
-1.90035
1.74779
-1.8764
2.0669
-2.17995
2.25777
-2.24882
2.24453
-2.12367
1.95485
-1.8615
1.77247
-1.79054
2.06738
-2.2826
2.24093
-2.26277
2.19577
-2.07499
2.09499
-1.9563
1.85948
-1.83173
1.77958
-1.979
2.15782
-2.23957
2.29281
-2.16516
2.08055
-2.02534
1.85572
-1.78198
1.85563
-1.9279
2.13159
-2.33418
2.24907
-2.24615
2.19536
-1.96967
1.98157
-1.91698
1.77208
-1.79294
1.86602
-2.05908
2.19352
-2.255
2.32568
-2.2317
2.07156
-1.91065
1.67024
-1.54941
1.72406
-1.94725
2.1681
-2.34717
2.19889
-2.0946
2.09763
-1.94447
1.9151
-1.84324
1.75717
-1.87021
1.97704
-2.14778
2.232
-2.17892
2.24599
-2.28775
2.18272
-2.05797
1.89534
-1.70667
1.76952
-1.93421
2.05979
-2.27989
2.31345
-2.27994
2.22417
-1.94466
1.81033
-1.75322
1.74599
-1.99246
2.1088
-2.07225
2.10837
-2.16347
2.23965
-2.26911
2.12767
-1.937
1.86493
-1.84142
1.96673
-2.13084
2.12619
-2.19638
2.23106
-2.21598
2.1736
-1.92689
1.82469
-1.82557
1.85145
-2.05551
2.08085
-2.00532
2.10793
-2.1618
2.10807
-2.06038
1.88995
-1.73767
1.82916
-1.88774
1.99154
-2.19091
2.20122
-2.2841
2.32287
-2.10838
1.92628
-1.77099
1.78124
-1.93936
2.03775
-2.12486
2.11323
-2.14864
2.30824
-2.28546
2.07569
-1.93369
1.79796
-1.69992
1.87727
-1.96897
1.93329
-2.05378
2.1384
-2.2762
2.31946
-2.09911
1.9084
-1.72085
1.67199
-1.83405
1.97596
-2.17974
2.37297
-2.38191
2.30653
-2.17003
1.93844
-1.83053
1.89985
-1.985
2.1449
-2.15845
2.07448
-2.18218
2.15632
-2.12214
2.13747
-1.94438
1.87638
-1.88675
1.81076
-1.84597
1.9558
-2.03936
2.15803
-2.28905
2.22092
-2.01237
1.85811
-1.82916
1.91013
-2.0154
2.18139
-2.20243
2.1435
-2.28018
2.23553
-2.09343
2.03888
-1.81535
1.7465
-1.87029
1.91074
-1.99749
2.08068
-2.03523
2.02649
-2.11508
2.06562
-1.93279
1.83909
-1.77779
1.82721
-1.89965
2.05777
-2.16182
2.16316
-2.35001
2.33309
-2.12501
2.12028
-2.00636
1.83895
-1.88554
1.92802
-1.89919
1.99174
-2.1985
2.36817
-2.38487
2.16427
-1.92981
1.82391
-1.78595
1.89961
-1.98172
2.05498
-2.21278
2.24861
-2.2759
2.17281
-1.92307
1.84096
-1.83778
1.89637
-1.97156
1.9239
-1.88993
2.00645
-2.19852
2.33572
-2.343
2.20322
-2.10028
1.9576
-1.76074
1.84486
-1.93304
2.02049
-2.37049
2.45684
-2.28009
2.18154
-1.99697
1.80845
-1.77333
1.78364
-1.73406
1.76056
-1.96236
2.16804
-2.22396
2.16585
-2.13159
2.03234
-1.96801
2.02274
-1.92787
1.88493
-1.99705
2.14934
-2.35492
2.3871
-2.28413
2.10564
-1.86814
1.81133
-1.822
1.75093
-1.74593
1.86019
-2.02627
2.22103
-2.29439
2.17175
-2.0729
1.94196
-1.81093
1.84248
-1.81178
1.87548
-2.07924
2.18592
-2.34267
2.35448
-2.16116
2.04759
-1.95844
1.86468
-1.82459
1.84352
-1.98886
2.26525
-2.36269
2.25423
-2.19127
2.04855
-1.99543
2.12284
-2.09795
1.97207
-1.91851
2.00675
-2.1071
2.15942
-2.27154
2.18665
-2.00894
2.01255
-1.89453
1.65692
-1.63599
1.79954
-1.9793
2.19145
-2.30774
2.2451
-2.16056
2.0458
-2.04998
2.07807
-1.93602
1.95446
-2.00344
1.96788
-2.05645
2.10886
-2.1176
2.11252
-2.01423
1.90177
-1.78655
1.64254
-1.66728
1.91395
-2.06584
2.14827
-2.21928
2.12142
-2.08249
2.12337
-2.07979
1.98345
-1.8844
1.95899
-2.08278
2.1855
-2.33569
2.25536
-2.07904
2.10036
-2.13083
1.97321
-1.81891
1.8351
-1.86647
1.97638
-2.2067
2.33759
-2.24692
2.13497
-2.17897
2.03145
-1.82444
1.87144
-1.86371
1.96273
-2.20348
2.16267
-2.03919
2.01943
-1.94957
1.92962
-1.9989
1.91969
-1.81702
1.92443
-2.02749
2.13388
-2.29641
2.36694
-2.36856
2.28383
-2.14903
1.8865
-1.62807
1.68798
-1.83612
2.02766
-2.26319
2.23924
-2.04974
1.95094
-1.91307
1.81768
-1.7686
1.78138
-1.79981
1.9223
-2.09404
2.25058
-2.3356
2.37381
-2.39856
2.26594
-2.132
1.97632
-1.72717
1.75737
-1.89976
1.95378
-2.12256
2.22156
-2.15368
2.09859
-1.99056
1.77989
-1.72961
1.78041
-1.81813
2.05127
-2.20227
2.16264
-2.20971
2.27681
-2.26451
2.1436
-2.04018
1.94282
-1.79968
1.88013
-2.04523
2.05568
-2.07442