
0
122.757
-210.754
617.926
-116.035
-218.318
-390.458
66.4688
252.226
266.919
-126.704
-200.532
19.8508
241.629
24.8091
-831.903
583.103
278.667
79.9098
-375.494
116.824
-328.012
119.196
137.654
604.147
-669.141
11.3393
-4.47629
-208.159
285.225
372.258
-245.141
35.2631
-629.502
216.189
646.955
-486.274
495.828
-556.496
-187.349
725.477
-868.735
892.937
-218.046
-446.608
258.229
18.5154
-174.223
164.558
39.9619
401.612
-695.081
130.931
-21.2354
46.4733
100.721
510.086
-648.894
182.989
-476.598
334.497
275.036
-84.4001
-39.4307
55.263
-386.032
220.239
-71.0258
391.449
-262.971
39.6449
-141.886
101.187
-190.774
364.223
-149.455
-62.0209
29.8322
-16.7922
-17.4723
122.2
-235.234
263.545
-79.4231
-61.4441
-30.0966
94.5008
-62.1827
84.3854
-40.3558
-39.2258
-97.7398
123.751
49.502
22.7639
-118.433
58.9597
-135.616
105.135
14.9747
78.0353
-42.2212
-63.7886
-49.5336
49.7921
-12.4256
120.096
-113.655
8.7553
7.56901
-5.85478
-22.5261
100.548
-129.203
51.209
41.6029
-27.4788
-27.3019
53.8969
-81.9235
50.0969
-13.8355
12.594
-20.5989
66.5373
-74.1705
17.7565
-6.07459
-14.2656
-10.3943
100.356
-49.9926
-0.0666478
-32.9147
-2.79366
-38.0034
92.3839
-33.8612
37.4747
-34.5857
-26.083
-26.6523
65.8133
-37.9969
45.981
-19.0728
13.6834
-58.0773
37.24
-7.03233
26.6828
-38.7433
46.1764
-46.2474
3.48517
1.23607
55.3447
-56.7469
8.80203
-27.5856
47.8545
-10.4163
30.6105
-49.283
13.2695
-35.7189
43.6029
0.825258
24.0251
-53.0562
31.9948
-25.1291
12.885
-33.8069
56.2785
-10.1275
1.91348
-29.3163
41.7039
-57.1304
26.0381
1.60333
30.6794
-29.4208
23.9427
-46.2998
20.4994
-19.4228
46.1733
-8.73593
0.355988
-60.1413
47.5598
12.2905
7.54704
-40.7565
37.6766
-50.4431
31.4982
18.4206
6.04238
-50.2939
32.7224
-33.1426
37.5904
-9.13042
3.57877
-11.3395
25.183
-52.8657
45.9879
-13.1628
-2.06647
-13.7765
43.7123
-27.7574
6.60477
-31.1972
22.4445
-16.9873
37.24
-11.1345
12.4599
-47.2291
15.0573
4.17492
32.3698
-34.6934
23.7934
-24.1658
7.40078
-6.04748
27.6722
-32.5253
22.6011
-27.8501
27.2467
-6.44555
0.117493
-23.6008
37.7819
-31.5269
23.6937
-9.75207
8.0106
-27.1065
28.6105
-14.5397
17.7006
-26.1307
15.8543
-16.3638
28.5498
-24.5151
17.3215
-15.6767
4.83929
-17.506
41.716
-24.1788
6.31325
-12.3102
16.6334
-27.666
27.1596
-13.9358
15.1376
-18.9912
16.6166
-20.5811
19.0965
-19.4975
21.6684
-14.7372
14.7765
-21.1973
22.9106
-19.395
11.2054
-10.9791
19.9905
-20.6953
16.3469
-21.8836
20.0141
-12.2516
11.0616
-14.5116
19.3139
-23.2007
20.1633
-10.8733
10.0389
-17.2573
20.5297
-19.852
15.8206
-14.463
17.5692
-13.7551
10.1914
-22.4666
21.9177
-11.6751
14.245
-14.8943
17.7911
-24.0966
17.0345
-9.23237
12.1571
-16.0657
18.4495
-18.0958
17.3853
-20.2405
14.8361
-9.53924
12.986
-17.8981
20.3566
-16.3393
9.2679
-12.3436
20.5866
-18.2796
14.2113
-12.6578
12.9905
-17.4284
15.3714
-11.9466
15.2802
-18.4746
15.3946
-11.1246
11.1209
-16.155
19.7748
-16.6142
11.3368
-9.71802
14.1842
-15.1115
13.0504
-14.6105
16.0083
-16.2172
13.4788
-12.454
14.0157
-14.1415
12.5967
-11.4066
13.9829
-18.4457
17.4657
-11.2047
8.83303
-10.4873
15.3532
-16.9048
11.8248
-12.0531
14.8783
-13.8691
12.925
-13.5064
12.846
-14.3428
13.7598
-9.22606
12.7286
-16.5524
14.0237
-12.0518
11.2464
-11.6742
15.5679
-16.8863
12.6389
-11.2146
12.8732
-12.9918
10.137
-11.6606
16.1322
-15.5411
14.31
-12.2077
10.3381
-11.8432
14.2862
-13.1249
10.876
-12.5322
13.1326
-11.6604
12.6692
-14.3248
12.2724
-11.5256
10.9261
-8.77777
13.8339
-17.1051
11.5706
-8.96461
11.5173
-10.8646
13.1936
-15.3286
9.66329
-9.91873
12.8418
-10.0457
10.3654
-13.0815
12.8276
-12.9798
12.7795
-9.67508
9.8281
-11.3623
11.945
-11.6953
11.2418
-12.2464
12.5498
-11.024
10.2226
-11.602
10.602
-11.0178
11.9124
-9.16464
10.7717
-13.1906
11.4587
-11.3249
11.7963
-9.90521
11.5337
-12.117
9.27553
-11.5957
11.9775
-9.24612
11.2885
-12.6783
10.5994
-12.2342
12.0173
-8.20529
10.3437
-11.3268
10.0037
-10.997
11.2677
-11.4819
11.576
-9.87373
8.81215
-10.5385
11.7192
-11.8054
10.6343
-9.35721
9.71051
-10.7356
11.51
-9.99037
9.33117
-9.42585
10.2633
-10.7329
10.0655
-10.4938
9.4156
-8.60026
9.84862
-10.4151
10.276
-11.5165
10.4865
-7.66719
9.17373
-9.72763
9.38123
-11.8371
11.9435
-9.04968
10.0706
-9.95675
7.32242
-9.55157
9.79628
-8.51587
10.415
-10.9873
10.2652
-10.2039
10.0913
-8.5472
8.51562
-9.49483
9.48431
-9.36931
10.3556
-10.1342
8.94911
-9.07609
8.5702
-8.82742
9.76183
-10.765
10.1238
-8.60686
9.61832
-8.82301
8.24786
-9.72203
9.19962
-8.37873
10.1623
-10.1478
8.58363
-9.72465
8.84276
-7.73166
9.43393
-10.0686
9.3348
-9.86884
9.22398
-7.5893
8.26396
-8.5824
9.15514
-9.41889
9.43042
-9.74422
8.32399
-8.59748
8.23326
-6.91673
8.10348
-9.18454
8.81973
-9.76819
9.13188
-7.54837
8.42781
-8.23174
8.39781
-9.76823
9.96996
-8.94856
7.7894
-7.68143
7.52894
-8.77294
9.36564
-9.04971
8.78391
-8.84771
9.17796
-8.12775
7.55914
-7.96832
8.27511
-8.62444
9.035
-8.70756
8.56783
-8.64244
7.78918
-7.80834
7.83414
-8.85859
9.08199
-8.8014
8.52434
-7.43566
7.92581
-7.66631
7.49928
-8.67686
8.52532
-8.3447
8.45201
-7.87865
8.26298
-8.6197
7.17496
-7.59771
7.87449
-8.22365
8.9688
-7.92349
7.24239
-7.49275
8.31676
-8.46313
8.27447
-8.14132
7.86148
-7.67039
6.75897
-7.20267
7.75172
-8.11801
8.40359
-7.66018
7.1496
-8.11495
8.12256
-7.65665
8.03645
-7.12464
7.43822
-7.87247
7.2392
-7.5532
7.32974
-7.37373
7.144
-8.08941
9.01859
-8.34284
7.89704
-7.25479
6.36499
-7.16799
7.86888
-7.32199
8.01608
-8.12117
7.57688
-7.32593
6.77204
-7.37849
7.78756
-8.11575
7.42201
-6.90086
7.12849
-7.51678
7.7872
-6.94391
6.79978
-6.94034
7.21913
-8.03258
7.8063
-7.35023
7.46739
-6.55786
5.96184
-7.02212
6.82064
-7.33304
7.57168
-6.76983
6.78721
-7.03398
7.23048
-6.60309
7.20241
-7.8345
7.05389
-6.96886
6.41384
-6.08842
6.93291
-7.26384
6.97093
-7.51713
7.31566
-7.36668
6.94618
-6.04721
6.28206
-6.25572
6.67554
-6.8151
6.72487
-7.09904
6.87743
-6.72276
6.43704
-6.89428
6.85711
-7.01901
7.16457
-6.48818
6.21771
-6.36575
5.95178
-6.41256
7.2201
-6.88039
7.17432
-6.76386
6.2367
-6.51843
6.02089
-6.70174
6.74997
-6.90864
7.23507
-6.47597
6.10218
-6.2013
6.31867
-6.66892
6.87496
-6.59286
6.68185
-6.82172
6.81093
-6.41349
5.94077
-5.88356
5.6642
-6.70513
6.72959
-6.79327
7.10256
-6.29667
6.15457
-6.13064
6.15665
-6.20424
6.29718
-6.2399
5.94677
-6.30213
6.48246
-6.39938
6.73142
-6.91082
6.34933
-6.69293
6.27314
-5.9598
6.16953
-5.57419
6.11643
-6.31445
6.52398
-6.82294
6.60092
-6.517
6.12718
-6.15788
6.06247
-5.84313
6.13421
-6.32089
6.10866
-6.38916
6.10181
-5.68407
5.97816
-5.87169
6.52563
-6.37303
6.14446
-6.33879
5.99878
-6.08867
5.7101
-5.3687
5.30601
-5.93596
6.3866
-6.02973
6.12898
-6.08998
5.85219
-6.28839
6.33124
-5.69632
6.20694
-5.89605
5.46428
-5.80582
5.31883
-5.46561
5.65696
-6.07813
6.2234
-6.29486
6.37006
-5.37504
5.06134
-5.24197
5.28189
-5.65256
6.07796
-6.01609
6.06599
-5.96717
5.76524
-5.62424
5.39661
-5.84243
5.43192
-5.48961
5.83092
-5.58506
5.91232
-5.50987
5.32539
-5.43925
5.78216
-6.05446
5.56137
-5.41355
5.58913
-5.47715
5.49997
-5.60972
5.19532
-5.62375
5.93198
-5.66464
5.56199
-5.52184
5.64263
-5.38729
5.88255
-5.5489
5.05849
-5.41549
4.79019
-5.02955
5.62921
-5.40048
5.30815
-5.5831
5.63295
-5.76774
5.65934
-5.36014
5.23228
-5.1794
5.56902
-5.10571
4.96497
-5.14345
5.19932
-5.69915
5.4601
-5.74319
5.63658
-5.38997
5.57091
-5.07502
4.80484
-4.97867
4.88638
-5.02053
5.52334
-5.48167
5.53802
-5.37438
4.95412
-4.74782
4.8278
-5.40437
5.20568
-5.38973
5.08048
-4.81396
5.28145
-5.16859
5.33755
-5.2778
4.98264
-5.00002
4.97246
-5.0598
5.22931
-5.08703
4.82122
-4.8235
4.94062
-5.36671
5.09184
-5.31938
5.28383
-5.00113
5.23919
-4.73001
4.93287
-5.29824
5.18183
-5.03826
4.5827
-4.68365
5.00667
-5.12978
5.09726
-5.06777
4.86414
-5.07078
4.9823
-4.75915
4.64692
-4.51258
4.68064
-4.62575
5.16075
-5.14998
4.96412
-5.16244
4.7162
-5.01284
5.22543
-5.00386
4.82572
-4.67368
4.44
-4.45353
4.71506
-4.83811
4.85509
-5.04302
5.24001
-4.77003
4.87429
-4.7143
4.26537
-4.65038
4.51884
-4.85301
5.16286
-5.15666
4.88168
-4.46581
4.52064
-4.44559
4.49833
-4.73007
4.76486
-4.76541
4.96232
-4.64441
4.30347
-4.32547
4.37063
-4.61805
4.50826
-4.92815
4.81592
-4.62072
4.77855
-4.20247
4.17817
-4.49584
4.72952
-4.88431
5.02711
-4.82442
4.21917
-4.17139
4.34085
-4.44047
4.81119
-5.10473
4.35908
-4.29229
4.2768
-3.96276
4.29973
-4.33017
4.51642
-4.72231
5.01919
-4.98021
4.4496
-4.32847
4.02748
-4.04762
4.38284
-4.64868
4.61505
-4.64082
4.36153
-4.15146
4.26865
-4.56868
4.77053
-4.52003
4.61848
-4.23024
4.07803
-4.44393
4.04005
-4.1862
4.50305
-4.71085
4.73338
-4.6667
4.34059
-3.95503
4.13869
-4.44936
4.39636
-4.53476
4.82712
-4.33383
4.18191
-4.043
3.60573
-3.92409
4.10703
-4.38497
4.50367
-4.69002
4.49179
-4.14236
4.12067
-3.97994
4.07225
-4.18064
4.27016
-4.45833
4.61327
-4.48357
3.9571
-3.59741
3.86811
-4.43596
4.38868
-4.5522
4.02057
-3.72499
4.03871
-3.9578
4.22306
-4.38281
4.29606
-4.14122
4.0039
-4.03461
4.08466
-4.14436
3.92219
-3.86738
4.02758
-4.4244
4.37963
-4.30994
3.91338
-3.59671
3.76306
-3.77266
4.11436
-4.17255
4.13749
-4.06631
3.8411
-3.99434
3.98435
-3.98954
3.96
-4.11545
4.06948
-4.09586
4.0207
-3.77026
3.81231
-3.95892
3.96603
-3.88987
4.05159
-3.84249
3.99054
-3.96029
3.44151
-3.80994
3.80201
-3.92566
4.3465
-4.17807
3.8968
-3.89343
3.6908
-3.57788
3.86903
-3.87176
4.02735
-4.05775
3.99153
-3.79761
3.50479
-3.4937
3.51973
-3.9403
4.16428
-4.29126
3.97798
-3.61966
3.61796
-3.4109
3.72334
-4.00515
3.84812
-3.74285
3.82487
-3.65685
3.81046
-4.15966
3.84664
-3.81211
3.92466
-3.88738
3.71953
-3.92253
3.72367
-3.36459
3.68749
-3.55584
3.70389
-4.07493
3.9584
-3.74462
3.5579
-3.51272
3.6698
-3.94293
3.8949
-3.87877
3.52923
-3.42912
3.48912
-3.54583
3.87832
-3.87908
3.78661
-3.60374
3.563
-3.40794
3.46013
-3.75599
3.52284
-3.58047
3.72469
-3.61377
3.48232
-3.56381
3.23438
-3.08721
3.60639
-3.74123
3.85237
-4.01128
3.79375
-3.27684
3.42025
-3.43832
3.26756
-3.80397
3.66046
-3.4962
3.70585
-3.5281
3.17016
-3.12555
3.20809
-3.45215
3.97333
-3.92049
3.68602
-3.39066
3.32897
-3.38278
3.44956
-3.69348
3.66526
-3.66111
3.46359
-3.42582
3.34186
-3.26282
3.44294
-3.41383
3.59896
-3.73246
3.66481
-3.46081
3.41696
-3.19402
3.08689
-3.26048
3.31205
-3.65958
3.75804
-3.59486
3.29047
-3.21759
3.30223
-3.37787
3.73352
-3.64339
3.46895
-3.22923
3.06123
-3.08517
3.29757
-3.42224
3.27641
-3.36987
3.34624
-3.30183
3.27706
-3.38135
3.25848
-3.23608
3.48758
-3.39072
3.66316
-3.61021
3.12841
-2.90304
2.9463
-3.1736
3.50367
-3.72601
3.41844
-3.22414
2.99838
-2.96835
3.09474
-3.24002
3.41871
-3.39095
3.48121
-3.36235
3.18521
-2.91609
2.92057
-3.09354
3.12486
-3.41065
3.31716
-3.29084
3.35418
-3.17405
2.92268
-3.08711
3.19876
-3.15186
3.47874
-3.3668
3.14773
-3.12635
3.00347
-2.79147
2.98351
-3.27343
3.10661
-3.44523
3.43826
-3.09803
2.9689
-2.89227
2.91368
-3.14723
3.37119
-3.16843
3.07837
-3.03879
2.95372
-2.86672
2.99512
-3.16141
3.06142
-3.22132
2.97358
-2.89256
3.04656
-3.10213
3.08712
-3.01643
3.0063
-2.91832
3.12278
-3.22387
3.12947
-2.92754
2.7806
-2.90678
3.07174
-3.39301
3.30465
-2.991
2.75455
-2.92137
2.91963
-3.02195
3.32545
-3.00972
3.0398
-3.08524
2.79422
-2.85953
3.07628
-3.0328
2.99818
-3.14225
2.87293
-2.96639
3.173
-3.02803
2.78876
-2.89748
2.92947
-2.94854
3.30481
-3.03269
2.79208
-2.8065
2.68751
-2.79585
2.98229
-3.13692
3.00541
-3.05009
2.92542
-2.76214
2.69688
-2.6934
2.7973
-2.99454
3.17794
-2.97278
2.78061
-2.61771
2.76901
-2.93191
2.94256
-3.12084
2.90023
-2.77449
2.60981
-2.5193
2.65158
-2.92763
3.06266
-2.88156
2.86572
-2.70283
2.64709
-2.84059
2.84769
-2.67794
2.91504
-2.9846
2.79666
-3.13609
2.76996
-2.33063
2.39193
-2.52055
2.86533
-3.26056
3.22982
-2.76593
2.64102
-2.44249
2.3275
-2.61674
2.78899
-2.84617
2.84028
-2.67607
2.38709
-2.58692
2.66933
-2.82344
2.95334
-2.87562
2.86483
-2.67757
2.68371
-2.57692
2.47165
-2.4466
2.45557
-2.72288
2.86414
-2.87354
2.58643
-2.38175
2.32132
-2.51121
2.7379
-2.93917
2.93938
-2.74371
2.65478
-2.31971
2.38544
-2.60245
2.7774
-2.93092
2.73577
-2.69714
2.50325
-2.47096
2.49311
-2.41039
2.50278
-2.71789
2.67099
-2.65924
2.67127
-2.33822
2.49561
-2.6965
2.69461
-2.89325
2.92706
-2.69551
2.48162
-2.61145
2.39529
-2.48075
2.62642
-2.59551
2.94171
-3.04433
2.76029
-2.44128
2.28092
-2.21171
2.35483
-2.55825
2.73659
-2.77629
2.67662
-2.66673
2.28512
-2.38256
2.61351
-2.66309
2.74679
-2.65111
2.57642
-2.40908
2.38828
-2.26967
2.18348
-2.37706
2.45256
-2.54629
2.76023
-2.7643
2.39891
-2.3576
2.1798
-2.22601
2.58178
-2.76324
2.72361
-2.50289
2.4136
-2.13493
2.16301
-2.49281
2.62751
-2.77244
2.6447
-2.44915
2.19622
-2.26127
2.31277
-2.29006
2.36043
-2.47849
2.43545
-2.49846
2.54766
-2.1779
2.20299
-2.25305
2.26623
-2.51708
2.4336
-2.3979
2.28424
-2.38972
2.42586
-2.34955
2.38366
-2.39474
2.38586
-2.45338
2.33598
-2.01963
2.19065
-2.31687
2.3882
-2.56819
2.54822
-2.48089
2.31461
-2.27922
2.11075
-2.23536
2.39032
-2.38732
2.38517
-2.17181
2.16157
-2.10926
2.19346
-2.45854
2.53527
-2.45817
2.34303
-2.09259
2.08097
-2.29639
2.01813
-2.05085
2.13744
-2.13014
2.36167
-2.38302
2.33655
-2.25462
2.37354
-2.26535
2.26631
-2.53089
2.49082
-2.32349
2.08352
-1.79246
1.87005
-2.37847
2.53455
-2.63188
2.54588
-2.13291
2.05571
-2.07728
2.2619
-2.34447
2.32293
-2.06597
1.92012
-2.11364
2.18457
-2.32328
2.26425
-2.26651
2.33961
-2.34585
2.28696
-2.10412
1.95674
-1.96653
1.9496
-1.85529
2.14991
-2.25859
2.37156
-2.40761
1.97423
-1.95926
2.03253
-2.15455
2.23676
-2.22115
2.13392
-2.02085
2.0206
-2.00155
2.02273
-2.12005
2.35174
-2.34043
2.30312
-2.22639
1.93396
-1.77017
1.71385
-1.92395
2.02355
-2.22298
2.19645
-1.97315
2.05016
-2.06817
2.06585
-2.0314
2.11141
-2.10817
2.15475
-2.22618
1.9517
-1.75932
1.80658
-1.8418
1.91794
-2.37817
2.40984
-2.32287
2.25056
-1.77038
1.60717
-1.78181
2.06366
-2.12642
2.15804
-2.12144
1.88076
-1.90941
1.9349
-1.95217
2.05839
-2.25592
2.19762
-2.16868
2.07324
-1.88905
1.8128
-1.7031
1.82915
-1.93562
2.17935
-2.32933
2.13934
-1.94709
1.66699
-1.55356
1.64729
-2.09897
2.31184
-2.28562
2.15872
-1.76544
1.57981
-1.78921
2.0381
-2.0497
2.11265
-1.97653
1.88468
-1.97582
1.88456
-1.8277
1.75362
-1.9461
2.01588
-2.11876
2.17697
-1.92884
1.78794
-1.68222
1.67734
-1.83533
2.04964
-2.06121
2.00986
-1.8777
1.78034
-1.93793
1.91844
-2.04267
2.08055
-2.03743
1.90257
-1.75609
1.61489
-1.50527
1.70833
-1.84457
2.03355
-2.1226
1.99435
-1.89779
1.8173
-1.82831
1.84022
-1.96446
1.87674
-1.80508
1.69807
-1.65736
1.7437
-1.82449
1.94669
-1.95204
1.984
-1.86405
1.82032
-1.75498
1.6337
-1.76733
1.63122
-1.57565
1.71847
-1.89782
1.98217
-2.00352
1.71273
-1.43524
1.56944
-1.75232
1.99801
-2.05411
1.88255
-1.56302
1.39164
-1.55121
1.67557
-1.94341
1.98962
-1.83578
1.66032
-1.77421
1.80484
-1.67385
1.681
-1.55121
1.6277
-1.84458
1.88553
-1.83037
1.79801
-1.69426
1.60447
-1.76156
1.80627
-1.9095
1.84388
-1.70456
1.45575
-1.34517
1.57498
-1.64881
1.80611
-1.9874
2.01433
-1.88302
1.72457
-1.54172
1.39326
-1.55767
1.69462
-1.76315
1.6725
-1.67919
1.6188
-1.58218
1.71381
-1.74197
1.84627
-1.88434
1.79781
-1.59477
1.54851
-1.50404
1.40639
-1.56078
1.59152
-1.7095
1.7516
-1.68926
1.59189
-1.52241
1.50487
-1.47601
1.57788
-1.76177
1.93886
-1.78984
1.52659
-1.17479
1.0717
-1.4437
1.7113
-2.04006
2.09278
-1.8184
1.46337
-1.24118
1.26181
-1.43685
1.68417
-1.76753
1.8159
-1.7162
1.63075
-1.50775
1.3691
-1.41897
1.49485
-1.69549
1.78839
-1.80979
1.6875
-1.56765
1.32036
-1.21821
1.52541
-1.72211
1.91905
-1.8595
1.52633
-1.25889
1.12795
-1.25499
1.47024
-1.71224
1.78616
-1.75287
1.51459
-1.40308
1.33334
-1.41015
1.55588
-1.48442
1.60123
-1.65521
1.6003
-1.50245
1.32851
-1.25043
1.29589
-1.55402
1.67363
-1.75155
1.63328
-1.43158
1.29527
-1.30419
1.38212
-1.45247
1.5619
-1.49617
1.46236
-1.45109
1.39826
-1.27708
1.29016
-1.54496
1.58275
-1.69718
1.57215
-1.29739
1.16991
-1.22615
1.4301
-1.57298
1.66908
-1.59332
1.42129
-1.32137
1.31139
-1.28496
1.42166
-1.52538
1.38531
-1.53772
1.5685
-1.55349
1.49289
-1.34739
1.27498
-1.28599
1.45107
-1.48037
1.48647
-1.44457
1.30044
-1.17738
1.21928
-1.41922
1.54145
-1.61237
1.42247
-1.20233
1.1397
-1.27277
1.31316
-1.40048
1.54506
-1.31855
1.22827
-1.15329
1.16111
-1.37028
1.46732
-1.46327
1.37165
-1.44954
1.47897
-1.36694
1.19665
-1.06748
1.01976
-1.26765
1.49548
-1.47011
1.48275
-1.30624
1.16784
-1.12766
1.24452
-1.48374
1.54721
-1.69213
1.51063
-1.24623
1.15156
-1.08401
1.06619
-1.25341
1.45302
-1.49563
1.495
-1.31355
1.10991
-1.07456
1.23611
-1.34504
1.4487
-1.55356
1.36284
-1.29063
1.10524
-1.0557
1.21252
-1.30671
1.43314
-1.40883
1.42422
-1.4299
1.30919
-1.16882
1.1005
-1.10868
1.27407
-1.39995
1.34815
-1.27264
1.0591
-1.03471
0.998198
-1.10493
1.40506
-1.48454
1.54115
-1.30003
1.0215
-0.965437
1.08988
-1.3162
1.42295
-1.35973
1.16879
-1.0522
1.01902
-1.02291
1.01135
-1.12456
1.15748
-1.20093
1.34323
-1.2926
1.30012
-1.04497
0.832764
-0.919761
1.17153
-1.52314
1.53373
-1.35503
1.08857
-0.883562
0.880414
-0.967206
1.16019
-1.44737
1.52808
-1.36861
1.15852
-0.890391
0.910233
-0.904364
0.939886
-1.16656
1.33915
-1.46761
1.18934
-0.925392
0.775094
-0.808894
1.13153
-1.30694
1.41089
-1.47719
1.29369
-1.05101
0.902984
-0.759595
0.868877
-1.05792
1.19269
-1.38348
1.36099
-1.27541
0.925741
-0.729991
0.818113
-1.05105
1.35378
-1.40482
1.36593
-1.0981
0.818756
-0.800972
0.815398
-1.04693
1.3864
-1.40118
1.22048
-1.0483
0.832253
-0.949953
1.01316
-1.03406
1.10387
-1.11949
1.18519
-1.04312
0.99499
-0.916549
0.829706
-1.0199
1.08391
-1.18692
1.27029
-1.13648
0.88432
-0.738416
0.783954
-1.14856
1.39181
-1.4388
1.28773
-0.921553
0.744382
-0.67498
0.851966
-1.08381
1.14897
-1.16487
0.900397
-0.87374
0.889749
-0.879492
0.981085
-1.03234
1.08458
-1.21739
1.19651
-1.04092
0.8369
-0.690832
0.757917
-0.835902
1.01636
-1.14392
1.11996
-1.16386
0.887474
-0.795907
0.78865
-0.82427
1.0704
-1.1016
1.00598
-0.897517
0.822285
-0.800096
0.73731
-0.795484
1.02924
-1.16694
1.17497
-1.01764
0.809073
-0.827991
0.743759
-0.894581
0.982941
-0.91507
1.02293
-0.83649
0.714713
-0.817335
0.881426
-0.896057
0.891228
-0.931393
0.971698
-1.0888
1.05897
-0.82692
0.76426
-0.86339
0.794733
-0.989311
1.1352
-1.02895
0.998393
-0.672436
0.543405
-0.722221
0.996009
-1.221
1.07924
-0.898584
0.73201
-0.702863
0.802288
-0.842697
0.914003
-0.974729
0.944815
-0.936334
0.815175
-0.768889
0.88215
-0.711355
0.801116
-0.952172
0.964088
-1.14304
0.973534
-0.735918
0.618061
-0.619334
0.720666
-0.854713
1.04906
-1.06697
0.95412
-0.778486
0.522968
-0.58321
0.914741
-1.00432
1.05403
-1.00851
0.847694
-0.834453
0.638883
-0.609954
0.635167
-0.790056
1.04975
-1.01311
0.889924
-0.669906
0.55701
-0.617419
0.632199
-0.823601
0.993268
-0.950693
0.842938
-0.580199
0.422735
-0.607536
0.656151
-0.882493
0.987056
-0.887916
0.940546
-0.768663
0.57409
-0.480108
0.575089
-0.79348
0.91832
-1.04967
0.940564
-0.72145
0.494651
-0.295952
0.426424
-0.826154
1.0379
-1.10227
0.839656
-0.584553
0.635609
-0.57203
0.668059
-0.774709
0.855228
-1.00294
0.87752
-0.717441
0.495332
-0.466276
0.538112
-0.515948
0.657301
-0.859235
0.933561
-0.924686
0.659694
-0.400912
0.433976
-0.52841
0.806749
-0.95517
0.93683
-0.842342
0.498085
-0.41415
0.438476
-0.64797
0.92401
-0.850624
0.802104
-0.808821
0.755425
-0.639224
0.459931
-0.456741
0.670283
-0.815598
0.870486
-0.719249
0.530973
-0.542139
0.478819
-0.551864
0.645859
-0.844669
0.94178
-0.738132
0.593999
-0.426326
0.496644
-0.64443
0.557463
-0.651254
0.732014
-0.676349
0.583461
-0.382841
0.337562
-0.565481
0.670457
-0.860869
0.846094
-0.71138
0.624257
-0.350536
0.319705
-0.510012
0.756599
-0.884717
0.735522
-0.605499
0.491022
-0.50787
0.440671
-0.38396
0.630354
-0.862793
0.864436
-0.79966
0.509497
-0.355294
0.456879
-0.395388
0.464026
-0.592797
0.770738
-0.852016
0.573102
-0.346093
0.201413
-0.362368
0.656637
-0.831384
0.933572
-0.764488
0.475591
-0.296163
0.220399
-0.390766
0.644577
-0.674052
0.604178
-0.414227
0.389521
-0.46449
0.364415
-0.473633
0.509715
-0.621093
0.750274
-0.605391
0.549159
-0.425978
0.270438
-0.278083
0.347944
-0.482446
0.690841
-0.665697
0.417855
-0.25184
0.289446
-0.448627
0.601863
-0.682444
0.527611
-0.507421
0.443182
-0.199729
0.224459
-0.226587
0.436546
-0.686766
0.632623
-0.587837
0.483867
-0.390866
0.450382
-0.427392
0.388312
-0.536592
0.605329
-0.551272
0.383723
-0.219148
0.13638
-0.182256
0.368235
-0.413967
0.648215
-0.732754
0.499589
-0.467111
0.29293
-0.185691
0.328735
-0.390667
0.46584
-0.653131
0.681494
-0.469482
0.147371
-0.0607065
0.286116
-0.50335
0.656389
-0.58989
0.484004
-0.374417
0.207127
-0.230077
0.30507
-0.56832
0.714914
-0.582542
0.441267
-0.31478
0.330263
-0.315724
0.190912
-0.205903
0.419624
-0.647395
0.700475
-0.529172
0.375453
-0.18367
0.0991308
-0.35209
0.460875
-0.663427
0.67551
-0.242232
0.0579565
-0.0181228
0.0894575
-0.362913
0.53735
-0.593962
0.674589
-0.634298
0.359641
-0.149596
0.182119
-0.308932
0.389792
-0.489882
0.409404
-0.396932
0.391427
-0.209592
0.170773
-0.277218
0.553585
-0.71988
0.634837
-0.401557
0.0981547
-0.0625904
0.0845233
-0.0907232
0.253836
-0.47299
0.586787
-0.516255
0.23539
-0.0949947
0.1104
-0.194425
0.409221
-0.453807
0.495774
-0.417708
0.152319
-0.0183701
-0.0962155
-0.0908442
0.348834
-0.41171
0.423731
-0.343004
0.179518
-0.0142599
-0.0635881
-0.18263
0.478586
-0.479516
0.422583
-0.260802
0.18862
-0.312061
0.211575
-0.0953412
0.142696
-0.295047
0.300092
-0.273637
0.126281
0.0865476
0.00716097
-0.0555887
0.116946
-0.447476
0.604314
-0.449515
0.209106
0.0481614
-0.097651
-0.0650825
0.211036
-0.298714
0.233572
-0.315422
0.309396
-0.16945
0.204183
-0.144749
0.178422
-0.27229
0.301307
-0.302589
0.171316
-0.0237403
-0.0975983
0.134123
0.130744
-0.441851
0.463021
-0.42918
0.264843
-0.148601
0.189174
-0.123673
0.0917672
-0.167373
0.309616
-0.260453
0.0951364
0.0438878
-0.162021
-0.0477911
0.203231
-0.152164
0.240847
-0.376852
0.233742
-0.0491127
-0.0658447
0.128289
0.0600967
-0.345325
0.371061
-0.25166
0.274099
-0.0747582
-0.123724
0.0103545
0.0373011
-0.261291
0.312842
-0.0697994
0.035327
-0.0494838
0.0832927
-0.191755
0.159618
-0.188684
0.365479
-0.294186
0.155279
0.0028206
-0.176857
0.177318
-0.0388028
-0.193155
0.425556
-0.593714
0.366743
0.00461093
-0.134466
0.129384
0.159155
-0.355925
0.22377
-0.0727689
-0.000489654
0.121996
-0.148193
0.0745887
0.0566107
-0.286257
0.439978
-0.436291
0.285938
-0.110063
-0.129717
0.279818
-0.232438
0.134463
0.214724
-0.331667
0.199664
-0.112767
-0.0886606
0.142192
0.00247873
-0.100109
0.258612
-0.280461
0.0453535
0.123823
-0.303373
0.319266
-0.061299
-0.00780136
0.0812835
-0.208429
0.239073
-0.0956073
-0.0443085
0.172893
-0.243136
0.020616
0.0966086
-0.0484418
0.0579525