
-0
-0
-0
-0
-0
-0
-0
-0
-0
-0
-0
-0
-0
-0
-0
-0
-0
-0
-0
-0
-0
-0
-0
-0
-0
-0
-0
-0
-0
-0
-0
-0
-0
-0
-0
-0
-0
-0
-0
-0
-0
-0
-0
-0
-0
-0
-0
-0
-0
-0
-0
-0
-0
-0
-0
-0
-0
-0
-0
-0
-0
-0
-0
-0
-0
-0
-0
-0
-0
-0
-0
-0
-0
-0
-0
-0
-0
-0
-0
-0
-0
-0
-0
-0
-0
-0
-0
-0
-0
-0
-0
-0
-0
-0
-0
-0
-0
-0
-0
-0
-0
-0
-0
-0
-0
-0
-0
-0
-0
-0
-0
-0
-0
-0
-0
-0
-0
-0
-0
-0
-0
-0
-0
-0
-0
-0
-0
-0
-0
-0
-0
-0
-0
-0
-0
-0
-0
-0
-0
-0
-0
-0
-0
-0
-0
-0
-0
-0
-0
-0
-0
-0
-0
-0
-0
-0
-0
-0
-0
-0
-1.90497e-05
-2.75464e-05
-3.68097e-05
-4.59889e-05
-5.52606e-05
-6.42717e-05
-7.29214e-05
-8.07778e-05
-8.81184e-05
-9.49189e-05
-0.000101335
-0.000107564
-0.000112991
-0.000117975
-0.000122662
-0.000127176
-0.0001314
-0.000135869
-0.000140739
-0.000146077
-0.000151821
-0.000157202
-0.000162376
-0.000166329
-0.000168482
-0.000168766
-0.000167307
-0.000163545
-0.000157356
-0.000148583
-0.000138034
-0.000126357
-0.000113975
-0.000101403
-8.93855e-05
-7.84211e-05
-6.89502e-05
-6.02688e-05
-5.19233e-05
-4.41538e-05
-3.50871e-05
-2.56665e-05
-1.59123e-05
-7.46104e-06
2.94698e-08
6.35721e-06
1.16036e-05
1.52416e-05
1.66288e-05
1.62889e-05
1.60253e-05
1.63963e-05
1.80865e-05
1.99202e-05
2.18763e-05
2.44801e-05
2.78484e-05
3.22657e-05
3.73023e-05
4.26553e-05
4.88055e-05
5.54872e-05
6.20071e-05
6.75622e-05
7.08054e-05
7.15678e-05
6.99162e-05
6.65264e-05
6.21334e-05
5.73305e-05
5.25337e-05
4.82984e-05
4.44651e-05
4.03009e-05
3.55059e-05
2.8678e-05
1.90858e-05
6.00714e-06
-7.49473e-06
-2.25375e-05
-3.63943e-05
-4.891e-05
-5.87673e-05
-6.52301e-05
-6.81046e-05
-6.79847e-05
-6.64765e-05
-6.54152e-05
-6.71673e-05
-7.20416e-05
-7.91101e-05
-8.64841e-05
-9.14239e-05
-9.21777e-05
-8.77526e-05
-7.8855e-05
-6.7098e-05
-5.52623e-05
-4.61428e-05
-4.18236e-05
-4.33467e-05
-4.9789e-05
-5.82548e-05
-6.53189e-05
-6.72079e-05
-6.14741e-05
-4.8169e-05
-2.96342e-05
-1.06797e-05
7.91981e-06
2.24744e-05
2.97701e-05
2.92085e-05
2.26358e-05
1.43049e-05
9.7017e-06
1.35797e-05
2.65075e-05
4.71453e-05
6.82802e-05
8.77622e-05
9.96709e-05
9.99506e-05
8.84324e-05
6.81268e-05
4.46981e-05
2.37153e-05
1.08e-05
1.03112e-05
2.27943e-05
4.40772e-05
6.70556e-05
8.28085e-05
8.40429e-05
6.75593e-05
3.64069e-05
-1.3567e-06
-3.4103e-05
-5.15734e-05
-4.49246e-05
-1.25867e-05
3.69516e-05
9.21308e-05
0.000136599
0.000155205
0.000138946
8.82785e-05
1.5073e-05
-5.90818e-05
-0.000106716
-0.000103017
-3.16406e-05
0.000110236
0.000307845
0.000530029
0.000733738
0.00060406
0.000278117
0.000417499
0.000378416
0.000187022
-0.000100886
-0.000475302
-0.00088152
-0.00125674
-0.00155891
-0.00177367
-0.0019016
-0.00195771
-0.00196563
-0.00194869
-0.00192917
-0.00192111
-0.00192946
-0.00194888
-0.0019655
-0.0019664
-0.00193952
-0.00188022
-0.00179198
-0.0016834
-0.00156666
-0.00145151
-0.00134587
-0.00125896
-0.00118565
-0.00112009
-0.00105466
-0.000985595
-0.000906185
-0.000818096
-0.000722719
-0.000626595
-0.000536013
-0.000457926
-0.000393978
-0.000344691
-0.000306915
-0.000277004
-0.000249784
-0.000220752
-0.000186702
-0.000146919
-0.000105965
-6.91125e-05
-3.86542e-05
-1.76808e-05
-2.17388e-06
9.41254e-06
1.92551e-05
2.9771e-05
4.25734e-05
5.64639e-05
7.0931e-05
8.36521e-05
9.31967e-05
9.78201e-05
9.72353e-05
9.21249e-05
8.42965e-05
7.65353e-05
7.15983e-05
7.10158e-05
7.54482e-05
8.42912e-05
9.58492e-05
0.000108125
0.000119303
0.000127818
0.000133871
0.000137809
0.000140408
0.000142726
0.000145576
0.000148989
0.000152969
0.00015692
0.000159452
0.000159511
0.000156186
0.000149844
0.000140668
0.000127748
0.000116964
0.000105731
9.60007e-05
8.79541e-05
8.16539e-05
7.57388e-05
6.97938e-05
6.35997e-05
5.75801e-05
5.1298e-05
4.44294e-05
3.82098e-05
3.33463e-05
2.9707e-05
2.7668e-05
2.69503e-05
2.70588e-05
2.7151e-05
2.64189e-05
2.42509e-05
2.07731e-05
1.50903e-05
7.32999e-06
-1.36039e-06
-1.05879e-05
-1.94154e-05
-2.67782e-05
-3.27322e-05
-3.77096e-05
-4.00834e-05
-3.97637e-05
-3.66789e-05
-3.11986e-05
-2.42299e-05
-1.59708e-05
-6.34215e-06
4.88101e-06
1.74264e-05
3.03683e-05
4.24667e-05
5.3214e-05
6.23536e-05
6.93722e-05
7.42359e-05
7.70889e-05
7.7203e-05
7.55557e-05
7.29013e-05
6.97418e-05
6.62673e-05
6.18062e-05
5.71418e-05
5.23107e-05
4.77988e-05
4.36727e-05
3.97777e-05
3.65746e-05
3.38742e-05
3.14563e-05
2.88393e-05
2.55782e-05
2.13603e-05
1.56089e-05
8.54049e-06
-5.00816e-08
-1.00176e-05
-2.12697e-05
-3.27488e-05
-4.44605e-05
-5.58138e-05
-6.6863e-05
-7.71226e-05
-8.67857e-05
-9.60132e-05
-0.000104579
-0.000113875
-0.000124503
-0.000135584
-0.000146805
-0.000157883
-0.000167801
-0.000175723
-0.000180473
-0.000181471
-0.000179423
-0.000174939
-0.00016874
-0.000161571
-0.000154426
-0.000147501
-0.000142437
-0.0001373
-0.000131299
-0.000124214
-0.000116208
-0.000107038
-9.8454e-05
-9.28457e-05
-9.06209e-05
-9.16394e-05
-9.43007e-05
-9.5129e-05
-9.23711e-05
-8.57017e-05
-7.47146e-05
-6.04588e-05
-4.54157e-05
-3.19343e-05
-2.289e-05
-1.86758e-05
-1.94028e-05
-2.37964e-05
-2.95184e-05
-3.30414e-05
-3.2107e-05
-2.57756e-05
-1.30515e-05
1.19576e-06
1.45088e-05
2.30942e-05
2.41166e-05
1.64626e-05
1.85758e-06
-1.56759e-05
-3.1247e-05
-4.01336e-05
-3.92959e-05
-2.83294e-05
-9.96399e-06
1.04298e-05
2.6417e-05
3.26372e-05
2.62817e-05
8.415e-06
-1.66689e-05
-4.1852e-05
-5.88204e-05
-6.08591e-05
-4.46325e-05
-1.28503e-05
2.64527e-05
6.22585e-05
8.35787e-05
8.17959e-05
5.41973e-05
7.1909e-06
-4.60223e-05
-8.82733e-05
-0.000102908
-7.88314e-05
-1.47222e-05
7.79123e-05
0.000175307
0.000242954
0.000242343
0.000136668
-0.000101868
-0.0004871
-0.00101363
-0.00120848
-0.0015618
-0.00201127
-0.00247859
-0.0033736
-0.00400293
-0.0046358
-0.0047486
-0.00501527
-0.00539269
-0.00573638
-0.00607009
-0.00639303
-0.00671253
-0.00701672
-0.00730454
-0.00757699
-0.00781282
-0.00804813
-0.00825924
-0.00845763
-0.00864954
-0.00884014
-0.00902473
-0.00919949
-0.00937796
-0.0095493
-0.00971482
-0.00986926
-0.00999965
-0.0101203
-0.0102368
-0.0103419
-0.0104412
-0.010527
-0.0106015
-0.0106611
-0.0107057
-0.010737
-0.010759
-0.010775
-0.0107811
-0.0107802
-0.0107776
-0.0107827
-0.0107924
-0.0108001
-0.0108001
-0.0107853
-0.0107483
-0.0106836
-0.0105908
-0.0104757
-0.0103352
-0.0101741
-0.00999627
-0.00981373
-0.0096259
-0.00943707
-0.00924066
-0.00904361
-0.00885412
-0.00867544
-0.00851303
-0.00837261
-0.00825948
-0.00816834
-0.00809393
-0.00802846
-0.00796833
-0.007914
-0.00786571
-0.00782459
-0.00779652
-0.00778185
-0.00778203
-0.00779531
-0.00781884
-0.00784771
-0.00787636
-0.00789981
-0.00791943
-0.00793735
-0.00796283
-0.00799387
-0.00804347
-0.00811082
-0.00819383
-0.00828585
-0.0083799
-0.00846888
-0.0085474
-0.00861084
-0.00866185
-0.00870627
-0.00875146
-0.0088039
-0.00887193
-0.00895387
-0.00903629
-0.00911692
-0.00918881
-0.00924284
-0.00927978
-0.00930212
-0.00931437
-0.00933516
-0.00938492
-0.00950209
-0.00968077
-0.00994997
-0.0102993
-0.0107782
-0.0114338
-0.0123151
-0.0134815
-0.014937
-0.016784
-0.0190701
-0.0217891
-0.0249468
-0.0284443
-0.031926
-0.0355612
-0.0390483
-0.0422317
-0.0450384
-0.0475675
-0.0495683
-0.0510613
-0.0519505
-0.0522415
-0.0520045
-0.0513334
-0.0503214
-0.0490676
-0.0476305
-0.0461543
-0.0446466
-0.0430097
-0.0412821
-0.0395182
-0.0377538
-0.0360489
-0.0344781
-0.0329608
-0.0315461
-0.0302554
-0.0290906
-0.0280116
-0.0270125
-0.0261102
-0.025297
-0.0245721
-0.0239122
-0.0233235
-0.0228107
-0.022354
-0.0219267
-0.0215358
-0.0211587
-0.0208034
-0.0204798
-0.02019
-0.0199803
-0.0197932
-0.0196627
-0.0195654
-0.0194997
-0.0194624
-0.0194449
-0.0194466
-0.0194705
-0.0195231
-0.0196134
-0.0197391
-0.0198945
-0.0200878
-0.0203034
-0.0205273
-0.0207459
-0.0209466
-0.0211561
-0.021401
-0.0217174
-0.0221787
-0.0228472
-0.0237673
-0.0249616
-0.0264319
-0.0281837
-0.030031
-0.0320844
-0.0342299
-0.0363906
-0.0386536
-0.0410252
-0.0433913
-0.0456058
-0.047927
-0.0503133
-0.0528265
-0.0553152
-0.0579246
-0.0605808
-0.0631467
-0.065544
-0.0677337
-0.0697849
-0.0716483
-0.0734448
-0.0751417
-0.0768197
-0.0785335
-0.0803259
-0.0821247
-0.0838351
-0.085391
-0.0866957
-0.087687
-0.0883628
-0.0886602
-0.0885947
-0.0881594
-0.0873655
-0.0860367
-0.084244
-0.0817066
-0.0785408
-0.0747731
-0.0705405
-0.0658884
-0.0611219
-0.0565174
-0.0522613
-0.0482401
-0.0445518
-0.0411486
-0.0379916
-0.0349969
-0.03199
-0.0287382
-0.0251348
-0.0210553
-0.0165368
-0.0113007
-0.00559359
0.000597507
0.007057
0.0139642
0.0211618
0.02877
0.0366312
0.0446356
0.0527047
0.0608678
0.0687573
0.0762281
0.0831066
0.0894084
0.0949047
0.0995735
0.103368
0.106217
0.108242
0.10953
0.110162
0.110178
0.109574
0.108445
0.106609
0.104202
0.101089
0.0975546
0.0935564
0.0889241
0.0839959
0.0790166
0.0743473
0.0697403
0.0653495
0.0612144
0.0573442
0.0535882
0.0499854
0.0464568
0.0432356
0.0399069
0.036599
0.033496
0.0306011
0.0279024
0.0253977
0.0232067
0.0210482
0.0189148
0.016832
0.0147586
0.0126686
0.0106899
0.00881484
0.00707547
0.00541885
0.00386412
0.00240679
0.00106717
-0.000256398
-0.00157971
-0.002889
-0.00414858
-0.00540478
-0.00661269
-0.0077542
-0.00875494
-0.00971407
-0.0106292
-0.0115012
-0.0123668
-0.0132237
-0.0140733
-0.0149453
-0.0158033
-0.0166273
-0.0173153
-0.0180466
-0.0187166
-0.0193402
-0.019912
-0.0204905
-0.0210397
-0.0216015
-0.0221622
-0.0226921
-0.0231853
-0.023628
-0.0240202
-0.0243616
-0.0246906
-0.0250277
-0.0253799
-0.0257595
-0.0261667
-0.0265921
-0.0269976
-0.0273629
-0.0276759
-0.0279161
-0.0281111
-0.0282908
-0.0284797
-0.0286958
-0.0289841
-0.0293338
-0.0297147
-0.0300889
-0.0304117
-0.0306608
-0.0308212
-0.0309076
-0.0309503
-0.0310107
-0.0311474
-0.031387
-0.0317298
-0.0321338
-0.0325349
-0.0328684
-0.0330754
-0.0331309
-0.0330713
-0.0329958
-0.0331071
-0.0335859
-0.0346528
-0.0365186
-0.0390743
-0.042294
-0.0458718
-0.0501901
-0.0546689
-0.058823
-0.0628963
-0.0671301
-0.0707734
-0.0736177
-0.075615
-0.0767984
-0.0772824
-0.0771079
-0.0763167
-0.0749554
-0.0730641
-0.0707017
-0.0680836
-0.0651142
-0.0620633
-0.0588508
-0.0556749
-0.0527341
-0.0502173
-0.048121
-0.0465557
-0.0453847
-0.0445641
-0.0438799
-0.0431416
-0.0420852
-0.040522
-0.0383271
-0.035516
-0.0321699
-0.0282858
-0.0239167
-0.0192645
-0.0146135
-0.00985308
-0.00472941
0.000411663
0.0056335
0.0107457
0.0154082
0.0197147
0.0234794
0.0266081
0.028957
0.0306322
0.0315715
0.0318453
0.031614
0.031006
0.0301234
0.0291483
0.0281128
0.0271644
0.0264309
0.0259777
0.0257852
0.0258266
0.0260442
0.0263413
0.026687
0.0270421
0.0273538
0.0276185
0.0278375
0.0280224
0.028207
0.0284052
0.0286417
0.0289064
0.0291828
0.0294707
0.0297467
0.0299933
0.0302065
0.030385
0.0305395
0.030674
0.0307987
0.0309223
0.0310403
0.0311325
0.0311632
0.031118
0.0309649
0.0307015
0.0302884
0.0297552
0.0290911
0.0283491
0.0275561
0.0267203
0.0259051
0.025052
0.0241886
0.023303
0.0223933
0.0214851
0.0206378
0.0197659
0.0189176
0.0180713
0.0173127
0.0166314
0.0160481
0.015494
0.0150213
0.0146213
0.0142855
0.0139998
0.0137559
0.0135391
0.0133474
0.0131694
0.0130086
0.0128627
0.0127218
0.0125963
0.012472
0.0123509
0.0122231
0.012093
0.0119598
0.0118298
0.0117094
0.0116036
0.011509
0.0114179
0.011323
0.0112075
0.0110646
0.0109045
0.0107461
0.0106258
0.0105868
0.0106737
0.0109412
0.0114581
0.0122552
0.0133639
0.0147702
0.0164039
0.0182423
0.02018
0.0222245
0.0243166
0.0264135
0.0284573
0.0304603
0.0323644
0.034165
0.0358693
0.0375635
0.0391717
0.0407918
0.0423372
0.0438575
0.0453279
0.0467565
0.0481565
0.049596
0.0510556
0.0525558
0.0540713
0.0556047
0.0571161
0.0586556
0.0601583
0.0616445
0.0630594
0.0644678
0.0658138
0.0671756
0.068501
0.0697826
0.0710132
0.0721562
0.0731751
0.0739116
0.0743527
0.0744289
0.07409
0.0733043
0.0721062
0.0705397
0.0686813
0.0665994
0.0644054
0.0621171
0.0598495
0.0577163
0.05572
0.0539619
0.0524347
0.0511984
0.05023
0.0495152
0.0490127
0.0486822
0.0485126
0.0484656
0.048524
0.0486537
0.0488157
0.0489824
0.0491232
0.0492634
0.0493891
0.0495205
0.0496491
0.0497749
0.0498924
0.0499994
0.0501002
0.0501646
0.0501862
0.0501653
0.0501106
0.0500397
0.0499651
0.0499026
0.0498652
0.0498554
0.049873
0.0499063
0.0499728
0.0500851
0.0502389
0.0504428
0.050699
0.0509815
0.0512715
0.0515266
0.0517065
0.0517616
0.0516342
0.0512895
0.0506943
0.0499007
0.0488307
0.047589
0.046211
0.0446895
0.0431054
0.0415582
0.04005
0.0386015
0.0372856
0.0360015
0.0348419
0.0336611
0.032529
0.0314127
0.0302861
0.0291485
0.0280174
0.0269364
0.0258573
0.0248414
0.0238746
0.022926
0.0220193
0.0211626
0.0203371
0.0195755
0.0188044
0.0180962
0.0174066
0.0167477
0.016145
0.0155543
0.0149889
0.0144595
0.0139499
0.0134361
0.0129347
0.0124347
0.0119554
0.0114906
0.0110266
0.0105741
0.0101294
0.00968269
0.00924049
0.00880001
0.00836298
0.00792865
0.0074854
0.00704122
0.00659547
0.00614676
0.00571295
0.00528639
0.00485242
0.00442533
0.0040027
0.00358341
0.00315987
0.00275983
0.00237278
0.00200442
0.00164362
0.00130433
0.000983984
0.000682101
0.000385573
0.000108817
-0.000149492
-0.00040032
-0.000633851
-0.00085804
-0.00106599
-0.00125475
-0.00143005
-0.00159233
-0.00175403
-0.00190792
-0.00206278
-0.00221483
-0.00236545
-0.00252864
-0.00268243
-0.00284138
-0.00299801
-0.00314298
-0.00326605
-0.00338684
-0.00350211
-0.00360188
-0.00370275
-0.00380016
-0.00389524
-0.00398988
-0.00408183
-0.00417668
-0.0042685
-0.00436194
-0.0044514
-0.00453754
-0.0046197
-0.00469979
-0.00477391
-0.00484493
-0.0049093
-0.00496892
-0.00502451
-0.00507694
-0.00512612
-0.00517367
-0.00521885
-0.00526454
-0.00531168
-0.00536041
-0.00541197
-0.00546493
-0.00551552
-0.0055655
-0.00561837
-0.00567207
-0.00572583
-0.00578084
-0.00583654
-0.00589379
-0.00595154
-0.00600045
-0.00605672
-0.00611208
-0.0061631
-0.00620572
-0.00625258
-0.0063019
-0.00635492
-0.00640927
-0.00646462
-0.0065196
-0.00657287
-0.00662402
-0.00667459
-0.00672405
-0.00677369
-0.00682486
-0.00688111
-0.00694559
-0.00701999
-0.00710324
-0.00719407
-0.00728381
-0.00738843
-0.00750315
-0.00762576
-0.00776148
-0.00790873
-0.00806746
-0.00825077
-0.008451
-0.00866952
-0.00890565
-0.00915495
-0.00938214
-0.00964878
-0.00991837
-0.0101954
-0.0104653
-0.0107377
-0.011026
-0.0113294
-0.0116512
-0.0120015
-0.0123538
-0.0127209
-0.0131043
-0.0135003
-0.013917
-0.014377
-0.0148749
-0.0153959
-0.0160632
-0.0168333
-0.0176684
-0.0185358
-0.0194084
-0.0203761
-0.0213915
-0.0223752
-0.0234264
-0.024473
-0.0255421
-0.0265507
-0.0275754
-0.0286713
-0.0298102
-0.0309465
-0.0320937
-0.0332522
-0.0344779
-0.035706
-0.0369166
-0.0382064
-0.039492
-0.0408353
-0.0421976
-0.0436466
-0.0450995
-0.0466087
-0.0480799
-0.0495626
-0.0510279
-0.0525349
-0.0539959
-0.0554164
-0.0567833
-0.0581779
-0.0595671
-0.0609149
-0.0622702
-0.0635905
-0.0649115
-0.0661868
-0.067455
-0.068639
-0.0698038
-0.0709318
-0.0719616
-0.0728887
-0.0736344
-0.0740974
-0.0741517
-0.073637
-0.07242
-0.070275
-0.0670461
-0.06287
-0.0575416
-0.0510413
-0.0436366
-0.0354413
-0.0268199
-0.017931
-0.00932767
-0.00121846
0.00613205
0.0123568
0.0173045
0.0209647
0.0235841
0.0252193
0.0262202
0.0270256
0.0280918
0.0296022
0.031715
0.0345262
0.0377916
0.0417118
0.0459801
0.0504692
0.0549517
0.0593047
0.0632583
0.0668783
0.070167
0.0732027
0.0761395
0.0790816
0.0819093
0.084613
0.0869432
0.088833
0.090024
0.0903321
0.0897256
0.0882335
0.0861839
0.0834355
0.0809056
0.077516
0.0745149
0.0712386
0.06826
0.0655184
0.0630447
0.0607675
0.058348
0.0559625
0.0535654
0.050989
0.0483871
0.0458066
0.0432563
0.0409065
0.0387808
0.0367313
0.0348556
0.0330969
0.0314447
0.0298747
0.0283405
0.0268117
0.025407
0.0241221
0.0229932
0.0219674
0.0210402
0.0202532
0.0194591
0.0187561
0.0180635
0.0174152
0.0168429
0.016379
0.0160894
0.0159965
0.0161612
0.0165638
0.017154
0.0179341
0.0188484
0.0198168
0.0207406
0.0216943
0.0225405
0.0232858
0.023915
0.0244098
0.0248188
0.0251861
0.0255664
0.0259797
0.0264555
0.0269951
0.0276032
0.0282557
0.0289534
0.0296668
0.0304401
0.0311861
0.0319977
0.0327589
0.0334559
0.0340802
0.0346307
0.0350741
0.0354142
0.0356501
0.0357939
0.0358676
0.0358955
0.0359142
0.0359605
0.0360735
0.0362686
0.0365468
0.0368868
0.0372741
0.0376944
0.0380826
0.0384265
0.0386762
0.0389337
0.0391658
0.0393997
0.0395979
0.0397728
0.0399366
0.0400943
0.0401988
0.0402421
0.040187
0.0400547
0.039834
0.0395324
0.039191
0.0387848
0.0383811
0.0380166
0.0376935
0.0373956
0.0370447
0.0365774
0.0359088
0.0348735
0.0334294
0.0315553
0.0293433
0.0266812
0.0236069
0.0201751
0.0165192
0.0129175
0.009202
0.00551035
0.0017968
-0.00168837
-0.00515618
-0.00830048
-0.0112914
-0.013866
-0.0167844
-0.0196586
-0.0222556
-0.0248258
-0.0272934
-0.0296417
-0.0316816
-0.0337585
-0.0358056
-0.0377955
-0.0397716
-0.0416155
-0.0433491
-0.0449789
-0.0465328
-0.0479546
-0.0492807
-0.0505876
-0.0518156
-0.0530626
-0.0543015
-0.0555088
-0.0566439
-0.0577223
-0.0588427
-0.0598446
-0.0607866
-0.0616929
-0.0624878
-0.0631494
-0.0636828
-0.0641518
-0.0645268
-0.0648461
-0.0651186
-0.0653585
-0.0655675
-0.0657334
-0.0658599
-0.0659404
-0.0660481
-0.0661439
-0.0662055
-0.0662219
-0.0662012
-0.0661657
-0.066131
-0.0661067
-0.0661115
-0.0661582
-0.0662449
-0.066343
-0.0664014
-0.0663631
-0.066155
-0.0657321
-0.0650936
-0.0642592
-0.0632535
-0.0620974
-0.0608621
-0.0596067
-0.058423
-0.0572718
-0.0560807
-0.054766
-0.053188
-0.0512153
-0.0486192
-0.0453044
-0.0413006
-0.0367254
-0.0312928
-0.0253433
-0.0187967
-0.0119764
-0.0051848
0.00152284
0.00848191
0.0152184
0.0213455
0.0270153
0.0319594
0.0361939
0.0399134
0.0427379
0.0449175
0.0462168
0.0467169
0.0463975
0.045425
0.0438383
0.0418178
0.0395615
0.0371373
0.0347104
0.032224
0.0299723
0.0276571
0.0256766
0.0237535
0.0217598
0.0196511
0.017597
0.0154599
0.013339
0.0111374
0.00896428
0.00682559
0.00473456
0.00263895
0.000566327
-0.00139964
-0.00333452
-0.0052833
-0.00714277
-0.00897044
-0.0107075
-0.012405
-0.014097
-0.0156495
-0.0172924
-0.0188561
-0.020276
-0.0217616
-0.023235
-0.0246739
-0.0260486
-0.0273808
-0.0285873
-0.0298035
-0.0309335
-0.0319488
-0.0329599
-0.0339365
-0.0348405
-0.035722
-0.036634
-0.0375667
-0.0385114
-0.0394786
-0.0404085
-0.0413031
-0.0420738
-0.042701
-0.0431874
-0.0435101
-0.0436383
-0.04366
-0.043488
-0.0430843
-0.0422945
-0.0409572
-0.0389192
-0.0358632
-0.0319425
-0.027052
-0.0211382
-0.0144628
-0.00687606
0.000964083
0.00752131
0.0148713
0.0212962
0.0267681
0.030838
0.0335597
0.0347824
0.0347057
0.0336213
0.0317161
0.0294127
0.0272214
0.0252763
0.0238248
0.0228447
0.0223128
0.0221107
0.0222251
0.0225052
0.0228519
0.0231353
0.0232698
0.0231478
0.0227077
0.0219928
0.0210681
0.0199145
0.0186484
0.0172721
0.01575
0.0141795
0.0125991
0.0112037
0.00982028
0.00871826
0.00810441
0.00809638
0.00871981
0.00994977
0.0118462
0.0141387
0.0166185
0.0195089
0.0224411
0.0255288
0.0285466
0.0315173
0.0342896
0.0368767
0.0392282
0.0412671
0.0429088
0.0441488
0.0449414
0.0451452
0.0446248
0.0432653
0.0410452
0.0381186
0.0349057
0.0308078
0.0264853
0.0233269
0.0193263
0.0156637
0.0124626
0.00968274
0.00731968
0.00510838
0.00303834
0.00093099
-0.00126177
-0.00357586
-0.00595108
-0.00834589
-0.0106332
-0.0128083
-0.0146797
-0.0165403
-0.0182821
-0.0199982
-0.0217003
-0.0233991
-0.0250917
-0.0267752
-0.0283929
-0.0296905
-0.031037
-0.0322598
-0.0333169
-0.0342562
-0.0350676
-0.035788
-0.0364899
-0.0371641
-0.0378146
-0.0384373
-0.0390444
-0.0395437
-0.0399628
-0.0403419
-0.0405967
-0.0407409
-0.0407766
-0.0407142
-0.0405537
-0.0403056
-0.0399774
-0.0395209
-0.0389223
-0.0382792
-0.0374916
-0.036619
-0.0357415
-0.0348263
-0.0338938
-0.0330102
-0.032211
-0.0314662
-0.0307771
-0.0301001
-0.029405
-0.0286949
-0.0279112
-0.0270519
-0.0261116
-0.0251323
-0.0241599
-0.0232098
-0.0223678
-0.0216697
-0.0211914
-0.0205212
-0.0200237
-0.0196555
-0.019409
-0.0192548
-0.0191216
-0.018936
-0.0186541
-0.0182875
-0.0177598
-0.0170824
-0.016245
-0.0153578
-0.0144919
-0.0136696
-0.0127759
-0.011869
-0.0109048
-0.00993697
-0.00896446
-0.00795214
-0.00695901
-0.00601793
-0.00521451
-0.00444582
-0.00377862
-0.00325034
-0.00276552
-0.00230722
-0.00179737
-0.00113632
-0.000277211
0.000878939
0.00236729
0.00424425
0.00646779
0.00919862
0.0121882
0.0158742
0.0198715
0.0246999
0.0298972
0.0353326
0.0414564
0.0477463
0.0541053
0.060556
0.0671607
0.0735683
0.0797369
0.0855967
0.0910499
0.0958836
0.100539
0.104902
0.109045
0.112861
0.116028
0.119265
0.122068
0.124448
0.126313
0.12762
0.128548
0.128969
0.128944
0.128427
0.127657
0.126352
0.124427
0.121701
0.117938
0.113069
0.106969
0.0996674
0.0917993
0.0827621
0.073411
0.0636352
0.0540902
0.0417784
0.0334083
0.0222301
0.0113371
0.00124402
-0.00822891
-0.0166147
-0.0256062
-0.0349097
-0.0442466
-0.0535405
-0.062653
-0.0716485
-0.0803939
-0.0887299
-0.0968492
-0.104305
-0.111417
-0.118469
-0.12508
-0.131388
-0.137362
-0.143071
-0.148582
-0.15386
-0.15882
-0.163428
-0.166609
-0.170098
-0.173315
-0.175696
-0.177817
-0.179394
-0.180418
-0.180955
-0.181011
-0.180667
-0.179999
-0.17906
-0.177854
-0.176376
-0.174628
-0.172657
-0.170423
-0.167807
-0.164812
-0.161399
-0.157679
-0.153655
-0.149453
-0.144963
-0.140339
-0.135555
-0.130516
-0.125485
-0.120116
-0.114645
-0.109489
-0.103798
-0.0980456
-0.0921329
-0.0862321
-0.0802065
-0.0741558
-0.0679883
-0.0618309
-0.055512
-0.0492074
-0.0427701
-0.0363241
-0.0299655
-0.0234178
-0.0169291
-0.0105798
-0.00438196
0.00123978
0.00725411
0.0130983
0.018742
0.0241542
0.0292529
0.0341471
0.0387223
0.0429022
0.0468831
0.0505991
0.0540462
0.0573167
0.0604591
0.0633137
0.0659324
0.0682242
0.0702876
0.0720539
0.0734995
0.0745435
0.0754387
0.0760483
0.0764334
0.0766186
0.0766303
0.0764617
0.0761108
0.0755489
0.0747888
0.0737911
0.0725832
0.0712077
0.0696946
0.0681156
0.0664445
0.0646864
0.0629208
0.061027
0.0590826
0.0569756
0.0546392
0.0521621
0.0495298
0.0467575
0.043938
0.0410733
0.0382381
0.0354973
0.0326622
0.0296909
0.0265826
0.0234045
0.020114
0.0168461
0.0133069
0.00989775
0.00644677
0.00299788
-0.000182063
-0.00311666
-0.00598236
-0.00861643
-0.0110871
-0.0136793
-0.0163242
-0.0192525
-0.022157
-0.0249358
-0.0277655
-0.0307882
-0.0338091
-0.0369111
-0.0396611
-0.0417684
-0.0434539
-0.0450292
-0.0463972
-0.0474963
-0.0484543
-0.0493291
-0.0501654
-0.0509765
-0.0517475
-0.0524618
-0.0530919
-0.0535953
-0.0539644
-0.0542334
-0.0544014
-0.054484
-0.0545462
-0.0545697
-0.0545561
-0.0544921
-0.0543664
-0.0541563
-0.0538474
-0.0534411
-0.052946
-0.052408
-0.0517874
-0.051134
-0.0504965
-0.0498119
-0.0491057
-0.0483792
-0.0476204
-0.0467908
-0.0459027
-0.044952
-0.0439325
-0.0428926
-0.0418299
-0.0407412
-0.0396413
-0.0385537
-0.0374806
-0.0363148
-0.0351412
-0.03392
-0.0326882
-0.031416
-0.0301173
-0.0288349
-0.0275659
-0.0262927
-0.0250215
-0.0236814
-0.0222795
-0.0208253
-0.0193195
-0.0177931
-0.0162068
-0.0145695
-0.0128752
-0.0111888
-0.00946745
-0.00773752
-0.00598821
-0.00412307
-0.00216281
-7.70749e-05
0.00221885
0.00461241
0.00722488
0.00993925
0.0128179
0.0158889
0.0188646
0.0214533
0.0246829
0.0278955
0.031443
0.0350617
0.0388061
0.041639
0.044868
0.0481257
0.0513629
0.0543708
0.057802
0.0602686
0.0625526
0.0644744
0.0661523
0.0674575
0.0684088
0.0690407
0.0693232
0.0692769
0.0689088
0.068212
0.0671128
0.0656408
0.0638178
0.0616282
0.0590794
0.0561715
0.0530275
0.0494995
0.0459889
0.0420374
0.0378129
0.0335179
0.0291225
0.0244064
0.0197036
0.0149583
0.00996291
0.00497807
0.000177504
-0.00480586
-0.00973893
-0.0145059
-0.0191634
-0.0236962
-0.0281537
-0.0324394
-0.0364548
-0.0402685
-0.0436945
-0.0469889
-0.0500258
-0.0527381
-0.0552798
-0.0575971
-0.0596979
-0.0615581
-0.0631723
-0.0645281
-0.0656994
-0.0666083
-0.0672677
-0.0676856
-0.0678665
-0.0678709
-0.0677007
-0.0673766
-0.0669136
-0.0663242
-0.0656236
-0.0644987
-0.0632762
-0.062217
-0.0610954
-0.0593159
-0.0578841
-0.055802
-0.0540946
-0.0521472
-0.0501571
-0.0480901
-0.0459678
-0.0438205
-0.0416211
-0.0394037
-0.0371716
-0.0350498
-0.032865
-0.0307452
-0.0286151
-0.0265894
-0.0245742
-0.0225445
-0.0206026
-0.0187186
-0.0168951
-0.0151142
-0.0134453
-0.0118937
-0.0103651
-0.00889784
-0.00751276
-0.00624045
-0.0050414
-0.00388097
-0.0028179
-0.00182648
-0.000898174
-4.09044e-05
0.000752649
0.00144263
0.00209962
0.00270541
0.0032444
0.00369405
0.00404092
0.00429617
0.00445765
0.0045351
0.00453245
0.00446637
0.00434763
0.00418234
0.00398398
0.00375243
0.00348455
0.00317166
0.00281016
0.00239348
0.00192053
0.00140432
0.00084188
0.000246801
-0.000364103
-0.000953296
-0.00151573
-0.0020402
-0.00253735
-0.00299959
-0.00357444
-0.00414862
-0.00474619
-0.00517626
-0.00578964
-0.00635712
-0.00696643
-0.00760357
-0.00822738
-0.00883297
-0.00939439
-0.00991186
-0.0103782
-0.0108192
-0.011229
-0.0117307
-0.0121142
-0.0125106
-0.0128929
-0.0133663
-0.0137147
-0.0140367
-0.0143173
-0.0146563
-0.0148742
-0.015163
-0.0154402
-0.0157202
-0.0159359
-0.0161803
-0.0164484
-0.0168009
-0.0170919
-0.0173824
-0.0178242
-0.0183155
-0.0188358
-0.0194554
-0.0200739
-0.0207961
-0.0217129
-0.0227265
-0.0238238
-0.0245469
-0.0257411
-0.0269443
-0.0281632
-0.0294331
-0.0307158
-0.0320112
-0.0333111
-0.0346487
-0.0360786
-0.0375316
-0.0390196
-0.04054
-0.042031
-0.043566
-0.0450746
-0.0465465
-0.0479951
-0.0493841
-0.0507746
-0.0521941
-0.0535577
-0.0548965
-0.0561837
-0.0574151
-0.0586023
-0.0596636
-0.0607056
-0.0617046
-0.062614
-0.0634915
-0.0642966
-0.0650464
-0.0657497
-0.0664198
-0.0670283
-0.0675801
-0.0680492
-0.0684513
-0.0687956
-0.0690814
-0.0693094
-0.0694689
-0.0695595
-0.0695752
-0.0695013
-0.0693343
-0.0690873
-0.0687752
-0.0683825
-0.0679056
-0.0673497
-0.0667358
-0.0660852
-0.0654071
-0.0646673
-0.0639099
-0.0631322
-0.0623322
-0.0615045
-0.0606448
-0.0597208
-0.0587705
-0.0577362
-0.0566578
-0.0555194
-0.05435
-0.0531638
-0.0519386
-0.0507409
-0.0495184
-0.0482272
-0.0469522
-0.0456359
-0.0442829
-0.0429347
-0.0415666
-0.0402184
-0.0389068
-0.0376481
-0.0363579
-0.0350777
-0.0338143
-0.0325557
-0.0311756
-0.0297106
-0.0281425
-0.0265179
-0.0247905
-0.0230237
-0.0213987
-0.019471
-0.0175439
-0.0155417
-0.0135076
-0.0114415
-0.00946358
-0.00740887
-0.00528901
-0.0031301
-0.000959387
0.00130273
0.00364774
0.00600565
0.00834868
0.010777
0.013134
0.015426
0.0177743
0.0200181
0.0222271
0.024278
0.026308
0.0282086
0.030015
0.0317364
0.0333408
0.0348969
0.0363019
0.0376093
0.0387569
0.0398257
0.0407816
0.0415565
0.0421574
0.0425826
0.0428533
0.0429498
0.0428867
0.0426645
0.0422899
0.0417794
0.0411219
0.0403296
0.0393682
0.0383008
0.0370354
0.0356365
0.0341196
0.0325074
0.0308056
0.0291202
0.0273337
0.0255045
0.0235786
0.021559
0.0193833
0.017032
0.0144874
0.0121035
0.00949675
0.00682588
0.00419852
0.00165463
-0.000929778
-0.00328594
-0.00562107
-0.00771848
-0.00964649
-0.0114559
-0.013143
-0.0147572
-0.0162845
-0.017677
-0.0189729
-0.0201017
-0.0210617
-0.021747
-0.022173
-0.0223047
-0.02213
-0.0216302
-0.0208299
-0.0197862
-0.0183616
-0.016631
-0.0144718
-0.0120047
-0.00924608
-0.00609318
-0.00268606
0.00120521
0.00551019
0.0100302
0.0148573
0.020083
0.0255122
0.031135
0.0368391
0.042959
0.0491046
0.0553608
0.0617497
0.0680843
0.0744073
0.0806258
0.0869424
0.0931005
0.0992369
0.105023
0.11073
0.116087
0.121208
0.125966
0.130521
0.134729
0.138618
0.14214
0.145289
0.148047
0.150457
0.152645
0.154499
0.156059
0.157377
0.158407
0.159183
0.159673
0.159986
0.160075
0.159976
0.159704
0.159277
0.158745
0.158128
0.157465
0.156724
0.155942
0.15512
0.154222
0.1533
0.152292
0.151246
0.150159
0.148978
0.147799
0.146559
0.145303
0.144019
0.142733
0.14145
0.140191
0.13894
0.137709
0.136447
0.13519
0.133854
0.132502
0.131161
0.129866
0.128559
0.127254
0.126049
0.124821
0.123655
0.122576
0.121553
0.120623
0.119773
0.11897
0.118217
0.117491
0.116779
0.116079
0.115408
0.114744
0.114106
0.113525
0.112985
0.112493
0.112054
0.111645
0.111303
0.110979
0.110686
0.110427
0.110206
0.110028
0.109882
0.109786
0.10974
0.109737
0.109777
0.109858
0.109967
0.110092
0.110245
0.110424
0.110632
0.110868
0.111137
0.11142
0.11174
0.112093
0.112481
0.11289
0.113327
0.113747
0.11417
0.114598
0.115046
0.115486
0.115927
0.11636
0.116773
0.117183
0.117588
0.117995
0.118362
0.118779
0.119174
0.119567
0.119956
0.120329
0.120682
0.121018
0.121345
0.121653
0.121943
0.12222
0.122476
0.122734
0.122983
0.123211
0.123425
0.123626
0.123816
0.123984
0.12414
0.124279
0.124407
0.124527
0.124646
0.124764
0.124885
0.125018
0.125159
0.125308
0.125467
0.125634
0.125802
0.125996
0.126196
0.126404
0.126618
0.126837
0.127048
0.127247
0.127434
0.12758
0.127674
0.127729
0.127716
0.127621
0.127471
0.127241
0.12693
0.126537
0.126089
0.125582
0.125042
0.124469
0.123882
0.123262
0.122645
0.12191
0.12113
0.120313
0.119464
0.118576
0.117699
0.116809
0.115908
0.114989
0.114061
0.113114
0.112073
0.111003
0.109995
0.108963
0.107905
0.106921
0.106013
0.105199
0.104455
0.103775
0.103117
0.102464
0.101793
0.101082
0.100369
0.0996326
0.0989179
0.0982375
0.0976112
0.0970556
0.0965778
0.0960663
0.0955096
0.0948728
0.0941116
0.093206
0.0921206
0.0908919
0.0895375
0.0885289
0.0875748
0.086135
0.0847342
0.083345
0.0820237
0.0806174
0.0791209
0.0775333
0.0756476
0.0735288
0.0708561
0.0685051
0.0655507
0.0619169
0.056562
0.051577
0.0461941
0.0401107
0.0338738
0.0273359
0.0208716
0.0148963
0.00960546
0.00499413
0.000661833
-0.00417968
-0.00832748
-0.01105
-0.0147145
-0.0180283
-0.0203669
-0.0228055
-0.0251981
-0.0273466
-0.0296656
-0.0314769
-0.0328741
-0.0338364
-0.0345342
-0.0350366
-0.0354825
-0.0359563
-0.0364771
-0.0368977
-0.0374197
-0.0377246
-0.0378378
-0.0376809
-0.0372149
-0.0362417
-0.0352145
-0.0340298
-0.032813
-0.0316326
-0.0305216
-0.0291584
-0.0279089
-0.0267752
-0.0259727
-0.0247136
-0.0238104
-0.0224719
-0.0210408
-0.0199688
-0.0188216
-0.0174136
-0.0164478
-0.0155685
-0.014826
-0.0142687
-0.0139379
-0.0138613
-0.0140878
-0.0146364
-0.015548
-0.0168138
-0.0184179
-0.0202943
-0.0224221
-0.0247207
-0.027087
-0.0294879
-0.031872
-0.0341375
-0.0363858
-0.0391819
-0.041293
-0.0434982
-0.0458208
-0.0481275
-0.0504253
-0.0526738
-0.05476
-0.0567505
-0.0585157
-0.0601183
-0.0615031
-0.0627085
-0.0640402
-0.064941
-0.0657934
-0.0665448
-0.0672065
-0.0679316
-0.0684019
-0.0687944
-0.0691049
-0.0693741
-0.0695632
-0.0696798
-0.0697517
-0.069803
-0.0698462
-0.0699015
-0.0699719
-0.0700736
-0.0701909
-0.0703249
-0.0705798
-0.0709119
-0.0713362
-0.0718472
-0.0722769
-0.0728038
-0.0735874
-0.0743694
-0.0749349
-0.0754597
-0.0759115
-0.0762531
-0.0764781
-0.0765975
-0.0766378
-0.0766098
-0.0765451
-0.0764648
-0.0763751
-0.0762068
-0.0760055
-0.075764
-0.0754676
-0.075212
-0.0748089
-0.0744792
-0.0741314
-0.0736558
-0.0733059
-0.0728242
-0.0724973
-0.0720122
-0.0715134
-0.0709728
-0.0705405
-0.0700471
-0.0694949
-0.0687168
-0.0680726
-0.067387
-0.0667038
-0.066035
-0.0653794
-0.0646166
-0.0640817
-0.0635848
-0.0631391
-0.0627237
-0.0623413
-0.0619025
-0.0615149
-0.0612908
-0.0609903
-0.0607479
-0.0606214
-0.0605119
-0.0604067
-0.0603463
-0.0603238
-0.0603331
-0.0603607
-0.0604005
-0.0604511
-0.0605597
-0.0606587
-0.0607846
-0.0609956
-0.0612314
-0.0614698
-0.0617154
-0.0619596
-0.0621845
-0.0623574
-0.0625744
-0.0627981
-0.0630424
-0.0633316
-0.0636727
-0.0639334
-0.0643506
-0.0647924
-0.0652471
-0.0657147
-0.066198
-0.066473
-0.0671095
-0.067854
-0.0687953
-0.0699441
-0.0713174
-0.072441
-0.0742535
-0.0761787
-0.0781127
-0.0794142
-0.0812856
-0.0830716
-0.084813
-0.0864812
-0.088103
-0.089637
-0.0912846
-0.0929318
-0.0940476
-0.0956328
-0.0966926
-0.0979158
-0.0988475
-0.0993504
-0.0995433
-0.0995246
-0.0992253
-0.0987051
-0.0982689
-0.0975095
-0.0966323
-0.0956337
-0.0944749
-0.0930846
-0.0914909
-0.089549
-0.0873117
-0.0848093
-0.0830734
-0.0802556
-0.0774313
-0.074643
-0.0718489
-0.0691439
-0.066447
-0.0637644
-0.0610755
-0.058249
-0.0552685
-0.0522638
-0.0491074
-0.0459247
-0.0426933
-0.0394173
-0.0360654
-0.0327446
-0.0292275
-0.0255766
-0.0216697
-0.0175501
-0.0131266
-0.00849858
-0.0035653
0.00124849
0.00611789
0.0110413
0.0159647
0.0207424
0.0253201
0.0296642
0.0337862
0.0377041
0.0414427
0.0450099
0.0484354
0.0516918
0.0547424
0.0576599
0.0603841
0.0628428
0.0650852
0.0670468
0.0687073
0.0701585
0.0714059
0.0724603
0.0733461
0.0740133
0.074544
0.0749039
0.0749973
0.0747214
0.0739818
0.0727602
0.0710258
0.0692776
0.0672952
0.0643927
0.0622328
0.0592749
0.0563897
0.05376
0.0512777
0.0488582
0.0464884
0.0440696
0.0413735
0.038266
0.0347219
0.0310352
0.0267829
0.0221081
0.0186845
0.0151905
0.0105541
0.0064609
0.00254391
-0.000986939
-0.0042525
-0.00611173
-0.00905291
-0.0119683
-0.014869
-0.0177518
-0.0205685
-0.0224933
-0.0251045
-0.0266777
-0.0286412
-0.0302335
-0.0314706
-0.0324038
-0.0330936
-0.0336284
-0.0340399
-0.0344013
-0.0347221
-0.0349737
-0.0351108
-0.035086
-0.0348485
-0.0345175
-0.0340669
-0.0331919
-0.0321116
-0.0308861
-0.0295434
-0.0281459
-0.0273828
-0.025933
-0.0244601
-0.0228917
-0.0211608
-0.0192228
-0.0177651
-0.0154192
-0.0128807
-0.0109111
-0.0081003
-0.00606363
-0.00412976
-0.00151649
0.000884508
0.00314635
0.00498474
0.00692422
0.00881794
0.0106132
0.0124985
0.0137348
0.0157729
0.0178236
0.0198629
0.0217032
0.0235219
0.0246122
0.026059
0.0273066
0.0283959
0.0293492
0.0302195
0.0310264
0.0317492
0.0324581
0.0330821
0.0336133
0.0340485
0.0343558
0.0345257
0.034587
0.0345781
0.0345693
0.0346283
0.034796
0.0350997
0.0353832
0.0359391
0.0366332
0.0374708
0.0380957
0.0392755
0.0407313
0.042071
0.0436352
0.0452578
0.0480718
0.0510849
0.0542226
0.0572665
0.0591549
0.0619335
0.0646096
0.0673171
0.0704722
0.0743875
0.0777228
0.08395
0.0913676
0.0981329
0.105674
0.115919
0.123671
0.130881
0.140521
0.149581
0.158004
0.166074
0.171129
0.179293
0.187541
0.196125
0.204753
0.211211
0.217297
0.225928
0.233611
0.240217
0.243905
0.248474
0.251999
0.254594
0.257057
0.259209
0.261194
0.262925
0.264359
0.265346
0.265724
0.265397
0.264336
0.262553
0.260879
0.25817
0.255049
0.25168
0.249497
0.245754
0.241795
0.237606
0.233184
0.2285
0.223659
0.218647
0.21365
0.208698
0.205732
0.20053
0.195297
0.189871
0.184295
0.178596
0.172928
0.168943
0.164909
0.161048
0.15758
0.154296
0.151974
0.150404
0.149501
0.148974
0.148628
0.148202
0.147492
0.146426
0.145189
0.14349
0.141344
0.138688
0.135464
0.131894
0.127643
0.122958
0.11788
0.112576
0.107235
0.102422
0.0975903
0.0932092
0.0877045
0.0825332
0.0788918
0.0733843
0.0692067
0.062983
0.0580182
0.0527777
0.0461692
0.04125
0.0367695
0.0328421
0.027945
0.0236743
0.0196573
0.0157097
0.0119254
0.00873962
0.00503076
0.00111195
-0.00292162
-0.00676597
-0.00999527
-0.0129526
-0.0157233
-0.0172752
-0.0182912
-0.0190725
-0.0193913
-0.0193655
-0.0190121
-0.0185484
-0.017947
-0.0171301
-0.0160862
-0.0147759
-0.0132086
-0.0113059
-0.00844389
-0.00534857
-0.00252724
0.000600007
0.004149
0.00813399
0.0123339
0.0170317
0.0217725
0.0262732
0.0306194
0.0344633
0.0386405
0.0419682
0.0449529
0.0472744
0.0496712
0.0522682
0.055175
0.0584803
0.0611555
0.0643041
0.0676039
0.0707043
0.0734389
0.0756777
0.077691
0.0786435
0.0791953
0.0794855
0.0796952
0.0797377
0.0797043
0.0794666
0.0791396
0.0782085
0.0770612
0.075384
0.0731682
0.0706609
0.0677036
0.0643969
0.0610699
0.0577549
0.0546062
0.0514836
0.0484181
0.0444538
0.0413269
0.038017
0.0346037
0.0311007
0.0277258
0.0242701
0.0210006
0.017873
0.0150559
0.0124281
0.0100825
0.00795693
0.00602174
0.00438537
0.00282267
0.0014475
0.000307538
-0.000597517
-0.00126642
-0.00170514
-0.00193637
-0.00197619
-0.0018534
-0.00159987
-0.0012151
-0.000731732
-0.000134211
0.000565487
0.00134182
0.00241055
0.00323581
0.00410347
0.00492172
0.00590444
0.00674296
0.00747018
0.00814639
0.00884358
0.00960849
0.0104665
0.0115269
0.0127971
0.0139705
0.0153753
0.0169332
0.0186351
0.0204282
0.0222904
0.0242032
0.0261725
0.0282071
0.0303043
0.0324838
0.0347281
0.0369336
0.0391863
0.0413954
0.0434853
0.0454717
0.047866
0.0495665
0.0517608
0.0533448
0.0549345
0.0564664
0.0579872
0.0593884
0.0606654
0.0618062
0.0627986
0.0636558
0.0643205
0.0648622
0.0652898
0.0655971
0.0657982
0.0658798
0.0658277
0.0656153
0.0652235
0.0646685
0.0639211
0.0629943
0.0619697
0.0608389
0.059629
0.058364
0.0570154
0.0556079
0.0541348
0.0525937
0.0509123
0.0491186
0.0472493
0.0453614
0.0433109
0.0411997
0.039028
0.0368117
0.034498
0.0319876
0.0293188
0.0265872
0.0239956
0.0209892
0.0178818
0.0148107
0.011791
0.00890556
0.00617138
0.00350276
0.000654478
-0.0022944
-0.00535915
-0.00868671
-0.0123796
-0.0160591
-0.0198498
-0.0232447
-0.0268085
-0.0305067
-0.0339994
-0.0373478
-0.0404328
-0.0433417
-0.0460244
-0.0486477
-0.0512322
-0.0537955
-0.0562907
-0.0588987
-0.061493
-0.063988
-0.0664797
-0.0688511
-0.0711141
-0.0733067
-0.0754039
-0.0774314
-0.0794623
-0.0814292
-0.083418
-0.0854131
-0.0871906
-0.0890094
-0.0907381
-0.0923575
-0.0939181
-0.0954201
-0.0968584
-0.0982158
-0.099632
-0.101067
-0.102418
-0.103705
-0.10487
-0.106099
-0.107259
-0.108306
-0.109348
-0.110355
-0.111367
-0.112362
-0.113308
-0.114292
-0.1153
-0.116266
-0.117229
-0.118164
-0.119066
-0.119942
-0.12079
-0.121617
-0.122422
-0.123187
-0.123996
-0.124773
-0.125565
-0.126314
-0.127088
-0.127907
-0.128758
-0.12968
-0.130692
-0.131842
-0.133116
-0.134513
-0.136047
-0.137866
-0.139888
-0.142165
-0.14475
-0.147685
-0.150928
-0.154516
-0.158165
-0.162387
-0.166568
-0.170875
-0.175491
-0.180276
-0.184809
-0.189652
-0.194367
-0.199207
-0.204096
-0.208969
-0.21413
-0.219453
-0.224905
-0.230518
-0.236444
-0.241848
-0.247895
-0.25401
-0.260282
-0.266255
-0.272237
-0.278188
-0.284284
-0.289699
-0.295383
-0.300928
-0.306179
-0.311399
-0.316351
-0.321354
-0.326287
-0.331199
-0.335961
-0.340771
-0.345418
-0.349975
-0.354402
-0.358786
-0.363061
-0.367205
-0.371502
-0.375958
-0.380503
-0.38464
-0.38906
-0.39375
-0.398245
-0.402566
-0.40684
-0.411106
-0.415283
-0.419435
-0.423497
-0.427706
-0.431969
-0.436305
-0.440207
-0.444413
-0.448494
-0.452428
-0.456239
-0.459874
-0.463615
-0.467358
-0.471373
-0.475557
-0.4798
-0.48408
-0.488311
-0.492183
-0.496224
-0.500047
-0.503767
-0.507429
-0.511181
-0.515094
-0.519202
-0.523467
-0.52785
-0.532215
-0.536494
-0.540547
-0.544553
-0.548348
-0.552415
-0.556695
-0.561473
-0.56666
-0.571979
-0.578122
-0.584172
-0.590409
-0.596376
-0.602056
-0.607759
-0.613523
-0.619507
-0.625804
-0.633319
-0.642771
-0.653161
-0.664817
-0.672951
-0.680898
-0.688325
-0.697996
-0.707604
-0.715866
-0.722324
-0.728424
-0.733139
-0.738464
-0.743825
-0.749674
-0.753525
-0.760258
-0.767194
-0.774316
-0.781492
-0.788426
-0.794997
-0.801472
-0.805406
-0.811759
-0.817925
-0.824011
-0.830105
-0.836049
-0.84188
-0.847414
-0.852729
-0.858056
-0.863383
-0.86875
-0.874343
-0.88002
-0.885033
-0.890915
-0.897018
-0.902784
-0.908504
-0.913907
-0.918768
-0.923468
-0.92804
-0.932556
-0.937061
-0.941536
-0.946117
-0.950588
-0.954975
-0.959197
-0.963314
-0.967158
-0.97078
-0.974122
-0.977264
-0.980229
-0.98277
-0.985475
-0.988099
-0.990511
-0.992635
-0.994421
-0.995886
-0.997024
-0.997895
-0.998527
-0.999009
-0.999369
-0.999677
-0.999897
-1
-0.999907
-0.999489
-0.998785
-0.997644
-0.996094
-0.994167
-0.991941
-0.98949
-0.986859
-0.984085
-0.981208
-0.97814
-0.974992
-0.971664
-0.968099
-0.964255
-0.959774
-0.954519
-0.948592
-0.942106
-0.936576
-0.93054
-0.924315
-0.915521
-0.909022
-0.900136
-0.89147
-0.88586
-0.878066
-0.871548
-0.864975
-0.861101
-0.854503
-0.847677
-0.839939
-0.830787
-0.822464
-0.81208
-0.800473
-0.787807
-0.773822
-0.758945
-0.74386
-0.724316
-0.709502
-0.69211
-0.67499
-0.657231
-0.63907
-0.615969
-0.598212
-0.579348
-0.56053
-0.540579
-0.520293
-0.499887
-0.47936
-0.458452
-0.438373
-0.417138
-0.395354
-0.374751
-0.353895
-0.334609
-0.317215
-0.30208
-0.28931
-0.277639
-0.267119
-0.25686
-0.246903
-0.237302
-0.228895
-0.222264
-0.217045
-0.213095
-0.210286
-0.209552
-0.211261
-0.216121
-0.224208
-0.235007
-0.246786
-0.260489
-0.274835
-0.288786
-0.301768
-0.314165
-0.32521
-0.335506
-0.345262
-0.354664
-0.363398
-0.372118
-0.380093
-0.387397
-0.393824
-0.399813
-0.405014
-0.409519
-0.413185
-0.416384
-0.419052
-0.421192
-0.422677
-0.423367
-0.423183
-0.422057
-0.420155
-0.417112
-0.413193
-0.408255
-0.402473
-0.395855
-0.388972
-0.381605
-0.373891
-0.365633
-0.357038
-0.347884
-0.338056
-0.32808
-0.31841
-0.308149
-0.298165
-0.288441
-0.279775
-0.270973
-0.26227
-0.253863
-0.245466
-0.237427
-0.229502
-0.221565
-0.21409
-0.206697
-0.199996
-0.193728
-0.188162
-0.183541
-0.179567
-0.17644
-0.174262
-0.172605
-0.171479
-0.170923
-0.170875
-0.171302
-0.172148
-0.173415
-0.175074
-0.177083
-0.179352
-0.181902
-0.184655
-0.187302
-0.190276
-0.193277
-0.196246
-0.199137
-0.201971
-0.204703
-0.207323
-0.209739
-0.212048
-0.214191
-0.216121
-0.217938
-0.219553
-0.22106
-0.222334
-0.223397
-0.224189
-0.224673
-0.224831
-0.224656
-0.224166
-0.224007
-0.223271
-0.222225
-0.221046
-0.219715
-0.218337
-0.216771
-0.215114
-0.213006
-0.212073
-0.2101
-0.208138
-0.206129
-0.203722
-0.202014
-0.199737
-0.197537
-0.195934
-0.194138
-0.19254
-0.190959
-0.189142
-0.187714
-0.186181
-0.184837
-0.183726
-0.182793
-0.182083
-0.18176
-0.181431
-0.181129
-0.18085
-0.180593
-0.180393
-0.180254
-0.180157
-0.180113
-0.180188
-0.180389
-0.18074
-0.181293
-0.182154
-0.183477
-0.185291
-0.187787
-0.191151
-0.196794
-0.202326
-0.21117
-0.219089
-0.228278
-0.238194
-0.248697
-0.259418
-0.270168
-0.280154
-0.290105
-0.299381
-0.307942
-0.316228
-0.323893
-0.330825
-0.336899
-0.342208
-0.346616
-0.350016
-0.352316
-0.3537
-0.354005
-0.353404
-0.351749
-0.349255
-0.345718
-0.341086
-0.335734
-0.329279
-0.321449
-0.312239
-0.301901
-0.290922
-0.279007
-0.26666
-0.253476
-0.240012
-0.226695
-0.212362
-0.197637
-0.181689
-0.164971
-0.147155
-0.128774
-0.109411
-0.0905687
-0.0683483
-0.0461856
-0.0223079
0.00342563
0.0307063
0.0601201
0.092241
0.126765
0.160323
0.190433
0.222608
0.254487
0.286003
0.314745
0.340335
0.363227
0.385212
0.40444
0.421588
0.435642
0.449992
0.463162
0.4748
0.485175
0.494007
0.501644
0.507472
0.51154
0.513718
0.514162
0.513054
0.510503
0.506676
0.501458
0.495066
0.487783
0.47905
0.469179
0.458432
0.446931
0.43467
0.420914
0.406431
0.390478
0.373027
0.354005
0.333612
0.312998
0.288991
0.265047
0.239416
0.212571
0.185936
0.158577
0.131769
0.105108
0.0792723
0.0541383
0.0300976
0.0061476
-0.0173958
-0.0406396
-0.0625534
-0.083679
-0.10371
-0.121843
-0.137264
-0.15207
-0.165019
-0.17622
-0.18581
-0.193963
-0.200889
-0.206724
-0.211556
-0.215526
-0.21858
-0.220709
-0.222037
-0.222603
-0.222462
-0.221678
-0.220339
-0.218586
-0.216367
-0.213777
-0.210688
-0.207316
-0.203224
-0.198645
-0.193459
-0.187709
-0.181439
-0.175014
-0.168341
-0.161182
-0.153752
-0.14598
-0.138139
-0.130891
-0.122734
-0.114513
-0.106635
-0.098501
-0.0903386
-0.0817641
-0.0731397
-0.0647886
-0.0566526
-0.0490657
-0.0410985
-0.0333143
-0.0260515
-0.019193
-0.0125105
-0.00638176
-0.000381302
0.00551682
0.0111279
0.0163987
0.0212378
0.0259803
0.0304263
0.0345236
0.0383595
0.0418036
0.0449633
0.0478088
0.0502998
0.0524504
0.0543165
0.0558023
0.0569885
0.0578463
0.0583313
0.0584842
0.0583234
0.057889
0.0571831
0.0562227
0.0550342
0.0536085
0.0519316
0.0498886
0.0475809
0.0447998
0.0418727
0.0385746
0.0349892
0.0313689
0.0272305
0.0229376
0.0184404
0.0140531
0.0093586
0.00450252
-0.000484861
-0.0058501
-0.0113104
-0.0167529
-0.0224312
-0.0282549
-0.0341446
-0.0401471
-0.0461432
-0.0522598
-0.0583197
-0.0644433
-0.0704944
-0.0766379
-0.0826273
-0.0886614
-0.0944847
-0.100219
-0.106123
-0.111477
-0.11704
-0.122164
-0.127233
-0.131854
-0.135694
-0.13962
-0.143121
-0.146277
-0.148993
-0.15134
-0.153208
-0.154433
-0.155213
-0.155328
-0.154656
-0.153191
-0.150957
-0.148202
-0.144228
-0.139399
-0.133964
-0.128179
-0.122599
-0.116508
-0.110218
-0.103908
-0.0975562
-0.0908347
-0.0838283
-0.0761919
-0.0680965
-0.0601197
-0.0514416
-0.0426236
-0.0334957
-0.0240635
-0.0151722
-0.00731839
0.00126142
0.00931427
0.0167855
0.0241053
0.0312454
0.038245
0.0453229
0.0515411
0.0581597
0.0642582
0.0702635
0.0754931
0.0799277
0.083999
0.0873617
0.0899761
0.0921636
0.0939038
0.0952369
0.0962165
0.0968587
0.0971352
0.0970061
0.0964537
0.0953994
0.0938227
0.0917333
0.0892413
0.0862916
0.0829296
0.0792865
0.0754023
0.0711598
0.0663238
0.0611498
0.0556142
0.0500123
0.0436178
0.037066
0.0307041
0.0236932
0.016141
0.00845407
0.000736307
-0.00702451
-0.0152199
-0.023586
-0.0322361
-0.0410381
-0.0498617
-0.0588175
-0.0673967
-0.0760039
-0.0845706
-0.0928533
-0.101056
-0.10894
-0.116799
-0.124648
-0.132112
-0.139319
-0.145906
-0.15292
-0.159753
-0.165991
-0.171794
-0.177145
-0.18238
-0.187321
-0.191655
-0.195476
-0.199134
-0.202423
-0.205301
-0.207922
-0.210108
-0.21218
-0.214011
-0.215609
-0.216925
-0.217961
-0.218719
-0.219222
-0.219461
-0.21942
-0.219117
-0.218582
-0.217869
-0.216949
-0.215924
-0.214727
-0.213265
-0.211594
-0.209585
-0.207301
-0.204547
-0.201407
-0.198168
-0.194496
-0.190389
-0.186129
-0.181752
-0.176976
-0.172277
-0.167449
-0.162518
-0.157455
-0.152549
-0.147608
-0.14262
-0.137474
-0.132168
-0.126799
-0.12142
-0.116034
-0.11055
-0.105067
-0.0996127
-0.0941507
-0.0887905
-0.0833107
-0.0779632
-0.0723464
-0.0667967
-0.061283
-0.0560544
-0.0506812
-0.0456785
-0.040633
-0.035663
-0.0311796
-0.0266715
-0.0222504
-0.017757
-0.013484
-0.0093089
-0.00512766
-0.00101058
0.00275995
0.00633814
0.0099626
0.013515
0.0169829
0.0201936
0.0230185
0.0259198
0.0285675
0.0311096
0.033492
0.0356612
0.0374551
0.039294
0.0408675
0.0422507
0.0433698
0.0442869
0.0449546
0.0454456
0.0456819
0.0457976
0.0457519
0.0454814
0.0449845
0.0442415
0.0432594
0.0422303
0.0407971
0.0391374
0.0372553
0.0355431
0.033449
0.0314151
0.0289416
0.0263729
0.0236965
0.0209681
0.0187161
0.0160495
0.0132991
0.0105564
0.00779223
0.00495135
0.00202114
-0.000787644
-0.00357692
-0.00669835
-0.00994734
-0.013344
-0.0168632
-0.0200378
-0.0230126
-0.0260388
-0.0292247
-0.0322751
-0.0351208
-0.0376381
-0.0402883
-0.0428717
-0.0454235
-0.0478025
-0.0501223
-0.0523065
-0.0541881
-0.056155
-0.0580052
-0.0595398
-0.0607293
-0.0618119
-0.0626861
-0.0632699
-0.0638476
-0.0643507
-0.0648401
-0.0653184
-0.065803
-0.0662886
-0.066818
-0.067325
-0.0678469
-0.0683882
-0.0689772
-0.0696404
-0.0703928
-0.0712922
-0.0724035
-0.0736831
-0.0751839
-0.0768723
-0.0787437
-0.080694
-0.082767
-0.0849021
-0.0871027
-0.0893671
-0.0916375
-0.0939647
-0.0964056
-0.098914
-0.101587
-0.104398
-0.1073
-0.110284
-0.112825
-0.115316
-0.118143
-0.120784
-0.122942
-0.124938
-0.126559
-0.12786
-0.128801
-0.12942
-0.129767
-0.129914
-0.12991
-0.129792
-0.129572
-0.129226
-0.128706
-0.127979
-0.127019
-0.125838
-0.124327
-0.122539
-0.120441
-0.118215
-0.115744
-0.113022
-0.11018
-0.107176
-0.10405
-0.100749
-0.097529
-0.0940953
-0.0906093
-0.0872497
-0.0840205
-0.0811089
-0.078534
-0.0762996
-0.0743653
-0.0727478
-0.0713986
-0.0703323
-0.0695937
-0.0692549
-0.0694594
-0.0702378
-0.0717214
-0.0742977
-0.0779078
-0.0822514
-0.087159
-0.0926116
-0.0991412
-0.106125
-0.113385
-0.120883
-0.128234
-0.135539
-0.143885
-0.153009
-0.162778
-0.173541
-0.184271
-0.194952
-0.206367
-0.2179
-0.229521
-0.240614
-0.251222
-0.261107
-0.270282
-0.279139
-0.287832
-0.29589
-0.3039
-0.311658
-0.318565
-0.32522
-0.332064
-0.338153
-0.343218
-0.347026
-0.350238
-0.352876
-0.354846
-0.356286
-0.35735
-0.358081
-0.358505
-0.358676
-0.358541
-0.358037
-0.357158
-0.355901
-0.354375
-0.352655
-0.350607
-0.348411
-0.346098
-0.343481
-0.340575
-0.337228
-0.333506
-0.329571
-0.325057
-0.320196
-0.315817
-0.311167
-0.306881
-0.302737
-0.299134
-0.296087
-0.293607
-0.291771
-0.290627
-0.290164
-0.290401
-0.29151
-0.293648
-0.29706
-0.301871
-0.308211
-0.316014
-0.325636
-0.337019
-0.350079
-0.364787
-0.380431
-0.397231
-0.415349
-0.433638
-0.45265
-0.471608
-0.490368
-0.508216
-0.524757
-0.540131
-0.553953
-0.565905
-0.576684
-0.585652
-0.593656
-0.601632
-0.606335
-0.610172
-0.61271
-0.614083
-0.614187
-0.613381
-0.611812
-0.609835
-0.606547
-0.602248
-0.596907
-0.591611
-0.583658
-0.574091
-0.562172
-0.548145
-0.537209
-0.518318
-0.50257
-0.483534
-0.456845
-0.434991
-0.411902
-0.388167
-0.364209
-0.340552
-0.317113
-0.28888
-0.268169
-0.248671
-0.231183
-0.209809
-0.19643
-0.1795
-0.165651
-0.152787
-0.141101
-0.130644
-0.120884
-0.111382
-0.102046
-0.0924489
-0.0827307
-0.0727334
-0.0622183
-0.0514132
-0.0401041
-0.0293874
-0.0196348
-0.0084439
0.00302461
0.0143069
0.0252616
0.0355855
0.045551
0.0551225
0.0638278
0.0725393
0.0815273
0.0905487
0.099927
0.10995
0.12065
0.132259
0.144425
0.156894
0.170127
0.183257
0.196677
0.209931
0.222565
0.234826
0.246321
0.257158
0.267484
0.277338
0.286393
0.294381
0.301168
0.307205
0.311976
0.315269
0.317211
0.31791
0.317489
0.316117
0.313956
0.311106
0.307554
0.303259
0.298335
0.292451
0.285703
0.278104
0.26995
0.26082
0.251361
0.241423
0.231377
0.220859
0.209666
0.198113
0.185835
0.172421
0.157577
0.14272
0.128127
0.111486
0.0933982
0.0755234
0.0579378
0.0425882
0.0274732
0.0115948
-0.0034467
-0.0177944
-0.0309347
-0.0435923
-0.0560303
-0.0686063
-0.0810669
-0.0935395
-0.105457
-0.117365
-0.128875
-0.140693
-0.151797
-0.162259
-0.172118
-0.181516
-0.19028
-0.198546
-0.20618
-0.213727
-0.220724
-0.227171
-0.232813
-0.238008
-0.242615
-0.246734
-0.250268
-0.253332
-0.255933
-0.258183
-0.259993
-0.261407
-0.26239
-0.262903
-0.262946
-0.26252
-0.26165
-0.260293
-0.258491
-0.256289
-0.253701
-0.251023
-0.247799
-0.244071
-0.239991
-0.235739
-0.231126
-0.226252
-0.22106
-0.215708
-0.210216
-0.204472
-0.19859
-0.192608
-0.186521
-0.180334
-0.173934
-0.167401
-0.160704
-0.153959
-0.147047
-0.140248
-0.133212
-0.126349
-0.119415
-0.112479
-0.105463
-0.09856
-0.0916715
-0.0849017
-0.0782851
-0.071678
-0.0657739
-0.0595994
-0.0535459
-0.0478122
-0.0427993
-0.037773
-0.0329817
-0.0284837
-0.0242917
-0.0203604
-0.0166253
-0.0131473
-0.0098191
-0.00681258
-0.00411739
-0.00147933
0.000924404
0.00317515
0.00520154
0.0070585
0.00884739
0.0105806
0.0123103
0.0140626
0.0159352
0.017862
0.0198915
0.0221352
0.0247125
0.0275602
0.0305466
0.0338011
0.0374046
0.0414447
0.0458323
0.0504193
0.0551953
0.0602308
0.0654039
0.0708821
0.0764532
0.0820536
0.0875537
0.0932356
0.0988194
0.104388
0.10971
0.114896
0.119896
0.124839
0.129605
0.134091
0.138444
0.142543
0.146562
0.150374
0.153865
0.157228
0.160393
0.163283
0.165937
0.168354
0.170474
0.172405
0.174043
0.175424
0.176516
0.177355
0.178004
0.178441
0.17864
0.178597
0.178301
0.177749
0.176878
0.175745
0.174326
0.172644
0.170767
0.168617
0.166186
0.163469
0.160519
0.157354
0.154011
0.150492
0
0
0
0
0
0
0
0
0
0
0
0
0
0
0
0
0
0
0
0
0
0
0
0
0
0
0
0
0
0
0
0
0
0
0
0
0
0
0
0
0
0
0
0
0
0
0
0
0
0
0
0
0
0
0
0
0
0
0
0
0
0
0
0
0
0
0
0
0
0
0
0
0
0
0
0
0
0
0
0
0
0
0
0
0
0
0
0
0
0
0
0
0
0
0
0
0
0
0
0
0
0
0
0
0
0
0
0
0
0
0
0
0
0
0
0
0
0
0
0
0
0
0
0
0
0
0
0
0
0
0
0
0
0
0
0
0
0
0
0
0
0
0
0
0
0
0
0
0
0
0
0
0
0
0
0
0
0
0
0
0
0
0
0
0
0
0
0
0
0
0
0
0
0
0
0
0
0
0
0
0
0
0
0
0
0
0
0
0
0
0
0
0
0
0
0
0
0
0
0
0
0
0
0
0
0
0
0
0
0
0
0
0
0
0
0
0
0
0
0
0
0
0
0
0
0
0
0
0
0
0
0
0
0
0
0
0
0
0
0
0
0
0
0
0
0
0
0
0
0
0
0
0
0
0
0
0
0
0
0
0
0
0
0
0
0
0
0
0
0
0
0
0
0
0
0
0
0
0
0
0
0
0
0
0
0
0
0
0
0
0
0
0
0
0
0
0
0
0
0
0
0
0
0
0
0
0
0
0
0
0
0
0
0
0
0
0
0
0
0