
0
-146.423
110.489
-1047.38
876.038
487.259
106.407
-886.873
-192.326
397.488
504.254
-404.588
-203.513
389.754
440.565
-1713.38
959.234
748.907
-339.526
-479.965
7.70407
-190.393
491.384
637.954
-768.573
-775.188
1034.4
-522.707
879.782
-290.2
-802.733
163.652
121.844
1138.83
-806.306
-899.957
1074.27
-969.892
1920.54
-2014.86
1106.63
-531.255
-355.434
1556.19
-1415.83
406.286
1.82927
-179.5
37.1526
437.35
259.035
-1173.46
461.416
142.175
11.1714
720.802
-855.869
-400.322
377.546
175.514
820.661
-1227.07
394.098
-300.709
244.594
369.178
-92.6827
-369.975
-194.518
404.126
98.648
-128.591
105.432
-348.239
50.2708
448.4
-377.102
141.785
-103.032
-0.64067
181.389
-368.933
461.12
-199.771
-145.098
122.355
53.8256
-49.3712
62.0227
-175.489
12.9402
187.58
86.1305
-251.746
-50.8166
115.892
11.5526
147.598
-113.637
-141.61
-0.0772472
88.3564
188.246
-169.704
7.96593
-150.019
174.081
54.908
-128.039
51.7357
-19.1057
-62.1985
193.122
-217.511
83.2192
99.0355
-126.896
50.54
-9.56851
-66.8616
114.91
-63.001
24.7927
20.0814
-60.7762
-26.2923
109.154
-92.7598
120.571
-55.6267
-115.9
41.4596
83.3193
-24.2479
79.3276
-128.212
-24.1831
49.5913
21.2002
60.0114
-39.495
-109.858
83.3034
-25.2376
44.1959
13.0698
-18.0946
-71.386
57.023
17.0727
-11.8047
-14.6498
26.0869
-74.4734
76.2696
23.3387
-63.5107
-28.8693
76.6016
0.214035
-6.55283
-65.4908
17.6929
25.412
45.4041
-28.1458
-33.2667
-39.576
84.4914
-12.5184
-8.91456
-0.678921
8.62067
-67.1173
37.9758
49.2354
-19.4835
-31.902
49.3612
-82.1535
38.6312
37.3075
-1.4547
-28.2679
-7.91182
-29.9365
53.6074
8.27298
16.3074
-81.4881
9.2169
72.1408
14.1996
-107.361
49.7305
11.5205
-4.90841
34.5305
-46.3247
-51.4173
108.425
-33.1012
-2.10856
-23.697
-11.8647
36.9001
-5.45023
-14.5091
45.4132
-83.1171
56.9123
3.11779
-35.8742
23.9199
38.0205
-52.8329
-7.575
-2.25937
35.2856
4.50007
11.9482
-53.8912
-6.82648
26.408
58.3069
-57.8992
-15.8404
13.8735
6.9615
-0.348086
26.4029
-55.5714
35.1402
-3.15368
7.85152
-14.8377
-11.2615
26.1512
8.05517
-51.6529
50.4337
-28.6293
14.6712
10.2415
-15.8112
-17.9499
35.0943
-12.1191
-0.455987
-19.893
21.2061
2.46142
2.47364
-24.657
25.1257
-28.1716
36.5734
2.33133
-35.8552
-4.9789
38.3091
-30.0966
25.902
-8.60395
-10.6974
-4.40373
19.6593
-12.9054
15.0413
-18.1516
11.2979
-16.4007
14.2331
-1.637
7.60201
-19.3233
23.0186
-18.9193
4.35636
5.76506
5.13339
-17.1788
9.08032
-9.43804
24.1138
-24.0081
14.2143
-5.85596
-0.208374
1.37996
8.47992
-25.0149
25.2024
-12.6194
4.73585
-2.43424
6.43283
-13.1968
9.55348
-3.81835
20.6352
-28.016
3.84173
1.29856
10.5751
-9.85152
17.6591
-26.6774
12.6167
2.95367
-0.431439
-5.63367
10.3517
-13.3166
9.9712
-16.2005
24.0603
-14.5846
3.59248
-0.401952
3.74108
-15.3726
23.8619
-13.4548
-1.58813
-2.27695
9.74877
-13.0053
16.5481
-9.45488
4.33352
-11.9566
16.8859
-10.7221
2.5228
-2.26667
9.17977
-18.5839
19.9203
-11.5869
2.56841
0.512342
7.18684
-11.2591
6.72068
-6.81254
9.51201
-13.2746
14.1943
-9.52269
8.05919
-10.1195
12.4384
-11.3714
4.69419
1.73245
1.84546
-13.1506
18.3716
-17.9382
11.1367
-1.8627
6.32135
-13.371
10.2679
-6.85097
8.34454
-8.82375
8.22297
-11.2996
6.74296
-0.320451
8.9624
-15.7906
11.5262
-7.61631
5.30909
-2.58751
5.83942
-14.6888
15.2744
-9.43549
7.5102
-10.7211
12.5803
-4.75189
0.0275326
-3.97714
6.15813
-9.70196
13.3335
-11.6663
6.46224
-4.98725
9.97426
-10.8542
7.39647
-8.13785
11.3772
-9.15329
4.77463
-6.23457
4.30399
-3.07165
13.927
-18.8292
8.61047
-2.09813
6.02279
-5.27418
4.94418
-14.8816
13.4308
-3.99721
7.65166
-10.8633
5.24197
-3.08915
5.70252
-5.05212
6.37481
-11.8915
11.4707
-8.58294
7.30849
-6.96712
8.4893
-7.82781
5.30283
-4.47162
7.43862
-8.01835
5.74515
-8.62592
7.38001
-3.34107
8.09019
-11.4517
8.06265
-7.50503
9.17523
-5.97085
5.96441
-10.2728
6.78617
-4.62273
9.22566
-8.21576
4.17254
-6.09474
8.0283
-5.18949
6.96606
-10.6549
7.84756
-6.54573
7.96731
-7.40827
6.95798
-6.82598
6.21975
-6.17425
7.21646
-7.71168
7.36794
-7.03796
6.71886
-6.73431
6.84362
-6.84661
6.72753
-6.81954
6.96414
-7.02244
6.96101
-6.56678
6.68477
-6.50308
6.12721
-6.79667
7.39002
-7.13645
7.13247
-7.71825
6.30503
-4.70691
6.03724
-6.43708
5.72162
-7.3925
8.97573
-7.20634
6.45701
-8.3578
6.69723
-5.01514
6.84998
-6.30113
4.79606
-5.34497
6.08027
-5.93842
6.01517
-7.28321
7.52155
-6.66855
6.47672
-6.83811
6.35073
-5.257
5.73407
-6.03314
5.96842
-6.81531
7.31638
-7.5564
6.2586
-5.36979
6.47421
-5.764
5.00146
-6.26556
6.40682
-5.05913
5.59606
-7.24758
6.256
-5.88996
7.23164
-6.19118
4.72657
-5.26095
5.84342
-5.26654
5.9797
-7.33947
6.74085
-6.48297
6.17273
-5.64338
5.76649
-4.81387
4.99835
-5.66447
4.73531
-5.20652
6.7873
-6.68339
6.27181
-7.00343
6.06989
-4.72223
5.52944
-5.39068
5.0069
-6.03166
6.96116
-7.19673
6.41615
-5.9268
5.27122
-4.47646
5.04121
-5.45242
5.61941
-5.39938
5.1669
-6.10902
6.55085
-6.27878
6.05213
-5.88041
5.40498
-5.19509
5.49086
-4.99411
5.05029
-5.49701
5.83855
-6.54368
6.06915
-5.82782
5.50022
-4.62485
5.1733
-5.00803
4.48423
-5.35789
5.71348
-5.44303
5.72244
-5.61378
4.99981
-5.87894
6.27235
-5.21535
5.25416
-4.79158
4.42951
-5.48796
5.9901
-5.89321
5.20449
-4.82641
4.87685
-4.72213
4.84744
-4.5399
4.89539
-5.74188
5.74455
-5.84279
5.61068
-4.80729
4.7379
-5.65376
5.60911
-5.1249
5.62664
-4.96988
4.65662
-5.42989
5.04148
-4.98602
5.06656
-4.92678
4.73721
-3.77745
3.97003
-4.87066
5.0745
-5.60191
6.24004
-5.60158
4.79123
-5.32993
5.03466
-4.36087
4.59448
-4.50561
5.0389
-5.51726
5.42384
-5.17619
4.39952
-4.4333
4.78418
-5.13181
5.33574
-4.58245
4.36777
-4.41638
4.33905
-5.00536
5.48201
-5.22603
5.41532
-5.88856
4.90423
-4.3394
4.75254
-4.15418
4.4065
-5.0852
4.94332
-4.74419
4.46539
-5.06392
5.00608
-4.002
4.15768
-4.27469
4.18744
-4.92273
5.42969
-4.95522
4.92004
-5.24361
4.87751
-4.97574
4.58754
-3.83117
4.07748
-3.98372
4.18399
-4.47874
4.23998
-4.52486
4.66943
-4.70656
4.4649
-4.16034
4.38646
-4.16833
4.28198
-4.90007
4.91858
-4.7695
5.14009
-5.03413
4.16968
-4.28513
4.13001
-3.7246
4.36818
-4.22184
4.41693
-4.93889
4.55855
-4.83235
4.73106
-3.99234
3.86681
-3.97932
4.06337
-4.2885
4.59213
-4.40594
4.32367
-4.51003
4.68999
-4.96196
4.67123
-4.60473
4.18767
-3.45991
3.9183
-3.75311
3.62584
-4.36315
4.401
-4.40767
4.39453
-4.35076
4.30342
-4.13258
4.44898
-4.61635
4.41815
-4.40996
4.67782
-4.33455
4.00932
-4.39459
3.89395
-3.75466
4.00271
-3.39999
3.66095
-3.91012
3.86266
-4.29886
4.33232
-4.45319
4.41757
-4.19868
4.34574
-4.24699
3.90238
-3.90459
4.07994
-3.78378
4.03139
-4.44842
4.19899
-4.40126
4.01872
-3.62728
3.98484
-3.70616
3.70767
-3.70974
3.40562
-3.48042
3.71981
-4.34785
4.42355
-4.02573
4.1193
-4.10256
3.81683
-4.06948
4.49356
-3.95734
3.99927
-4.51812
3.97726
-4.0567
4.20818
-3.78398
3.66152
-3.34383
3.41359
-3.34103
3.25383
-4.06807
4.42063
-4.31505
4.40759
-4.37674
4.02153
-3.83187
3.82769
-3.58463
3.61058
-3.48172
3.61881
-3.92662
3.44305
-3.67866
3.93118
-3.68254
4.01087
-3.80368
3.47422
-3.43638
3.44963
-3.9427
4.05767
-3.73749
3.68789
-3.80308
3.63971
-3.70637
3.96711
-3.45223
3.27057
-3.51806
3.5796
-3.65814
3.46158
-3.71419
3.48803
-2.98758
3.55188
-3.41018
3.24229
-3.95307
3.98035
-3.59896
3.64459
-3.85855
3.84459
-3.9588
3.9238
-3.67569
3.58744
-3.37262
3.71848
-3.81836
3.33975
-3.38528
3.10429
-3.1291
3.3876
-3.10497
3.41758
-3.49054
3.29627
-3.71437
3.92689
-3.78347
3.84348
-3.9932
3.6239
-3.42076
3.37614
-3.05393
3.10015
-3.20036
3.62913
-3.8248
3.51714
-3.69204
3.32545
-3.12847
3.57042
-3.46537
3.5837
-3.72088
3.49374
-3.41718
3.3739
-3.2923
3.36384
-3.6222
3.5883
-3.48938
3.24934
-3.03324
3.34072
-3.10898
3.09773
-3.40858
3.09009
-3.44491
3.66238
-3.25011
3.14899
-2.96253
3.08314
-3.47098
3.59211
-3.49603
3.43283
-3.35163
3.22066
-3.44186
3.38618
-3.19813
3.14528
-2.92326
3.00388
-2.81446
2.89201
-3.34955
3.11804
-3.2911
3.39658
-2.94394
3.03778
-3.26028
3.35067
-3.43888
3.60175
-3.63304
3.42716
-3.32696
3.31601
-3.30651
2.90711
-2.90047
3.14061
-2.72852
2.98436
-3.27346
3.14154
-3.52248
3.62337
-3.55395
3.32634
-2.96681
3.01332
-2.95264
2.86772
-2.99509
3.1138
-3.05709
3.21672
-3.54879
3.38857
-3.25987
3.08859
-2.97992
3.07015
-2.69776
2.85353
-3.04144
2.7802
-3.2167
3.50488
-3.39428
3.2774
-3.13656
2.96753
-2.5491
2.5252
-2.8602
3.0347
-3.11637
3.45339
-3.51124
2.83182
-2.81001
2.89264
-2.49737
2.65922
-2.68179
2.63754
-2.72607
2.83836
-3.33106
3.41812
-3.34116
3.40231
-3.139
2.82504
-2.70558
2.76459
-2.74142
2.92561
-3.19274
3.1936
-3.08597
2.72837
-2.75776
2.71163
-2.47385
2.93855
-2.89029
2.64192
-2.99559
3.18181
-3.26332
3.23238
-3.17828
2.96102
-2.55928
2.54604
-2.79028
2.83883
-2.72481
3.12806
-3.37196
3.11746
-3.35127
3.24531
-2.83121
2.73584
-2.55979
2.51775
-2.38204
2.48958
-2.81533
2.80923
-2.95982
3.01857
-2.97304
3.00739
-2.96382
2.82634
-2.45888
2.21715
-2.29171
2.81308
-3.12775
3.00468
-3.13676
2.71572
-2.3361
2.60383
-2.49661
2.54703
-2.79448
2.87614
-2.92291
2.81008
-2.74655
2.67121
-2.74468
2.88871
-2.84844
2.64127
-2.33024
2.35225
-2.36121
2.54603
-2.95816
2.91412
-3.01545
2.96183
-2.70576
2.7109
-2.5257
2.58856
-2.7291
2.68401
-2.67763
2.67279
-2.80241
2.76012
-2.78299
2.80834
-2.57495
2.49875
-2.56201
2.67504
-2.5712
2.62969
-2.74536
2.50531
-2.86059
2.97922
-2.53894
2.64864
-2.50744
2.14425
-2.25639
2.4853
-2.47945
2.53998
-2.83314
2.7494
-2.68295
2.71106
-2.52747
2.45882
-2.2442
2.20847
-2.29859
2.39944
-2.75726
2.89373
-3.02519
2.86927
-2.51708
2.52174
-2.27029
2.16065
-2.46316
2.6064
-2.50853
2.49237
-2.58074
2.25759
-2.19742
2.53274
-2.48444
2.36622
-2.38253
2.52395
-2.35534
2.26303
-2.7188
2.6411
-2.58083
2.8629
-2.66728
2.40029
-2.2747
2.26926
-2.336
2.54871
-2.71548
2.64615
-2.6546
2.3925
-2.22042
2.25966
-2.14247
2.344
-2.53172
2.5996
-2.61186
2.54537
-2.60414
2.33289
-2.2588
2.49896
-2.36943
2.2532
-2.34673
2.45296
-2.34031
2.50358
-2.93738
2.76713
-2.55461
2.54461
-2.34355
1.99476
-1.96671
2.34456
-2.193
2.24665
-2.69389
2.44889
-2.32089
2.54153
-2.49252
2.19384
-2.00384
1.94386
-1.79693
2.07423
-2.45104
2.56876
-2.61389
2.43018
-2.37162
2.24424
-2.08738
2.15493
-2.14561
2.2973
-2.32988
2.348
-2.52
2.41899
-2.44758
2.47336
-2.30426
2.13575
-2.06929
2.09042
-1.93064
2.04027
-2.1976
2.23108
-2.52241
2.59976
-2.51053
2.27734
-2.09717
2.12378
-2.00518
2.20511
-2.4685
2.51817
-2.58691
2.48143
-2.33103
2.12808
-2.14281
2.27668
-2.17972
2.20111
-2.24295
2.27932
-2.20191
2.20314
-2.42366
2.26181
-2.26883
2.31049
-1.88874
1.72072
-1.82546
2.04044
-2.25367
2.50447
-2.61374
2.3393
-2.19783
2.02142
-1.88387
1.92311
-1.91937
2.08317
-2.11784
2.18448
-2.35216
2.42149
-2.48845
2.25918
-2.15605
2.11042
-1.89249
2.00179
-2.03828
1.92694
-1.99404
2.2452
-2.32779
2.15485
-2.30019
2.23136
-1.91319
1.92983
-1.9428
1.85651
-1.78475
2.08058
-2.24438
2.06104
-2.35101
2.46174
-2.205
2.08641
-1.96823
1.85685
-1.79958
2.04429
-2.2149
2.14563
-2.17818
2.19012
-2.20277
2.00903
-1.93221
2.02312
-1.86801
2.03551
-2.20239
2.08569
-2.03223
1.96023
-2.00703
1.98643
-2.07339
2.21512
-2.07662
1.95462
-1.78743
1.79516
-1.93153
2.0707
-2.34125
2.33044
-2.1104
1.84216
-1.83535
1.89893
-1.72321
2.01223
-2.1612
1.93863
-2.10935
2.19772
-1.9887
1.84176
-1.95365
1.94932
-1.82009
2.0467
-2.0559
1.80278
-1.77844
1.97247
-2.08266
1.98111
-2.16377
2.06733
-1.66814
1.74996
-1.77157
1.75325
-1.88391
2.0418
-2.14822
2.03552
-2.0824
2.07248
-1.92594
1.85453
-1.74103
1.69193
-1.65225
1.84511
-2.07102
2.10098
-2.08954
1.83822
-1.77884
1.76457
-1.61063
1.77561
-1.86812
1.96639
-2.14509
2.18018
-2.10041
1.82566
-1.77694
1.7856
-1.70173
1.85765
-1.98252
1.88087
-1.77547
2.03279
-2.04215
1.85962
-2.21016
2.10758
-1.63672
1.51314
-1.40636
1.39845
-1.6257
2.07656
-2.2226
2.10769
-2.20927
2.06016
-1.78171
1.68795
-1.67719
1.66785
-1.77333
2.07183
-2.03717
1.95582
-1.96341
1.75543
-1.72866
1.64181
-1.60216
1.67874
-1.56331
1.59314
-1.59119
1.66236
-1.88224
1.9888
-2.03158
1.84601
-1.63718
1.47588
-1.42122
1.5146
-1.62739
1.876
-1.92077
1.99893
-2.08416
1.78749
-1.64884
1.51105
-1.44708
1.61884
-1.62507
1.7507
-1.82954
1.77176
-1.86935
1.94947
-1.84416
1.69878
-1.75755
1.59626
-1.50385
1.83101
-1.86099
1.85385
-1.99497
2.00732
-1.82049
1.60977
-1.72989
1.59963
-1.44953
1.60298
-1.46183
1.46943
-1.79309
2.0394
-2.09557
2.04025
-1.96964
1.76895
-1.62945
1.49538
-1.47147
1.54736
-1.4763
1.76077
-1.94964
1.76959
-1.7437
1.6178
-1.53456
1.48293
-1.4342
1.49902
-1.39171
1.44223
-1.61398
1.64976
-1.69671
1.88447
-2.00339
1.75383
-1.66276
1.56785
-1.2813
1.3271
-1.49015
1.71626
-1.80932
1.83094
-1.97145
1.73112
-1.48236
1.39652
-1.28795
1.34871
-1.46865
1.67965
-1.74234
1.66177
-1.71371
1.74742
-1.69775
1.62151
-1.69824
1.53455
-1.29791
1.49751
-1.49403
1.54083
-1.74202
1.67094
-1.63962
1.53444
-1.53783
1.64901
-1.58618
1.57349
-1.59146
1.58676
-1.58932
1.79836
-1.85483
1.56891
-1.53216
1.46667
-1.33458
1.34514
-1.3657
1.48289
-1.49518
1.62746
-1.7422
1.58913
-1.5562
1.42774
-1.38074
1.47959
-1.46571
1.63456
-1.80447
1.79836
-1.71922
1.64645
-1.4527
1.35468
-1.61022
1.49463
-1.31602
1.41167
-1.28277
1.2973
-1.41731
1.48934
-1.48125
1.39225
-1.53068
1.45656
-1.22834
1.25999
-1.35696
1.50623
-1.79495
2.0394
-1.83321
1.58088
-1.4837
1.17017
-1.14184
1.31467
-1.4309
1.58221
-1.56816
1.51088
-1.27845
1.16869
-1.32977
1.36838
-1.48587
1.49735
-1.43228
1.50105
-1.55541
1.66116
-1.70928
1.6634
-1.55885
1.59729
-1.57459
1.2931
-1.27866
1.18386
-1.11037
1.46563
-1.57867
1.54623
-1.52031
1.40105
-1.34618
1.28127
-1.32769
1.3743
-1.39026
1.44539
-1.55317
1.70241
-1.62444
1.60934
-1.58702
1.37445
-1.22697
1.07367
-1.12096
1.17627
-1.24518
1.4927
-1.42438
1.31915
-1.34377
1.352
-1.35948
1.27728
-1.30608
1.24656
-1.15945
1.35029
-1.55485
1.58749
-1.59253
1.75302
-1.59638
1.26272
-1.24521
1.00498
-0.831447
1.04885
-1.30189
1.49159
-1.45504
1.4748
-1.44094
1.22733
-1.20946
1.22398
-1.18376
1.16118
-1.29889
1.4241
-1.42076
1.54811
-1.54923
1.5383
-1.51165
1.33837
-1.27013
1.06048
-0.950995
1.07804
-1.18621
1.39887
-1.60065
1.77503
-1.68383
1.37309
-1.22638
1.00732
-0.884894
1.07136
-1.35876
1.46644
-1.40923
1.45072
-1.3152
1.23131
-1.33075
1.2812
-1.23624
1.09862
-1.09223
1.18859
-1.17078
1.38034
-1.51434
1.49025
-1.48204
1.38421
-1.22535
1.07502
-1.10592
1.13919
-1.23656
1.37929
-1.28296
1.28496
-1.26416
1.13253
-1.06863
0.978107
-0.98403
0.953292
-1.05351
1.27491
-1.32766
1.46353
-1.48345
1.37026
-1.29373
1.21569
-1.20841
1.17463
-1.2745
1.34829
-1.31638
1.32488
-1.19995
1.13052
-1.06762
1.03007
-1.0676
1.0499
-1.16376
1.16871
-1.19414
1.32058
-1.20383
1.22716
-1.39226
1.42409
-1.36203
1.25691
-1.09806
0.858836
-0.937351
1.18187
-1.31755
1.48196
-1.45948
1.32316
-1.06595
0.856185
-0.908173
0.928147
-1.08117
1.28904
-1.34502
1.24344
-1.10809
1.23711
-1.26639
1.24568
-1.32463
1.17496
-1.01872
1.00074
-1.0534
1.06074
-1.11629
1.26493
-1.21371
1.16398
-1.08749
0.940523
-0.881323
0.816938
-1.01695
1.21633
-1.21534
1.34473
-1.43576
1.43457
-1.33483
1.23334
-1.11694
0.907849
-0.90727
0.995993
-1.10117
1.13646
-1.09466
1.15532
-1.05321
0.974514
-0.977261
0.899202
-0.906085
0.975296
-1.13334
1.15793
-1.15952
1.29985
-1.24534
1.21434
-1.19593
1.06943
-1.01466
0.973836
-1.00535
1.01792
-1.04633
1.16252
-1.30091
1.41806
-1.292
1.10975
-0.822849
0.529196
-0.632793
0.754945
-0.95473
1.29864
-1.47684
1.51578
-1.37003
1.18351
-0.981559
0.851274
-0.854273
0.840686
-0.932894
0.983882
-1.0546
1.20697
-1.23992
1.27318
-1.20917
1.08765
-0.976088
0.867373
-0.81941
0.718555
-0.897299
1.19065
-1.27797
1.40872
-1.332
1.08358
-0.867308
0.685691
-0.65459
0.706122
-0.861021
1.01407
-1.16978
1.24296
-1.15917
1.12289
-0.9623
0.918397
-0.996992
0.87174
-0.849144
0.876875
-0.927902
1.06049
-1.17425
1.28187
-1.20137
1.07463
-0.951908
0.784044
-0.751602
0.793508
-0.906536
0.9759
-1.03035
1.09669
-1.01256
0.992926
-0.99295
0.967031
-0.866588
0.719948
-0.845314
0.924657
-1.01038
1.23144
-1.23739
1.1351
-0.954206
0.806384
-0.75512
0.725603
-0.824775
0.955167
-1.04126
1.05006
-1.10872
1.08983
-0.917627
1.00809
-1.05204
0.931468
-0.912747
0.81362
-0.771564
0.791298
-0.872251
1.01347
-1.00339
1.01425
-0.99883
0.897094
-0.767713
0.680103
-0.765501
0.862939
-1.03011
1.16559
-1.11249
0.971753
-0.83917
0.861927
-0.758798
0.724022
-0.950435
0.996158
-1.05972
1.10552
-0.964444
0.855955
-0.791452
0.849063
-0.868732
0.751915
-0.659891
0.626333
-0.652564
0.7657
-1.02087
1.09544
-1.01484
1.02208
-0.869765
0.739673
-0.657421
0.624874
-0.788196
0.847348
-1.00822
1.21324
-1.1554
1.07896
-1.03439
0.932045
-0.738507
0.651098
-0.670868
0.680369
-0.829347
0.998904
-1.09074
1.02498
-0.93707
0.906993
-0.705815
0.649183
-0.668808
0.628279
-0.81117
0.92588
-0.971543
1.01858
-0.952385
0.971459
-0.984685
0.907039
-0.800594
0.717633
-0.653239
0.677377
-0.841683
0.912262
-0.998191
1.00243
-0.882034
0.866919
-0.661163
0.498952
-0.513013
0.498215
-0.706244
0.936503
-1.02006
0.998825
-0.842633
0.678648
-0.560182
0.567767
-0.642614
0.705919
-0.73204
0.772405
-0.865838
0.831393
-0.884133
0.969644
-0.909925
0.939266
-0.768831
0.507273
-0.440213
0.453381
-0.707868
0.966266
-1.07699
1.12305
-1.01129
0.862286
-0.726974
0.558897
-0.38827
0.416377
-0.560553
0.702181
-0.925823
0.946186
-0.949509
1.05222
-0.979343
0.881159
-0.6338
0.415019
-0.465386
0.532847
-0.761121
1.00193
-1.02973
1.07123
-1.0934
0.953491
-0.769363
0.664408
-0.491684
0.417286
-0.500338
0.514696
-0.656888
0.808451
-0.963871
1.12854
-0.989372
0.795324
-0.572327
0.391259
-0.413462
0.433447
-0.622101
0.871077
-0.947506
1.03204
-1.05973
0.834696
-0.567323
0.495432
-0.434456
0.511752
-0.710267
0.698772
-0.729627
0.766328
-0.768546
0.831468
-0.713932
0.67373
-0.638546
0.470926
-0.517314
0.579402
-0.590374
0.733609
-0.900454
0.942408
-0.860316
0.643832
-0.348328
0.272588
-0.299035
0.424951
-0.715812
0.856236
-0.975738
0.960169
-0.774342
0.679285
-0.505168
0.499066
-0.651597
0.644459
-0.698864
0.77518
-0.768505
0.816149
-0.898072
0.868583
-0.750039
0.609062
-0.443203
0.425362
-0.422532
0.449541
-0.616627
0.639112
-0.775392
0.903236
-0.765908
0.737839
-0.613446
0.438831
-0.490327
0.573609
-0.657035
0.710807
-0.729944
0.804506
-0.885129
0.802253
-0.641331
0.511843
-0.374446
0.445763
-0.516318
0.521487
-0.706915
0.678517
-0.627504
0.721311
-0.549492
0.427503
-0.491461
0.541674
-0.561846
0.534581
-0.534346
0.516247
-0.557528
0.725982
-0.80702
0.672168
-0.607463
0.642659
-0.4324
0.367042
-0.465479
0.447206
-0.691482
0.914392
-0.900469
0.797459
-0.517477
0.359803
-0.361266
0.401007
-0.540076
0.614361
-0.623898
0.672991
-0.682073
0.63968
-0.637167
0.538523
-0.469527
0.593377
-0.473052
0.37274
-0.513578
0.479423
-0.607929
0.834416
-0.825346
0.769451
-0.64955
0.546608
-0.438295
0.313062
-0.33513
0.41587
-0.533455
0.771277
-0.905819
0.717488
-0.570747
0.51146
-0.364793
0.392577
-0.371026
0.308673
-0.425894
0.484041
-0.657798
0.817589
-0.734153
0.648327
-0.478504
0.347813
-0.363185
0.313393
-0.336046
0.519279
-0.650354
0.741663
-0.820886
0.627723
-0.450366
0.42869
-0.245737
0.266419
-0.367518
0.299491
-0.418172
0.576787
-0.707401
0.76673
-0.662212
0.581561
-0.424491
0.23223
-0.165944
0.136405
-0.216465
0.522835
-0.789239
0.843341
-0.822581
0.582574
-0.356159
0.401892
-0.330935
0.3147
-0.396978
0.389839
-0.557481
0.698462
-0.745888
0.747512
-0.590125
0.537525
-0.529495
0.3785
-0.249654
0.209975
-0.198292
0.3671
-0.630795
0.698636
-0.746721
0.672525
-0.455894
0.358607
-0.168663
0.113277
-0.280739
0.387187
-0.616661
0.726095
-0.584459
0.54769
-0.564689
0.545841
-0.490384
0.334925
-0.190365
0.232413
-0.35307
0.488247
-0.634591
0.569914
-0.505333
0.499466
-0.383746
0.313753
-0.158674
0.119938
-0.297481
0.389738
-0.545275
0.575424
-0.422278
0.457725
-0.496119
0.377848
-0.30101
0.234473
-0.186175
0.369807
-0.539639
0.57717
-0.688839
0.621035
-0.505358
0.47347
-0.238808
0.0978886
-0.137362
0.261927
-0.495233
0.577154
-0.567886
0.516679
-0.45438
0.504196
-0.417598
0.171275
-0.0746549
0.1217
-0.173388
0.392914
-0.559977
0.475246
-0.527184
0.581511
-0.544157
0.487885
-0.227424
0.0732509
-0.101729
0.210662
-0.48332
0.650909
-0.707421
0.730207
-0.566457
0.346886
-0.199859
0.0771248
-0.0885685
0.28688
-0.424933
0.497942
-0.485369
0.327939
-0.360055
0.364277
-0.238703
0.253386
-0.140716
0.0924635
-0.231682
0.253125
-0.321664
0.464099
-0.516722
0.523016
-0.517953
0.373645
-0.150469
0.0936444
-0.195644
0.362634
-0.473844
0.534025
-0.500249
0.339431
-0.358049
0.319764
-0.105677
0.0870925
-0.033941
0.0432542
-0.286488
0.380483
-0.399145
0.439544
-0.363573
0.298375
-0.345755
0.302188
-0.167938
0.159449
-0.21528
0.340096
-0.466236
0.550415
-0.601303
0.492902
-0.492787
0.438392
-0.151555
0.119621
-0.143535
0.0523055
-0.175313
0.324127
-0.33251
0.402218
-0.536448
0.545056
-0.391153
0.123488
0.0653118
-0.00706227
-0.120159
0.289804
-0.418816
0.417233
-0.471254
0.416826
-0.287862
0.174874
0.0219889
-0.0103966
-0.14256
0.246496
-0.339814
0.319502
-0.29776
0.408655
-0.531966
0.51891
-0.377032
0.167562
-0.0419289
0.0258626
0.0193718
0.144364
-0.370355
0.399402
-0.551717
0.514785
-0.150306
-0.0131073
0.083247
-0.152345
0.045415
0.106219
-0.173045
0.253268
-0.440483
0.554439
-0.472779
0.298984
-0.202475
0.151553
-0.105074
0.195459
-0.198056
0.170243
-0.325198
0.428499
-0.46745
0.35773
-0.111313
-0.0575392
0.177193
-0.11757
-0.0506154
0.0977653
-0.163051
0.324431
-0.453122
0.499243
-0.427398
0.203887
-0.0549503
0.0257352
0.0050447
0.119571
-0.229815
0.289829
-0.471784
0.494325
-0.4399
0.345908
-0.0828568
-0.0289854
0.00131416
0.0153705
-0.0896104
0.208598
-0.354193
0.507024
-0.474226
0.217737
-0.0828349
0.0260295
0.0035331
0.143277
-0.154306
0.0317706
-0.0374911
0.155999
-0.260106
0.23268
-0.213094
0.108675
0.0993421
-0.0793798
0.0523533
-0.148905
0.0272307
0.25884
-0.429136
0.485915
-0.445294
0.245275
-0.0859423
0.0143933
-0.0156573
0.0950951
-0.0149021
0.0179272
-0.145728
0.116692
-0.156679
0.198395
-0.128692
0.0780973
0.0129656
-0.0878687
0.0840535
-0.0534988
-0.0832807
0.358844
-0.476652
0.395342
-0.342864
0.205585
-0.102693
0.151215
-0.116961
0.0507239
-0.0356768
0.143103
-0.295554
0.305503
-0.30411
0.171876
0.0527726
-0.0368304
-0.0373935
-0.058913
0.140086
-0.0114702
-0.137061
0.231375
-0.36304
0.354071
-0.152085
-0.0377692
0.0255697
-0.0663375
0.213559
-0.0739021
-0.0726069
0.124011
-0.287134
0.199695
0.0185908
-0.0235827
0.0140012
-0.0138928
-0.075017
0.0697917
-0.00545131
0.144284
-0.28656
0.297256
-0.329431
0.258516
-0.103872
-0.0594086
0.213167
-0.328778
0.386987
-0.154791
-0.1415
0.259395
-0.332914
0.190509
0.0803363
-0.161156
0.104768
-0.0895457
0.0585328
0.0590438
-0.151699
0.268534
-0.387877
0.406233
-0.338761
0.206883
-0.0964152
-0.0765123
0.24003
-0.272586
0.332397
-0.193884
-0.0852648
0.140653
-0.188216
0.205966
-0.0383851
-0.0861118
0.13945
-0.227198
0.170628
0.0348792
-0.138186
0.283816
-0.374161
0.2103
-0.130899
0.129713
-0.0379565
-0.104333
0.198641
-0.188892
0.194864
-0.0691877
-0.136434
0.117818
-0.0498919
0.0541222