
178.995
136.193
271.342
639.403
688.944
237.508
404.8
642.333
293.634
286.8
574.238
424.932
157.722
444.194
877.033
1030.51
679.19
286.29
541.964
409.483
193.349
385.033
157.882
410.052
803.639
735.229
342.272
92.2612
251.203
496.622
566.449
265.508
241.017
633.305
781.52
741.875
528.963
545.053
971.388
1153.87
1018.29
922.812
932.402
768.078
514.23
395.458
343.758
346.459
201.27
304.797
687.675
696.297
315.379
67.7687
51.0932
370.117
743.235
661.196
209.217
477.478
612.107
387.105
187.367
92.707
265.296
420.557
259.26
133.815
401.455
349.78
94.4269
142.034
104.804
210.402
377.866
351.707
185.007
52.093
17.0576
78.7449
162.523
240.077
291.933
248.119
108.321
40.079
98.3962
76.4691
93.9765
107.295
39.3897
117.665
158.054
84.6405
87.8008
118.441
59.5237
135.759
161.038
58.7354
78.0863
122.166
65.2426
71.289
58.4858
35.1282
125.904
141.948
85.7755
27.6043
6.56854
54.8803
109.114
137.306
125.43
77.8036
35.6941
44.2762
60.0587
82.1931
69.7423
31.9592
14.2975
27.3252
69.4829
84.1791
52.8618
23.0571
15.6523
60.8324
102.731
78.8251
9.39524
33.2355
3.28417
67.1958
92.6487
51.1073
37.8658
56.1357
27.5851
57.4941
65.8321
39.3443
47.4597
31.4531
21.326
58.5618
48.9423
9.99876
29.881
39.0819
46.1764
52.9646
29.3334
24.3885
62.3964
62.1658
20.9171
32.9186
49.6768
16.698
36.576
51.1504
17.8897
38.3765
49.7736
12.7601
36.7748
53.0615
35.854
27.4985
13.1135
39.3363
58.657
33.4679
11.2356
34.3079
43.545
57.9361
45.5221
2.7132
33.6821
30.4975
25.3429
46.4944
29.2276
21.5906
47.1187
29.3392
23.3537
63.6178
63.4917
26.0908
27.9969
42.7429
37.7113
51.0384
52.9314
26.3815
35.3767
51.7955
34.6955
33.1585
43.1312
25.5297
3.61499
15.0481
33.1609
53.5403
53.1263
32.9935
6.23052
23.2862
44.1448
36.1306
6.68876
31.707
26.0962
17.8881
37.7016
21.7201
19.9939
47.2924
34.6985
8.73032
36.5945
35.869
25.2748
27.6537
15.2662
10.696
30.4938
32.7868
23.3315
27.9909
31.7993
18.5638
7.26279
30.2813
37.8442
33.2222
28.3159
16.5786
9.57295
28.2127
30.0093
16.9435
17.9231
26.4513
17.8566
16.7893
28.5504
26.8148
19.3906
18.2487
5.39969
24.6328
41.7188
33.2424
11.0521
12.3879
17.3057
27.8896
29.2466
17.2923
15.1771
19.27
16.7539
20.6224
19.634
19.5889
22.5987
16.4664
14.7767
21.1975
23.4923
21.9106
14.0868
11.0277
20.1343
21.2498
16.5819
21.981
22.2941
14.7926
11.2786
14.6033
19.3807
23.3592
22.5331
14.0421
10.0445
17.4643
20.5685
20.5093
17.0751
14.747
17.8668
15.2688
10.3465
22.817
23.73
13.3201
14.2788
14.9514
17.9034
24.3929
20.6754
10.9028
12.1645
16.0826
18.471
18.4284
17.577
20.8976
17.8226
10.4139
13.0196
17.9091
20.7521
18.6097
10.8256
12.6628
20.5875
19.4966
15.4896
13.4473
13.0362
17.5225
16.5311
12.323
15.2807
18.7938
17.03
12.3171
11.1405
16.219
20.0596
18.4408
13.5871
9.96698
14.185
15.4828
13.3223
14.6697
16.1874
16.8321
14.6096
12.8476
14.2826
14.6494
13.2946
11.5672
13.9964
18.5033
19.0414
13.8685
9.58109
10.4889
15.3775
17.4737
12.9918
12.1162
15.0428
14.4177
13.3065
13.844
13.1944
14.5365
14.8981
9.82123
12.7855
16.7116
14.9432
12.7585
11.6367
11.6837
15.5679
17.5033
14.1246
11.7086
13.1259
13.6401
10.7107
11.6876
16.1553
16.0731
15.2132
13.5246
11.0007
11.9268
14.5119
14.0443
11.4513
12.6905
13.6339
12.1366
12.8167
14.7766
13.3504
12.1613
11.8799
8.9133
13.9015
17.6807
13.9284
9.58078
11.737
11.1474
13.2066
16.1779
11.6232
10.0303
13.2599
10.8593
10.419
13.1721
13.2193
13.366
13.826
10.8813
10.0835
11.5434
12.2189
12.1378
11.5639
12.4998
13.1312
11.9311
10.657
11.9583
11.2159
11.2213
12.5416
9.79468
10.7847
13.429
12.1204
11.6595
12.4307
10.4904
11.6671
12.8879
9.88239
11.6864
12.7478
9.80145
11.3412
13.1396
11.1987
12.4781
13.3317
9.24995
10.4506
11.8462
10.4431
11.2451
11.656
11.8967
12.3189
10.9713
9.26405
10.6605
12.0089
12.3915
11.6609
10.1091
10.0972
11.0022
12.1125
10.9847
9.98927
9.86569
10.5425
11.2518
10.6276
11.0836
10.3427
9.03928
10.048
10.7529
10.596
11.8972
11.794
8.59042
9.3469
10.1101
9.52316
11.9378
12.8332
10.1283
10.4801
11.1634
8.09488
9.67825
10.4153
8.80614
10.5251
11.3988
10.864
10.7704
10.96
9.52387
8.92021
9.83504
9.93923
9.71729
10.6827
10.8999
9.68982
9.66744
9.13214
9.09259
9.9665
11.1024
11.0321
9.3175
10.1038
9.7078
8.63172
10.0404
9.89102
8.74107
10.3544
10.9268
9.22827
10.1826
9.82435
8.18091
9.60165
10.5478
9.91469
10.424
10.3415
8.47628
8.65945
8.98219
9.45639
9.90017
9.88096
10.5236
9.29409
9.23085
9.23543
7.56361
8.25504
9.4942
9.1783
10.1283
10.0984
8.26087
8.79494
8.73171
8.60686
10.0106
10.5633
9.9812
8.68832
8.32534
7.88759
8.94544
9.75393
9.57419
9.36271
9.34125
9.87187
9.10848
8.20048
8.40142
8.66015
8.98381
9.48288
9.34933
9.12731
9.38753
8.55836
8.35672
8.22017
9.13533
9.64299
9.44044
9.44971
8.28131
8.46644
8.37385
7.85703
9.00383
9.09805
8.8848
9.09109
8.56838
8.7102
9.42245
8.07274
8.02445
8.36856
8.55908
9.55402
8.88148
7.95717
7.91273
8.68111
9.03134
8.90775
8.89799
8.62462
8.58212
7.56889
7.59914
8.15111
8.51225
8.99746
8.49728
7.69621
8.49152
8.81454
8.26757
8.73232
7.96294
7.88068
8.53005
7.88657
8.10619
7.92533
7.89529
7.56246
8.28543
9.48295
9.16512
8.79854
8.34686
7.16732
7.50184
8.39148
7.87126
8.41672
8.83557
8.35955
8.18686
7.44933
7.81072
8.27364
8.76021
8.39519
7.65342
7.72752
8.03468
8.54202
7.87843
7.46161
7.52197
7.62879
8.5075
8.61147
8.17409
8.37295
7.79476
6.64365
7.49603
7.42633
7.75108
8.31591
7.58671
7.41443
7.58187
7.90557
7.29733
7.57606
8.50118
7.94337
7.80854
7.37777
6.68673
7.30539
7.83111
7.51627
8.04845
8.06183
8.1254
8.07876
7.03975
6.99022
6.8903
7.15585
7.42613
7.25767
7.68032
7.57857
7.46071
7.07805
7.41725
7.50082
7.5896
7.96031
7.45627
6.99184
7.09234
6.63445
6.74959
7.68558
7.49522
7.77827
7.70204
6.97781
7.24725
6.67396
7.1285
7.353
7.40067
7.97345
7.44851
6.90022
6.84233
6.87742
7.15574
7.49338
7.27804
7.29596
7.49732
7.60024
7.40522
6.82542
6.68019
6.18769
7.05071
7.33841
7.2953
7.87505
7.25917
6.94716
6.88129
6.84034
6.86582
6.93687
6.96463
6.58944
6.79079
7.05125
6.95573
7.2292
7.62171
7.13639
7.38355
7.27874
6.71489
7.01193
6.32252
6.59059
6.86819
7.0114
7.44751
7.35253
7.35567
7.02388
6.93766
6.9259
6.59329
6.75503
7.02984
6.84966
7.08362
7.06607
6.46101
6.6739
6.48176
7.06303
7.20224
6.88271
7.16735
6.89364
6.97243
6.75377
6.27794
5.97511
6.36873
7.01024
6.76492
6.80479
6.87185
6.57751
6.89176
7.2359
6.57923
6.93081
6.9785
6.33222
6.66341
6.2373
6.12157
6.25643
6.60315
6.90935
6.99413
7.39878
6.68069
6.00963
6.01892
5.9365
6.15352
6.64459
6.70575
6.78239
6.82445
6.63725
6.55715
6.18796
6.57969
6.36813
6.13465
6.58756
6.33225
6.67408
6.47272
6.12083
6.13035
6.37031
6.83349
6.5265
6.2259
6.36971
6.31069
6.23996
6.43957
6.00718
6.17988
6.67162
6.50332
6.4173
6.30629
6.48576
6.20204
6.61625
6.68633
5.98912
6.33412
5.81144
5.61257
6.27107
6.20467
6.00488
6.23499
6.34725
6.51017
6.58808
6.31415
6.17449
5.97215
6.38236
6.15462
5.75512
5.90415
5.80695
6.34438
6.22664
6.43677
6.58406
6.27875
6.5456
6.25561
5.7871
5.83672
5.7333
5.65762
6.15973
6.27313
6.35974
6.41684
6.0207
5.72199
5.51576
6.08546
6.03612
6.17726
6.12006
5.60388
6.0049
5.98355
6.1049
6.2245
5.92947
5.87679
5.82212
5.84291
6.03937
6.04726
5.74118
5.64609
5.60902
6.07011
5.93412
6.03101
6.23848
5.87021
6.16256
5.75611
5.64305
6.10204
6.10347
6.09867
5.64008
5.46797
5.73533
5.92785
5.95239
5.99301
5.79103
5.91614
6.00923
5.76953
5.67404
5.40151
5.4967
5.34371
5.76461
6.01252
5.75967
6.05576
5.67049
5.73509
6.11328
6.02351
5.89053
5.75117
5.49107
5.29442
5.47135
5.60851
5.63999
5.7651
6.14695
5.83849
5.79174
5.88486
5.25913
5.46764
5.36516
5.49975
5.93586
6.07721
6.04376
5.59078
5.51789
5.42593
5.34443
5.53631
5.64396
5.62466
5.89119
5.82621
5.39288
5.3004
5.20566
5.44045
5.3192
5.65207
5.82184
5.53919
5.82448
5.38719
5.03602
5.2327
5.45328
5.66399
5.90408
6.0043
5.46627
5.15179
5.20599
5.23567
5.5034
6.08849
5.65736
5.3075
5.41371
4.93807
5.08628
5.12979
5.21357
5.42974
5.76083
6.04548
5.65195
5.48383
5.17126
4.92262
5.11812
5.43579
5.50398
5.59698
5.47323
5.13316
5.1024
5.30317
5.6627
5.51595
5.62569
5.46091
5.01765
5.39718
5.09404
4.95524
5.24291
5.49453
5.65841
5.71441
5.58836
5.09057
5.0026
5.29645
5.3283
5.35907
5.83061
5.635
5.34969
5.36341
4.7653
4.76804
4.90253
5.12804
5.31537
5.56718
5.64679
5.29468
5.22587
5.04214
4.99718
5.07961
5.12448
5.30718
5.55949
5.6961
5.34549
4.78945
4.64911
5.21976
5.31848
5.58339
5.40535
4.80101
5.00272
4.90513
5.04383
5.31431
5.34183
5.2671
5.09321
5.06569
5.08056
5.20224
5.04438
4.86218
4.86436
5.25962
5.42591
5.465
5.31422
4.79368
4.8049
4.7055
4.94553
5.14182
5.13629
5.18379
4.92131
4.97135
5.00726
4.99761
4.94988
5.06526
5.1189
5.12246
5.19512
4.9254
4.84212
4.93386
5.02657
4.90263
5.07912
4.9626
4.9687
5.20049
4.62199
4.69198
4.79281
4.71481
5.21327
5.30757
5.07987
5.03491
4.93275
4.61238
4.80702
4.84357
4.96373
5.11042
5.12539
5.08004
4.74498
4.58811
4.43047
4.69294
5.01909
5.28347
5.2901
4.87158
4.82435
4.51585
4.5671
4.94093
4.93651
4.78469
4.85706
4.72525
4.65781
5.11318
5.00175
4.84512
4.96958
5.02218
4.85862
4.98225
5.06933
4.54814
4.70063
4.65139
4.57086
5.00144
5.10073
4.97993
4.7777
4.6161
4.61636
4.91339
4.99629
5.08167
4.89538
4.60031
4.61311
4.51086
4.82042
4.96976
4.98549
4.8571
4.78689
4.65436
4.4904
4.81363
4.72144
4.62525
4.8278
4.82755
4.6867
4.75792
4.60704
4.10564
4.42318
4.65414
4.77412
5.05074
5.14767
4.67334
4.52658
4.66557
4.30628
4.70873
4.87654
4.61004
4.83259
4.86853
4.54771
4.27477
4.22403
4.23397
4.78574
5.01762
4.94684
4.71241
4.5007
4.49677
4.44996
4.68787
4.77169
4.83268
4.74495
4.63055
4.61026
4.39083
4.51257
4.47407
4.57848
4.79757
4.88919
4.76369
4.71979
4.58483
4.28374
4.33764
4.29908
4.56094
4.85364
4.8664
4.66125
4.41479
4.44329
4.38182
4.74259
4.89319
4.82413
4.67658
4.40961
4.27522
4.34483
4.56721
4.46115
4.49443
4.53752
4.48982
4.43858
4.51203
4.49849
4.3057
4.55462
4.50551
4.71237
4.99438
4.68858
4.3216
4.11755
4.1709
4.42051
4.84568
4.80592
4.6389
4.43571
4.20398
4.22731
4.27222
4.49476
4.52729
4.66376
4.7117
4.61965
4.37793
4.13162
4.24393
4.18998
4.45198
4.53123
4.46337
4.60084
4.57006
4.27357
4.20316
4.37898
4.25281
4.54488
4.70034
4.51075
4.48173
4.41966
4.14722
4.02856
4.38039
4.25034
4.46121
4.7651
4.54961
4.38308
4.22736
4.11567
4.19127
4.52844
4.51686
4.4002
4.38877
4.30398
4.1689
4.11829
4.34596
4.27001
4.43616
4.38403
4.13068
4.22291
4.28922
4.34736
4.27597
4.2804
4.1377
4.21286
4.4247
4.44899
4.34826
4.07784
4.04736
4.09645
4.44483
4.6391
4.48275
4.15691
4.11845
4.16758
4.08157
4.48894
4.39405
4.26528
4.45096
4.20945
4.05828
4.23438
4.31123
4.20635
4.40831
4.26126
4.13337
4.40092
4.44177
4.20339
4.12932
4.21869
4.09356
4.48065
4.55399
4.24782
4.22815
4.05572
3.99857
4.10567
4.3452
4.3331
4.36788
4.4053
4.22863
4.12403
3.99621
4.00075
4.10122
4.41498
4.42785
4.27996
4.04917
3.97084
4.16407
4.15725
4.40454
4.40743
4.27389
4.16236
3.90883
3.85821
4.01651
4.31693
4.25959
4.25553
4.17562
3.97704
4.07282
4.19973
4.01561
4.06401
4.33466
4.11605
4.43321
4.53741
3.99989
3.78616
3.69036
3.85131
4.30226
4.6612
4.44318
4.24981
4.11785
3.75929
3.81329
4.00201
4.12793
4.21409
4.23089
3.8831
3.81813
3.91029
3.95952
4.20757
4.21183
4.29908
4.19273
4.15282
4.1382
3.97383
3.89871
3.74352
3.88212
4.0962
4.28161
4.20183
3.943
3.72189
3.67345
3.84967
4.07192
4.29643
4.21126
4.22278
3.94172
3.68422
3.80517
3.9166
4.2138
4.1838
4.17209
4.07514
3.91514
3.94014
3.81369
3.74936
3.93055
4.02378
3.97127
4.12264
3.84256
3.68309
3.90462
3.88964
4.0678
4.27724
4.26543
3.9858
4.0442
3.92851
3.75125
3.92686
3.8123
4.05868
4.41797
4.43559
4.20371
3.97136
3.74488
3.65647
3.77317
3.94449
4.13748
4.10413
4.22205
3.96263
3.70632
3.91642
3.97387
4.14247
4.16356
4.17198
4.06042
3.98404
3.9259
3.67591
3.70172
3.77012
3.80019
4.00323
4.27878
4.09019
3.95057
3.81082
3.53735
3.75096
4.02046
4.20887
4.11549
4.07334
3.85449
3.53687
3.71797
3.87572
4.1203
4.2191
4.16422
3.92398
3.77834
3.83636
3.76467
3.76091
3.8618
3.90806
3.89703
4.13754
3.92603
3.71094
3.7618
3.63154
3.84869
3.91811
3.89929
3.81098
3.77813
3.91008
3.83482
3.84907
3.86605
3.87447
3.93639
4.04068
3.70182
3.57258
3.69234
3.68981
3.88878
4.00239
4.05511
3.96458
3.917
3.76646
3.64076
3.83482
3.86058
3.98523
3.84817
3.74642
3.66028
3.55156
3.73851
3.95818
4.02057
4.04093
3.88212
3.63783
3.84936
3.75925
3.53385
3.63133
3.49949
3.66316
3.78187
3.82057
3.72051
3.7947
3.80825
3.64966
3.8812
4.06334
4.05308
3.95296
3.61002
3.23926
3.49598
3.80958
3.98019
4.22794
3.9831
3.75576
3.63795
3.69853
3.85538
3.96277
3.89731
3.56851
3.57849
3.62057
3.74626
3.80574
3.75454
3.85395
3.92535
4.00448
3.93603
3.77121
3.65595
3.65774
3.4232
3.47398
3.66989
3.75435
4.06619
3.8484
3.59452
3.58637
3.60946
3.75033
3.80395
3.82772
3.70783
3.66033
3.60174
3.55288
3.52162
3.72629
3.89311
3.923
4.0437
3.90287
3.68254
3.4273
3.40729
3.47712
3.6137
3.8316
3.64531
3.60935
3.64453
3.65658
3.61068
3.63436
3.68705
3.685
3.89037
3.85
3.57969
3.44063
3.40613
3.24879
3.56117
3.89725
3.90574
4.10694
3.87929
3.45284
3.29971
3.45703
3.62284
3.68025
3.81912
3.65306
3.53394
3.53459
3.48662
3.48339
3.68561
3.80573
3.81438
3.88859
3.74719
3.66291
3.46001
3.37732
3.39561
3.51814
3.86079
3.92362
3.885
3.67644
3.37793
3.1281
3.30277
3.69398
3.84386
3.99377
3.81274
3.42588
3.28589
3.49718
3.58728
3.69559
3.73967
3.57466
3.64716
3.63468
3.57673
3.41855
3.42489
3.54974
3.60744
3.85763
3.81579
3.67825
3.53184
3.36451
3.32671
3.50681
3.65682
3.68921
3.67719
3.47235
3.52264
3.53643
3.58179
3.73651
3.7932
3.81728
3.70469
3.60439
3.31759
3.2575
3.32994
3.45112
3.69266
3.72267
3.68698
3.59679
3.56354
3.52044
3.62816
3.69456
3.63684
3.58547
3.41917
3.40824
3.40549
3.52802
3.59376
3.69019
3.7083
3.64258
3.675
3.49203
3.5373
3.53765
3.33143
3.30275
3.42313
3.58494
3.76389
3.79002
3.41637
3.24646
3.27114
3.47271
3.73709
3.82391
3.69528
3.33501
3.23032
3.21598
3.39075
3.63964
3.66701
3.51123
3.44966
3.60846
3.51369
3.51112
3.3988
3.24873
3.38627
3.53617
3.56818
3.57997
3.56941
3.38734
3.40476
3.475
3.58467
3.71581
3.69558
3.58617
3.22721
3.20973
3.24555
3.28386
3.49395
3.69314
3.76628
3.72288
3.63458
3.36342
3.26741
3.36346
3.48122
3.49536
3.45696
3.47644
3.32681
3.38107
3.40945
3.49301
3.63664
3.7276
3.64348
3.51662
3.51169
3.32031
3.30016
3.33449
3.3701
3.51998
3.54534
3.53573
3.43449
3.39882
3.28717
3.24638
3.32419
3.61206
3.78026
3.73372
3.50073
3.00121
2.92968
3.0901
3.40121
3.79573
3.87714
3.73971
3.41394
3.18111
3.0778
3.23505
3.38419
3.5295
3.59696
3.5693
3.55237
3.36221
3.25378
3.19225
3.28217
3.45097
3.59121
3.65372
3.62958
3.52256
3.13959
3.12259
3.28894
3.53803
3.82282
3.77909
3.57005
3.26003
3.07362
3.07649
3.27042
3.47555
3.63782
3.61195
3.45431
3.34934
3.21226
3.35276
3.32522
3.335
3.48479
3.53369
3.56678
3.45325
3.28569
3.10396
3.17202
3.34747
3.51636
3.651
3.56512
3.42089
3.26611
3.2618
3.24833
3.37374
3.42536
3.39289
3.4097
3.40478
3.31876
3.10687
3.21502
3.33181
3.47178
3.65416
3.50661
3.29519
3.09266
3.12806
3.24446
3.42679
3.549
3.50999
3.38425
3.31643
3.22263
3.17827
3.3647
3.28603
3.2797
3.43103
3.4544
3.54089
3.45535
3.35917
3.21537
3.2744
3.37176
3.42076
3.49149
3.45631
3.30028
3.12866
3.17256
3.31045
3.50916
3.60165
3.43975
3.24266
3.18048
3.23899
3.19878
3.45077
3.47445
3.3407
3.26423
3.07557
3.11787
3.25663
3.36044
3.32358
3.32096
3.46202
3.50601
3.44274
3.28272
3.05493
2.95802
3.21554
3.31189
3.42439
3.44543
3.28842
3.14182
3.00341
3.1545
3.26876
3.4903
3.67648
3.52434
3.3967
3.26739
3.1004
3.02003
3.20206
3.33123
3.48014
3.51582
3.35924
3.1378
3.08767
3.16902
3.2225
3.45544
3.49923
3.44942
3.39321
3.12631
3.11804
3.13231
3.26421
3.33787
3.3687
3.4697
3.50843
3.41772
3.30075
3.16713
3.15692
3.33488
3.42439
3.48386
3.39086
3.21951
3.13825
2.9389
3.11929
3.29719
3.52107
3.62905
3.42595
3.18872
3.0555
3.1475
3.35402
3.50019
3.48531
3.36033
3.26655
3.20596
3.12589
3.0917
3.16188
3.10388
3.26101
3.33211
3.43833
3.46552
3.15977
2.93236
2.86893
3.166
3.48574
3.58222
3.54164
3.30333
3.09969
2.96735
2.93342
3.13064
3.45398
3.56711
3.5887
3.38586
3.18702
3.14054
2.95868
2.99489
3.1351
3.44388
3.57707
3.39154
3.18507
2.86938
2.87881
3.06939
3.2145
3.45139
3.59049
3.4977
3.37911
3.15732
2.93409
2.96983
3.00612
3.21747
3.39988
3.54356
3.5086
3.15569
2.93746
2.84875
3.08819
3.32599
3.50869
3.58034
3.33998
3.13124
2.95788
2.84081
3.10807
3.41797
3.47226
3.46563
3.25349
3.09097
3.15982
3.11162
3.17615
3.1838
3.30802
3.3411
3.26174
3.26289
3.05088
3.01525
3.09142
3.13262
3.32852
3.45815
3.37176
3.14051
2.86073
2.86172
3.18106
3.42974
3.65849
3.56883
3.34096
3.10283
2.9185
3.06011
3.18255
3.37786
3.34684
3.16211
3.16486
3.06261
3.05944
3.09799
3.10875
3.22712
3.41823
3.46142
3.4107
3.18636
3.03479
2.96819
2.96896
3.16217
3.22249
3.39214
3.41481
3.19431
3.14514
2.96826
3.06664
3.25702
3.31664
3.29118
3.21722
3.15931
3.07235
2.90205
2.9465
3.14053
3.31827
3.42378
3.2802
3.19529
3.11036
2.99546
3.18038
3.12546
3.23968
3.30466
3.09849
3.02162
3.05627
3.07926
3.06516
3.05905
3.06623
3.15238
3.34251
3.29876
3.10062
3.09896
3.03988
2.95854
3.23591
3.28805
3.41201
3.36922
3.01478
2.83743
2.87349
3.18993
3.38991
3.36239
3.26814
3.07637
3.04711
3.04473
3.05898
3.143
3.19912
3.23423
3.25727
3.09016
3.17221
3.13187
2.94383
3.07408
3.07074
3.26109
3.46256
3.35121
3.20332
3.01755
2.94793
2.91876
3.06785
3.2728
3.36189
3.38085
3.19094
2.84434
2.90175
3.08881
3.19069
3.35968
3.31408
3.33368
3.28761
3.09115
3.00788
2.8829
3.10518
3.31313
3.39676
3.36083
3.15199
3.05625
2.9658
2.9184
3.13263
3.28966
3.38488
3.36078
3.04633
2.91721
2.89733
2.88616
3.16096
3.17347
3.28271
3.37622
3.25941
3.06719
2.86505
2.89621
3.00102
3.20401
3.41551
3.41796
3.3396
3.05573
2.69513
2.72462
3.00016
3.28055
3.45389
3.22372
3.13451
3.06176
2.94397
3.00478
3.01437
3.21737
3.38197
3.3925
3.30035
3.06781
3.04033
2.94017
2.84489
2.9549
3.1348
3.32386
3.42742
3.17852
2.96561
2.81166
2.82943
3.08243
3.22953
3.41442
3.34375
3.07149
2.91405
2.75608
3.00131
3.16504
3.1598
3.21364
3.27774
3.2996
3.19234
2.94538
2.90309
3.03102
3.20945
3.33917
3.21114
3.12981
3.05513
2.93282
2.92008
2.96257
3.26458
3.35179
3.31747
3.18491
2.97869
3.07318
3.07212
3.00252
3.13886
3.21207
3.26115
3.18573
2.90428
2.83281
2.88883
2.9994
3.25422
3.26224
3.34461
3.23554
2.9366
2.80532
2.87886
3.1503
3.28451
3.2626
3.18711
3.10687
3.11287
2.89472
2.79583
3.01036
3.21754
3.37561
3.42247
3.14896
3.09571
3.04446
2.91732
2.91245
2.99365
3.29503
3.41195
3.27476
3.03838
2.74248
2.80755
2.96817
3.24863
3.46252
3.43811
3.27066
3.04848
2.8317
2.95774
3.13154
3.2497
3.22439
3.05466
3.08934
3.03065
2.93262
2.98194
2.93369
3.16597
3.25313
3.25894
3.29178
3.17101
3.00028
2.9199
2.85395
3.0044
3.2549
3.29565
3.11379
2.92102
2.86092
2.93691
3.12954
3.22058
3.15752
3.29738
3.16098
2.98424
2.85799
2.70963
2.92533
3.09709
3.14124
3.19356
3.08794
3.05213
3.08863
2.99302
2.97286
3.13043
3.24688
3.30524
3.19534
3.0516
2.83155
2.81476
2.80622
2.83675
3.17191
3.22068
3.1947
3.22708
2.98747
2.88854
2.90243
2.86452
2.96449
3.22679
3.36725
3.27048
2.91585
2.7417
2.78694
2.98409
3.16016
3.18482
3.21679
3.09517
2.92155
2.80216
2.78688
3.08578
3.22674
3.25112
3.16365
3.08751
3.11699
3.04787
2.83339
2.75506
2.89857
3.16993
3.29439
3.28567
3.22624
2.93423
2.81641
2.90022
2.98829
3.39721
3.43507
3.18535
2.99456
2.7483
2.67602
2.83118
2.93858
3.08019
3.30623
3.37602
3.18393
2.97718
2.92926
2.94186
3.03719
3.13359
3.08122
3.19293
3.14799
2.97216
2.81012
2.83569
3.12367
3.36403
3.48593
3.36617
3.13041
3.05479
2.90488
2.79173
2.86427
3.08134
3.30648
3.34719
3.14492
3.01679
2.86673
2.91501
3.05541
3.15649
3.36142
3.35429
3.22732
3.02134
2.74981
2.84416
2.98253
3.11183
3.22315
3.25051
3.15287
2.90877
2.66966
2.85561
3.06284
3.17706
3.22041
3.07212
3.09528
3.20281
3.09257
2.96349
2.98291
3.11255
3.16653
3.27486
3.09477
2.90121
2.87406
2.71206
2.72361
3.07986
3.30134
3.36847
3.24573
2.97401
2.82349
2.83784
2.94306
2.98658
2.95597
3.12809
3.07491
3.04809
3.03963
2.94926
2.97998
3.05063
3.15239
3.23665
3.18257
3.07825
2.81874
2.60328
2.77611
3.01005
3.13984
3.24085
3.11928
3.10867
3.11274
3.03206
2.95013
3.03773
3.2168
3.23938
3.19161
2.98167
2.77209
2.9101
2.93443
2.88767
3.05324
3.24511
3.19582
3.11867
2.9044
2.70481
2.79874
3.06428
3.09552
3.16863
3.28713
3.07768
2.91267
2.85648
2.82592
3.12619
3.14041
3.01561
2.96642
2.9006
2.91589
2.98905
2.88726
3.01257
3.20392
3.25226
3.25716
3.12502
2.88735
2.71462
2.66087
2.78711
3.10493
3.44306
3.36063
3.16609
2.90381
2.78237
3.03011
3.23343
3.20992
3.1975
3.12685
2.96697
2.83244
2.73479
2.75555
2.97008
3.1971
3.35647
3.39989
3.38977
3.15321
2.96744
2.75016
2.73101
3.04314
3.17028
3.2295
3.22309
2.99589
2.90837
2.90486
2.98496
3.2425
3.36354
3.30277
3.21669
2.89927
2.79739
2.86561
2.8485
2.92733
3.11504
3.23633
3.22022
3.17255
2.95982
2.81182
2.96483
3.01328
3.04464