
-178.995
58.9835
-170.907
-164.326
679.102
-93.5286
106.794
-638.885
150.342
-104.922
560.085
-374.639
156.468
-372.725
876.682
-608.183
-348.267
65.6248
536.041
-163.343
154.065
-201.64
-103.533
-386.256
529.945
304.651
-342.085
92.1525
-140.616
-406.546
426.954
101.984
238.423
-69.2938
-751.023
363.081
208.18
-226.356
796.182
-1138.55
714.565
-311.258
-268.396
736.478
-254.901
-299.507
343.259
-299.466
115.889
-302.166
558.215
41.1452
-286.917
-64.3557
21.231
-356.148
540.564
126.956
-101.422
-28.9818
-512.627
272.407
167.282
-83.9035
259.477
-166.877
-136.786
-113.41
89.0708
230.634
-85.7014
6.49911
-27.2957
-88.7371
-100.617
318.372
-174.301
42.705
-2.99697
-76.782
107.149
-47.9787
-125.574
235.063
-89.2075
-26.4674
-27.4117
44.5066
-41.3604
99.4168
-3.58906
-65.5133
-98.3204
68.6554
84.7985
-1.36907
-8.17478
-6.22155
-121.983
56.7944
-2.82216
114.639
-13.6972
-51.2694
-30.6811
-32.8572
37.7969
85.0397
-85.3275
26.5463
2.9778
-50.0442
42.3795
46.4723
-114.501
65.7465
22.7813
-34.8567
26.4985
6.65256
-48.521
28.8092
-6.7683
-17.9542
20.0164
39.8103
-49.7903
22.2425
-6.44104
-59.9378
21.9637
60.9436
-9.39501
4.60655
-1.72662
-55.4168
-6.99954
38.2802
-5.42857
44.216
-8.97833
-50.9433
1.57419
10.2086
-11.7547
25.0105
16.3574
-7.51691
-31.7574
7.10785
13.4499
-5.13298
-0.00116822
25.8152
-29.1256
-24.3572
28.8144
25.3844
-18.9749
-17.9629
-13.3316
13.0508
20.0199
13.6949
-11.9985
-14.0325
-24.0042
12.7334
27.842
0.74976
-16.1817
11.1668
-2.43778
-20.1106
-16.5341
31.8989
11.0715
-17.8208
12.528
9.6285
-37.3401
2.18879
13.9016
8.03236
8.30721
4.24988
-20.8333
-9.42926
-9.39151
28.0085
23.3509
-20.7427
-42.0626
23.0147
26.9605
-12.8791
1.61784
7.77239
-42.5393
18.8855
34.8568
-12.3815
-11.5335
1.02754
-21.1485
23.8412
-0.510398
-9.89251
21.5746
-8.47268
-26.5991
30.2542
-5.87785
-18.7738
6.16442
23.1289
-1.05662
-5.66327
-13.3138
-5.60508
-5.8816
18.649
15.6367
2.44475
-31.2612
-7.66736
17.0692
9.10784
-8.52587
13.4442
-13.3524
-8.82232
12.8108
4.13259
-5.79209
2.8041
-16.3955
17.4089
7.26184
-18.9727
2.16943
10.4771
-15.5048
13.407
5.24134
-7.82269
-9.05509
8.69946
2.8151
4.10542
-8.21578
-3.75565
0.195924
10.865
-8.71555
9.34104
-2.39539
-17.3295
0.48043
22.8132
-9.07142
-1.38504
4.77676
-3.52457
-10.8499
10.238
-1.09426
3.26579
-2.1409
1.30575
-4.56276
1.88986
-6.41743
7.3456
-0.0746331
0.0879297
-5.19535
10.1934
-8.53685
-1.03406
2.4019
4.82272
-2.78221
2.06767
-9.82168
8.2897
-2.20143
-1.63378
1.60789
2.71654
-10.0589
8.88541
0.336129
-2.68123
-1.26313
5.15054
-6.42416
2.88004
-3.24762
6.62815
1.78474
-3.98343
-9.09532
6.41228
-0.981042
1.30541
2.00221
3.7902
-11.7174
5.79959
0.426108
-0.735228
-0.890764
3.48566
-2.58871
5.19944
-9.87597
4.17768
0.935383
-0.627329
-4.032
8.90783
-5.59457
-2.82526
-0.195215
6.78029
-6.16168
4.53977
-1.09061
1.81395
-6.08252
3.02261
-0.120103
3.44864
-7.28191
5.28716
-0.659914
-1.43959
-3.36849
8.00186
-7.48901
2.21378
-0.151852
3.37072
-2.67787
1.31627
-2.40164
4.5082
-5.63561
3.15578
-2.74831
3.8237
-4.25087
1.92118
0.61473
1.45863
-7.5844
8.17251
-3.71146
-0.182957
0.863133
4.42246
-5.38143
1.23429
-2.21879
3.9393
-3.1634
3.03855
-3.012
2.36527
-5.71171
3.36695
1.20513
2.30113
-5.16084
4.18723
-2.9885
0.473006
-0.00830702
4.60623
-6.30559
3.36527
-2.56333
4.15508
-3.45847
-0.792732
-0.863795
4.10079
-5.16361
5.82112
-3.75996
1.41
-2.54945
4.99804
-3.58387
1.99794
-3.6629
3.366
-1.93904
3.62599
-5.25558
3.88031
-4.66397
1.54846
1.36931
4.47486
-7.75384
3.38038
-2.25983
2.49471
-0.585949
5.17263
-6.45902
1.49202
-3.30324
4.12403
-1.0555
1.5421
-3.19407
3.18982
-5.27657
4.97957
-2.25499
2.0367
-2.57293
3.24746
-2.71053
2.50379
-3.86383
4.56314
-3.01176
2.89755
-3.6599
2.1276
-3.92273
3.45619
-0.529334
2.51957
-3.95013
2.77293
-3.92029
3.45467
-1.75978
4.39074
-3.4097
1.45325
-4.36426
3.25235
-1.0928
3.45108
-3.61425
2.45506
-5.77208
4.27021
-1.4909
3.46934
-2.99757
2.34893
-2.98356
3.11427
-4.21317
4.78329
-2.85808
1.60817
-2.62162
3.76587
-4.78436
3.82573
-2.76739
2.40724
-3.77249
4.56676
-3.56576
2.91293
-2.40988
3.37759
-3.41052
3.56745
-4.27997
2.78281
-1.99194
2.67417
-2.58436
2.98536
-5.39731
3.87423
-1.79085
2.75461
-1.63802
1.54722
-4.69488
4.54819
-2.90088
5.04821
-3.45098
1.56078
-3.53718
2.24234
-1.51815
3.03541
-3.55694
3.44721
-4.27637
4.20113
-2.656
2.56443
-2.97257
2.57715
-2.62333
4.01308
-3.71566
3.32927
-3.15398
2.17985
-2.00945
2.71618
-4.38344
3.569
-3.09441
4.04917
-2.54545
2.50843
-3.63309
2.49062
-1.98536
4.05179
-3.38855
3.01947
-4.2806
2.67373
-1.78683
3.14328
-3.34105
3.35649
-4.67602
3.7749
-2.58711
2.64992
-2.36786
3.04925
-2.94969
3.97444
-4.13416
3.36034
-4.18409
3.06056
-1.5746
2.405
-2.54038
2.67693
-4.31113
3.35619
-2.51454
2.91226
-1.88542
2.18969
-3.49048
4.42128
-3.84864
3.21042
-2.3514
1.74824
-2.72469
3.12537
-3.24088
2.99615
-3.63578
4.11146
-3.1792
2.66263
-2.55358
2.51553
-2.8799
3.40418
-3.14644
3.66525
-3.54601
2.97735
-2.48947
2.23149
-3.24109
3.41427
-4.07831
3.6457
-2.97696
3.36884
-2.34388
2.40441
-3.17703
3.05051
-3.34836
3.36807
-2.75512
3.8057
-3.69987
2.58196
-2.83288
2.37266
-3.29239
4.01235
-3.29611
2.54359
-2.4886
3.15286
-3.29866
3.59072
-3.547
3.84939
-3.40653
2.42251
-2.52022
2.56051
-3.21464
3.6777
-2.84865
2.50071
-3.42346
3.11904
-3.41598
3.55638
-2.60347
3.28419
-3.12921
2.94272
-3.01425
2.82201
-2.48073
1.7916
-2.93112
3.79427
-3.87956
4.12772
-3.29507
2.21302
-2.91507
2.88879
-2.56584
3.48051
-3.5317
3.65451
-3.10354
2.56228
-2.79411
3.29786
-3.92339
3.30953
-2.98317
2.83797
-3.51078
3.72179
-3.07222
2.9003
-2.4663
2.80272
-3.63581
3.57629
-3.78739
4.21341
-2.93164
2.62303
-2.93756
2.51113
-3.43861
3.42455
-2.98455
2.82982
-3.19659
3.10647
-2.34991
3.3001
-3.65236
3.52254
-3.64613
2.76469
-2.30293
2.92626
-2.81077
2.87581
-3.38737
3.42842
-4.12516
3.60408
-3.06576
2.88831
-2.57749
2.94991
-2.72945
2.93103
-3.18367
3.23523
-2.94334
2.73578
-3.04011
2.88714
-3.46923
3.67417
-3.19778
3.12707
-2.93126
2.10618
-2.63407
2.97298
-3.0051
3.68398
-3.12942
3.16744
-2.87935
2.42946
-2.91625
2.65343
-3.35107
3.67995
-3.22125
2.8916
-2.7154
2.59424
-2.98088
3.08287
-2.92984
3.11029
-3.37268
3.70195
-3.3606
3.16365
-2.49085
2.18029
-2.92658
2.6595
-3.40148
3.61212
-3.22248
3.12529
-2.98092
2.94055
-2.90958
3.09351
-2.83843
2.52942
-2.77449
2.72583
-2.63616
3.21419
-3.25793
3.11792
-3.69158
3.09363
-3.33226
2.98373
-2.45462
2.70182
-2.56854
2.98544
-3.23844
3.41096
-3.43402
3.19556
-3.3488
3.05439
-2.82877
3.07653
-3.09873
3.05881
-3.56332
3.07181
-2.9669
2.74526
-2.70231
3.35511
-3.10119
3.34524
-3.39662
3.39748
-3.60668
3.25417
-2.7474
2.30762
-2.89047
3.06699
-2.95649
3.18347
-3.00258
2.82003
-3.50338
3.29214
-3.08384
3.73311
-3.19978
3.27008
-3.25791
2.75693
-2.67239
2.58027
-3.00141
3.04836
-3.76354
3.96743
-3.24015
2.95789
-2.7099
2.43195
-2.68495
2.96207
-3.03391
3.3115
-3.28863
3.37108
-3.02778
3.02628
-3.32375
2.73826
-3.06533
2.98405
-3.09641
3.39668
-3.01741
2.82767
-2.67347
3.16862
-3.4156
3.07495
-3.05529
3.13458
-2.94746
3.16214
-3.01577
2.56208
-3.05322
3.19453
-3.20093
3.04606
-3.19778
3.07286
-3.02827
3.73051
-3.20644
3.28536
-3.29043
2.4909
-2.76375
3.05496
-2.80751
2.77563
-2.92531
3.01919
-3.37263
3.33728
-3.27834
2.97329
-3.11779
3.43672
-2.91041
2.89895
-2.58605
2.78763
-2.99306
2.90649
-3.40275
3.22039
-3.43655
3.65743
-3.22553
3.04633
-2.999
2.60825
-2.72672
3.05016
-3.12677
3.50597
-3.42133
3.19365
-2.66757
2.79744
-3.05543
3.01816
-3.41232
2.86866
-2.85748
3.01473
-2.96317
3.29989
-3.21433
3.08811
-3.02849
2.92199
-3.02132
3.26978
-3.11721
2.93465
-2.65544
2.8363
-3.04745
2.84205
-3.31659
3.07377
-3.24469
3.28021
-2.74058
3.02713
-3.22506
3.43652
-3.28777
2.82173
-2.79773
2.97066
-3.07392
3.19905
-3.14263
3.0476
-3.35969
3.2616
-3.25589
2.96865
-2.88188
2.67538
-2.56853
3.10292
-2.92085
3.16567
-3.14832
2.78615
-3.17286
3.35322
-3.37798
3.35153
-3.23082
2.86303
-2.77558
2.8369
-2.87013
2.79362
-3.21361
3.36672
-3.12819
3.52235
-3.07654
2.87559
-2.89223
2.58756
-2.92906
3.2158
-3.56317
3.36354
-3.16401
3.11086
-2.88582
2.87701
-3.02497
2.98791
-3.17514
3.5177
-3.25012
3.06343
-2.8278
2.87614
-2.82303
2.76754
-3.27119
3.05476
-3.33017
3.37062
-2.81147
2.67742
-2.71475
2.86781
-3.09618
3.57444
-3.47545
3.02332
-2.87391
2.77389
-2.67204
3.31835
-3.60613
3.12184
-3.31923
2.94637
-2.71709
2.75034
-2.60447
2.67989
-2.82751
3.42715
-3.48506
3.36701
-3.24366
2.8016
-2.64307
2.81737
-2.99918
3.12873
-3.30656
3.01907
-2.7952
2.69272
-3.05094
3.16149
-3.21217
3.45349
-2.92343
3.06286
-3.10278
2.65143
-2.68527
2.82804
-3.10044
3.29794
-3.51981
3.20493
-2.8102
2.87325
-3.01044
2.85581
-3.27032
3.60155
-3.3363
3.52426
-3.11557
2.70846
-2.67715
2.65873
-2.82314
2.99954
-3.422
3.29764
-3.21399
3.09569
-2.89631
2.88525
-2.83303
2.87914
-3.10253
3.51328
-3.59384
3.16187
-2.57914
2.75102
-3.00429
3.23292
-3.61287
3.02889
-2.95229
2.8976
-2.75789
3.00547
-3.17475
3.25464
-3.14794
3.06318
-3.0212
3.14445
-3.1721
2.9469
-2.72774
2.844
-3.20302
3.36016
-3.59533
3.16907
-2.98772
2.81226
-2.74413
3.00469
-3.04347
3.21509
-3.07656
2.95967
-3.03275
3.00994
-2.96981
2.95295
-3.10523
3.07629
-3.28986
3.16934
-2.98536
2.94447
-3.08821
2.98408
-3.06302
3.14049
-2.96032
3.37063
-3.08526
2.73844
-2.91817
2.61125
-2.87855
3.27323
-3.25884
3.19241
-3.27262
2.91082
-2.85273
2.91027
-2.90155
3.10662
-3.21517
3.37416
-3.19863
2.97402
-2.69082
2.54907
-2.80179
3.08222
-3.48724
3.26043
-3.19136
2.95951
-2.64484
2.89337
-3.09211
2.98067
-2.99356
2.99257
-2.67873
2.97352
-3.19701
2.99048
-3.04857
3.17972
-3.12591
3.0719
-3.43982
3.06025
-2.91519
2.99857
-2.67843
2.89988
-3.21692
3.28293
-3.1887
2.99486
-2.80059
2.93168
-3.12933
3.28306
-3.39253
3.0666
-3.01775
2.78837
-2.86271
3.10665
-3.24295
3.25645
-3.19677
3.17002
-2.86203
3.01057
-3.1435
2.928
-3.07153
3.20093
-3.13666
3.15231
-3.28079
2.70655
-2.56096
2.76844
-2.81984
3.06914
-3.47936
3.33203
-2.96509
3.15364
-2.80484
2.77524
-3.22206
3.00485
-3.1017
3.35486
-3.26064
2.91626
-2.74782
2.45136
-2.66757
3.1315
-3.29916
3.27265
-3.0289
2.96272
-2.81117
2.88692
-3.0553
3.15453
-3.24315
3.1154
-3.17591
2.93826
-2.9171
2.8919
-2.83018
3.01421
-3.23625
3.27347
-3.25589
3.28922
-2.97011
2.86084
-2.74087
2.72206
-3.07164
3.28006
-3.30152
3.02282
-2.97289
2.79111
-2.92456
3.26635
-3.35241
3.38267
-3.17388
2.9596
-2.82906
3.0245
-3.0277
2.97387
-3.0646
3.04243
-2.99364
2.98746
-3.10141
2.84022
-2.9294
2.96693
-2.96441
3.45111
-3.49226
3.20134
-2.87637
2.70641
-2.6954
3.09798
-3.37805
3.33531
-3.26882
2.97697
-2.87971
2.78462
-2.9181
2.99963
-3.10351
3.30072
-3.34599
3.26537
-2.92242
2.90534
-2.79128
2.86141
-3.08683
3.0153
-3.14916
3.28799
-3.11791
2.85241
-2.99055
2.85521
-2.92477
3.27991
-3.2309
3.2112
-3.24231
3.0671
-2.70702
2.91076
-2.90076
2.83421
-3.29918
3.33184
-3.22443
3.08308
-2.90675
2.76798
-3.02355
3.21917
-3.14411
3.16655
-3.13046
3.02681
-2.82658
2.98208
-2.9767
3.05001
-3.22143
2.94883
-2.92428
2.96212
-3.06092
3.03069
-3.04696
2.93325
-2.8278
3.03062
-3.16227
3.2151
-2.98279
2.81634
-2.71022
2.87123
-3.25585
3.33902
-3.11326
2.90297
-2.97397
2.74354
-3.01529
3.20145
-2.99203
3.20816
-3.14831
2.8797
-2.90972
3.06412
-2.9503
3.09183
-3.14716
2.87842
-3.04961
3.24967
-3.14504
2.9421
-3.03571
2.83961
-3.02563
3.39729
-3.20129
3.16241
-3.03746
2.85863
-2.82178
3.00674
-3.12142
3.12656
-3.29372
3.20186
-3.12001
2.95218
-2.86026
2.80227
-3.06476
3.28153
-3.25366
3.08924
-2.84608
2.95692
-2.93668
3.10811
-3.31876
3.2509
-3.24255
2.98865
-2.80267
2.74979
-3.04237
3.13699
-3.14599
3.18284
-2.96813
2.91872
-3.08681
2.99228
-2.83174
3.14348
-3.02002
3.13342
-3.5938
3.25073
-2.93491
2.69548
-2.57341
2.80681
-3.36081
3.47729
-3.32954
3.31526
-2.95212
2.77377
-2.87012
2.98984
-3.11309
3.27705
-3.06272
2.8082
-2.85745
2.77596
-2.99691
3.07738
-3.20544
3.22639
-3.16916
3.23793
-3.11163
3.03547
-2.82562
2.76709
-2.9284
3.17411
-3.31146
3.14237
-2.90928
2.68105
-2.70626
2.81812
-3.13358
3.1948
-3.2839
3.18686
-2.8077
2.77607
-2.76148
3.02751
-3.1654
3.18304
-3.21567
3.03689
-3.05108
2.95538
-2.79174
2.83942
-3.00942
2.94948
-3.14014
3.04927
-2.7087
2.824
-2.80506
2.85939
-3.11883
3.30576
-3.119
3.08803
-3.11381
2.81385
-2.91927
2.7923
-2.79629
3.20163
-3.47207
3.42218
-3.25102
3.022
-2.79724
2.77348
-2.84078
3.06772
-3.1112
3.27326
-3.23738
2.83906
-2.91683
2.94951
-3.10084
3.21043
-3.28138
3.26854
-3.18884
3.20332
-2.95715
2.83766
-2.86335
2.82097
-2.89948
3.26598
-3.31283
3.16997
-3.12583
2.74913
-2.72105
2.92037
-3.20883
3.26693
-3.28126
3.20923
-2.79836
2.75848
-2.8491
3.04802
-3.2873
3.36785
-3.2518
3.02696
-3.06084
2.98804
-2.92793
2.96151
-3.05639
2.99074
-3.26017
3.26657
-2.98629
3.01245
-2.83765
2.91148
-3.0707
3.07483
-3.05054
2.92634
-3.06657
3.03076
-3.02217
3.03505
-3.05274
3.07832
-3.29702
3.10234
-2.82213
2.87498
-2.81268
2.92011
-3.08638
3.20767
-3.21877
3.1856
-3.11944
2.87373
-2.99871
3.03394
-3.19266
3.17674
-3.05994
2.99143
-2.79326
2.81639
-3.03967
3.18157
-3.29231
3.26985
-2.98385
3.08936
-3.17161
2.87787
-2.93563
2.7765
-2.80023
2.93662
-3.02279
2.95954
-2.96076
3.0612
-2.86074
2.9425
-3.21037
3.32097
-3.35929
3.13358
-2.64495
2.56219
-2.84411
2.98582
-3.3755
3.36389
-3.14321
2.98656
-2.92625
3.06062
-3.21054
3.30467
-3.00789
2.88758
-2.88724
2.93885
-3.0589
2.99324
-3.06254
3.14728
-3.28719
3.32642
-3.22385
3.082
-3.09485
2.87684
-2.72881
2.89255
-2.91047
3.27679
-3.30343
3.01361
-2.9548
2.89588
-3.01029
3.08813
-3.1777
3.10872
-3.05209
2.99438
-2.92088
2.81197
-2.89042
3.11106
-3.17578
3.3756
-3.39001
3.22918
-2.96801
2.81212
-2.82765
2.84906
-3.13954
3.06512
-2.97057
3.00088
-3.0171
2.98504
-2.95813
3.02489
-2.98936
3.19047
-3.31864
3.11753
-2.92817
2.86522
-2.62224
2.6507
-3.06288
3.13992
-3.4354
3.45176
-3.05599
2.77726
-2.77351
2.93315
-2.98113
3.17571
-3.1317
2.97369
-2.95796
2.88887
-2.81016
2.91454
-3.1071
3.13788
-3.2898
3.23618
-3.18287
3.01182
-2.8391
2.7899
-2.76184
3.07895
-3.28908
3.36185
-3.27679
2.99948
-2.65923
2.55002
-2.88113
3.0905
-3.36008
3.37938
-3.03988
2.75605
-2.84191
2.94403
-3.03218
3.17465
-3.03746
3.0656
-3.10795
3.0745
-2.9345
2.81825
-2.92179
2.91967
-3.18467
3.29239
-3.21447
3.10549
-2.91658
2.77463
-2.84547
3.02056
-3.09367
3.16164
-2.98121
2.94167
-2.97085
2.94223
-3.10367
3.19957
-3.30936
3.26204
-3.22238
2.95645
-2.77362
2.77238
-2.78835
3.02164
-3.14338
3.16105
-3.10392
3.05877
-3.00118
3.05032
-3.18239
3.15727
-3.15787
2.99063
-2.92841
2.87552
-2.94233
3.0174
-3.11146
3.20575
-3.15513
3.22888
-3.0863
3.06416
-3.13913
2.93526
-2.82046
2.84887
-2.9871
3.18635
-3.38095
3.10027
-2.84189
2.76219
-2.84037
3.12193
-3.32841
3.34845
-3.03078
2.8335
-2.74499
2.77856
-3.04769
3.17441
-3.09388
2.95843
-3.12466
3.08938
-3.08256
3.02417
-2.81155
2.83978
-2.99153
3.06295
-3.09569
3.14168
-2.98324
2.91364
-2.96867
3.03376
-3.22604
3.27899
-3.27741
2.93349
-2.79675
2.79554
-2.74258
2.87365
-3.09545
3.26177
-3.29935
3.29139
-3.06127
2.87222
-2.90536
3.0017
-3.06924
3.02174
-3.07654
2.92649
-2.91453
2.93085
-2.9652
3.11037
-3.26541
3.27592
-3.15733
3.1733
-3.00774
2.90776
-2.93016
2.90434
-3.05322
3.11702
-3.1571
3.07863
-3.04752
2.93716
-2.83713
2.81894
-3.04759
3.32969
-3.40738
3.29772
-2.80334
2.54927
-2.57297
2.72147
-3.16668
3.42427
-3.44151
3.18032
-2.92015
2.72182
-2.76208
2.88592
-3.02653
3.16114
-3.17499
3.21652
-3.07084
2.92807
-2.82061
2.81034
-2.95141
3.10184
-3.24068
3.27358
-3.26575
2.89361
-2.72465
2.80205
-2.97236
3.34009
-3.45715
3.34073
-3.05868
2.80573
-2.70243
2.78637
-2.98145
3.18766
-3.27906
3.15652
-3.0725
2.88619
-2.96989
2.9755
-2.92545
3.0666
-3.15056
3.2349
-3.18748
3.03845
-2.82051
2.76528
-2.89906
3.04907
-3.26531
3.26507
-3.16619
2.99442
-2.95451
2.90551
-2.99042
3.08133
-3.06156
3.08551
-3.10442
3.06321
-2.82632
2.81947
-2.93186
3.02867
-3.29867
3.25777
-3.08052
2.83921
-2.78201
2.83765
-2.99283
3.17124
-3.20936
3.11563
-3.04613
2.95537
-2.84259
2.99907
-2.97975
2.89687
-3.05152
3.08538
-3.2108
3.18182
-3.1078
2.947
-2.93532
3.0294
-3.0809
3.17863
-3.20233
3.08312
-2.8813
2.83742
-2.92967
3.11681
-3.30885
3.22277
-3.03577
2.91471
-2.96085
2.87591
-3.08554
3.21453
-3.1067
3.05371
-2.84797
2.80062
-2.90733
3.02513
-3.02734
2.9879
-3.13022
3.22856
-3.22808
3.10431
-2.8797
2.67263
-2.84662
2.96772
-3.08673
3.18822
-3.07406
2.93248
-2.73343
2.78378
-2.8794
3.05268
-3.35179
3.29665
-3.19554
3.08233
-2.91131
2.74764
-2.85341
2.9766
-3.14267
3.26123
-3.17058
2.94807
-2.82944
2.86941
-2.8785
3.0865
-3.22294
3.19887
-3.20817
2.94267
-2.87262
2.84673
-2.93278
3.02598
-3.05283
3.16136
-3.25501
3.21165
-3.11189
2.96674
-2.88841
3.02681
-3.14785
3.24309
-3.22122
3.0487
-2.97526
2.72328
-2.78492
2.94408
-3.16588
3.38821
-3.27012
3.03905
-2.85451
2.85908
-3.03722
3.22528
-3.28349
3.19135
-3.10354
3.03839
-2.95776
2.87992
-2.9424
2.86214
-2.97152
3.07118
-3.18305
3.30422
-3.04806
2.78438
-2.61883
2.77554
-3.13018
3.31605
-3.3702
3.18297
-2.97203
2.80529
-2.69424
2.77597
-3.09757
3.29411
-3.39656
3.26669
-3.05427
3.00751
-2.80542
2.75836
-2.8347
3.11551
-3.37356
3.26285
-3.08932
2.75301
-2.64711
2.77724
-2.88833
3.1193
-3.34933
3.33606
-3.25622
3.06459
-2.80249
2.77501
-2.75939
2.90485
-3.11559
3.30608
-3.38427
3.0701
-2.82124
2.64776
-2.77564
3.01474
-3.23189
3.40779
-3.23807
3.02706
-2.84327
2.64086
-2.78173
3.11757
-3.25069
3.30328
-3.14524
2.94137
-2.99299
2.93477
-2.97816
2.98049
-3.08842
3.17409
-3.10627
3.13151
-2.93589
2.83752
-2.89517
2.89906
-3.07659
3.26607
-3.25373
3.05247
-2.75122
2.62112
-2.86043
3.11335
-3.42437
3.4478
-3.25697
3.02852
-2.79138
2.86175
-2.96791
3.17065
-3.22344
3.039
-3.03721
2.93361
-2.89787
2.92092
-2.91342
2.98869
-3.20198
3.3012
-3.30643
3.11057
-2.93862
2.84805
-2.78958
2.94801
-3.02161
3.18623
-3.29747
3.09357
-3.04465
2.85152
-2.87377
3.06507
-3.1604
3.16644
-3.11036
3.05632
-2.98257
2.79089
-2.76089
2.91568
-3.10328
3.26905
-3.17885
3.08615
-3.02012
2.85876
-3.02467
2.9885
-3.07395
3.19704
-3.01493
2.90898
-2.92641
2.946
-2.93273
2.91381
-2.90819
2.95838
-3.17033
3.19344
-3.00495
2.97626
-2.93416
2.78823
-3.03025
3.12291
-3.26267
3.30143
-2.9654
2.74397
-2.69535
2.947
-3.21352
3.24009
-3.18511
2.995
-2.93959
2.92579
-2.91924
2.98804
-3.05642
3.09572
-3.15361
2.99297
-3.04709
3.05001
-2.83273
2.92289
-2.91548
3.0542
-3.32289
3.26941
-3.14313
2.95331
-2.85849
2.79081
-2.88292
3.09399
-3.22365
3.29001
-3.1478
2.78391
-2.75379
2.92097
-3.01156
3.20474
-3.20383
3.22756
-3.22493
3.03038
-2.94005
2.77253
-2.92236
3.15443
-3.27811
3.29338
-3.10238
2.99324
-2.89764
2.79977
-2.97099
3.14929
-3.27824
3.31031
-3.01685
2.85325
-2.82205
2.74793
-3.0029
3.04673
-3.14508
3.28755
-3.20845
3.02938
-2.80674
2.78539
-2.85706
3.02719
-3.28345
3.34095
-3.30276
3.04136
-2.66118
2.59635
-2.81491
3.08982
-3.35027
3.17028
-3.06939
3.00785
-2.86717
2.90319
-2.89051
3.05706
-3.26614
3.31577
-3.26296
3.03217
-2.99233
2.89454
-2.76791
2.82722
-2.99256
3.19265
-3.36334
3.15313
-2.93369
2.76156
-2.71198
2.9307
-3.09066
3.30889
-3.30645
3.04344
-2.88088
2.67883
-2.85553
3.04859
-3.0563
3.11019
-3.1895
3.23709
-3.15904
2.90975
-2.82465
2.91923
-3.08915
3.26079
-3.16693
3.0825
-3.01738
2.88043
-2.84776
2.8396
-3.12578
3.2695
-3.26385
3.15625
-2.93699
3.00486
-3.02112
2.93104
-3.05231
3.14006
-3.20853
3.16264
-2.8846
2.7758
-2.80996
2.87321
-3.1423
3.18373
-3.28583
3.21649
-2.91915
2.75857
-2.77766
3.02352
-3.2011
3.20592
-3.14905
3.06508
-3.08152
2.86914
-2.72384
2.88406
-3.09925
3.27953
-3.38434
3.12885
-3.06182
3.01868
-2.88018
2.85148
-2.89274
3.18297
-3.36348
3.25642
-3.0317
2.71844
-2.72969
2.84935
-3.11159
3.37707
-3.40505
3.25722
-3.0405
2.80461
-2.88665
3.05814
-3.19304
3.19767
-3.02973
3.05423
-3.00866
2.89412
-2.93805
2.8672
-3.07579
3.1963
-3.21234
3.2641
-3.15946
2.98737
-2.89909
2.81287
-2.9239
3.1861
-3.26905
3.10359
-2.90665
2.82552
-2.87458
3.05423
-3.17707
3.11648
-3.26746
3.15467
-2.97579
2.84899
-2.67423
2.84358
-3.03179
3.08575
-3.1567
3.06311
-3.01871
3.05892
-2.96772
2.92404
-3.07134
3.19974
-3.28289
3.18781
-3.04855
2.82567
-2.79057
2.77551
-2.76169
3.08611
-3.1817
3.16036
-3.21375
2.98169
-2.86978
2.87602
-2.82639
2.89165
-3.154
3.33436
-3.26716
2.91522
-2.72673
2.74111
-2.911
3.10461
-3.14783
3.19493
-3.08823
2.91248
-2.78551
2.72831
-3.00183
3.17372
-3.22103
3.14796
-3.0698
3.10096
-3.04188
2.8259
-2.72292
2.82534
-3.09157
3.25161
-3.26415
3.22101
-2.93256
2.79432
-2.86337
2.91372
-3.32937
3.42652
-3.18482
2.9945
-2.74684
2.65129
-2.77972
2.87793
-3.00542
3.24482
-3.35681
3.18042
-2.9716
2.91292
-2.91592
2.99742
-3.10673
3.05555
-3.16885
3.141
-2.96725
2.79642
-2.78113
3.03958
-3.30359
3.46272
-3.36474
3.12978
-3.05362
2.90346
-2.78017
2.82495
-3.02496
3.26593
-3.3389
3.14349
-3.01477
2.86013
-2.88614
3.02152
-3.11732
3.33537
-3.35083
3.22727
-3.01981
2.74831
-2.82269
2.95398
-3.08284
3.20484
-3.24555
3.15284
-2.90808
2.66341
-2.81522
3.02507
-3.14884
3.20983
-3.06632
3.07951
-3.19582
3.0911
-2.96005
2.96828
-3.09805
3.15469
-3.27243
3.09356
-2.9012
2.87352
-2.70954
2.6866
-3.01999
3.2706
-3.36197
3.24537
-2.97241
2.82274
-2.82999
2.92787
-2.97743
2.9391
-3.11275
3.07023
-3.04125
3.03618
-2.94386
2.96752
-3.03572
3.13783
-3.23211
3.18248
-3.0767
2.81555
-2.59999
2.74072
-2.97422
3.11037
-3.23001
3.11574
-3.10291
3.11029
-3.03067
2.94537
-3.02191
3.20624
-3.23799
3.1913
-2.97726
2.77168
-2.90299
2.93048
-2.8776
3.0299
-3.23668
3.19544
-3.11798
2.90157
-2.70414
2.77736
-3.04173
3.08527
-3.15676
3.28627
-3.07519
2.91265
-2.85624
2.81382
-3.1105
3.13963
-3.0154
2.96601
-2.8994
2.90958
-2.98479
2.88109
-2.99032
3.19039
-3.24856
3.25716
-3.12001
2.8819
-2.71434
2.65385
-2.75443
3.04764
-3.42347
3.36063
-3.16324
2.90093
-2.77782
3.00913
-3.22568
3.2091
-3.1975
3.12447
-2.96327
2.83146
-2.73421
2.74065
-2.93731
3.16719
-3.34426
3.39811
-3.38729
3.14077
-2.95832
2.74687
-2.72256
3.02501
-3.16399
3.22753
-3.22187
2.99252
-2.90836
2.90313
-2.97374
3.23035
-3.36323
3.30045
-3.20235
2.88164
-2.79672
2.8656
-2.84734
2.9199
-3.10585
3.23491
-3.21992
3.16783
-2.94982
2.81174
-2.96326
3.0129
-3.04409