
894.889
699.666
999.165
1371.55
990.377
510.777
961.062
888.282
464.172
752.134
816.518
409.841
203.533
777.742
1419.96
1774.81
1557.26
1018.23
742.786
535.97
56.6041
426.072
563.137
772.865
1302.72
1483.12
1037.55
522.709
897.306
1073.37
880.199
528.757
322.117
1140.33
1853.29
1870.75
1243.47
1266.09
1992.74
2183.35
1856.11
1712.83
1927.26
1907.02
1465.43
855.257
457.933
318.688
98.6756
522.341
1010.61
1181.55
917.7
400.092
399.638
855.892
1136.92
1013.19
377.588
529.846
1203.6
1254.11
745.149
430.971
681.516
566.159
216.262
426.635
551.881
415.977
250.912
137.273
115.927
377.536
546.97
542.283
403.173
246.807
232.569
301.982
350.842
416.286
473.173
434.351
290.493
127.263
74.6064
53.7003
70.2126
184.773
227.338
187.616
210.371
277.324
246.844
116.023
41.6842
162.254
215.226
176.468
76.587
172.511
254.107
188.126
14.7519
159.679
233.499
202.4
129.205
79.9382
89.4923
150.965
207.823
235.194
230.742
189.976
126.91
78.8973
79.2728
109.88
114.973
82.6989
55.9878
52.459
68.071
109.181
117.234
92.8716
126.148
160.803
137.768
109.098
89.8082
24.7851
92.2138
150.903
126.466
49.7021
26.4886
66.99
111.252
132.431
94.8211
34.4782
54.2258
47.6444
41.1517
77.5342
79.2931
44.9814
17.7626
23.3918
38.244
76.6534
98.8836
87.0463
65.8995
74.2056
77.835
45.3548
30.5956
65.9348
57.306
27.3878
52.1701
51.0232
33.9113
71.9645
87.1937
57.1119
13.4612
0.881205
29.2587
68.1948
77.4139
58.0561
51.3123
50.292
56.7742
82.6169
83.6317
50.1844
28.1562
29.029
7.94909
46.1654
57.391
24.6594
42.8278
82.3573
84.2951
72.1416
91.3927
108.089
88.2078
44.152
22.945
40.6584
69.6952
102.498
108.717
73.8509
19.2081
31.8898
42.7312
37.399
35.7694
39.3095
61.9949
83.1312
81.3833
61.4196
41.793
39.3817
55.3769
57.8579
30.986
20.6113
35.8911
16.5905
31.3506
55.1283
44.5347
41.3453
70.3242
73.712
45.5433
16.1043
9.41264
14.1462
40.8792
55.6042
48.8463
25.3031
9.68536
23.1807
24.9214
29.6325
46.5763
57.7631
52.4944
39.1166
33.8043
26.6443
18.715
29.9787
35.3326
23.5701
0.531337
21.2988
25.4548
10.8445
14.3986
27.231
25.1729
28.1924
43.5823
45.2262
35.8598
39.2122
40.2569
31.1611
30.4433
27.7624
13.0986
13.7889
19.8723
13.356
15.1172
18.95
12.4279
16.5552
18.6516
6.57244
10.1059
19.7543
23.5258
24.3318
18.7728
7.00129
11.1448
17.2943
9.9034
11.9841
24.5478
26.0287
20.811
14.7164
7.32871
3.27471
15.6634
26.1101
27.0633
19.7985
11.4675
4.26252
6.96955
13.2132
10.9282
5.51601
23.1626
30.5671
19.6261
1.59592
11.0766
9.99344
18.6719
27.7339
24.6666
12.1632
1.06044
6.80461
11.2529
13.3228
9.99122
17.0612
24.5785
21.4138
12.2839
3.50782
6.50466
17.2799
24.2036
21.8802
9.84946
3.91306
10.2346
13.1552
16.9604
13.1332
4.58669
12.3221
17.4213
15.2455
7.54689
2.67746
11.2951
18.8531
21.3689
17.9911
11.4503
1.87297
8.08337
11.4397
7.4518
6.84078
9.69475
13.3133
14.8005
11.1999
8.52571
10.2317
12.8775
13.8789
10.7792
3.58547
7.68486
15.689
18.4109
18.8928
16.3309
6.70305
6.84324
13.4253
11.9899
7.94586
8.58213
9.40044
8.46478
11.7963
10.7078
0.871315
10.9499
15.8267
13.3948
9.82312
7.38553
2.9713
7.75275
15.1252
16.0173
11.564
8.21788
10.8755
14.5589
11.6564
3.16773
4.19015
6.46231
10.157
13.3461
12.885
8.7411
5.03592
10.0026
11.4455
8.3003
8.18701
11.6594
11.3789
6.66352
6.64018
5.36606
4.91447
15.3898
19.5791
14.7573
5.37278
6.11287
5.95036
5.90161
15.1072
15.9319
7.35193
7.65235
11.9986
8.92031
3.93032
5.76963
5.15995
6.87643
11.9519
12.1185
9.73005
8.33231
7.43697
8.91091
9.11103
6.89364
4.72055
7.43982
8.54526
6.01087
8.667
8.72847
3.5394
8.52877
11.5985
9.05768
7.72933
9.7588
7.45475
5.97067
10.4742
8.81995
4.7737
9.25761
9.70341
5.40606
6.09587
8.35205
5.6885
7.07483
10.7689
8.99055
6.91481
8.28539
8.05439
7.52431
7.42695
6.78431
6.41216
7.34678
8.01161
7.82583
7.55205
7.19917
7.12388
7.21774
7.23962
7.11149
7.14682
7.30861
7.39288
7.42818
7.03667
7.072
6.98068
6.4403
6.9529
7.64807
7.54155
7.46987
8.26582
7.55374
5.34289
6.15303
6.75585
5.85789
7.39478
9.22144
8.10469
6.76922
8.76086
8.1965
5.70808
7.17975
7.34818
5.57727
5.5801
6.30753
6.22638
6.12391
7.37289
7.90969
7.23206
6.90915
7.30462
7.16334
5.91657
5.99756
6.35491
6.15894
6.95479
7.56581
8.09937
7.33076
5.93437
6.88781
6.63057
5.41048
6.45644
6.97965
5.66042
5.67366
7.44863
6.91409
6.15072
7.59412
7.26188
5.52234
5.5242
6.18021
5.59035
6.03215
7.52996
7.27505
7.01002
6.92333
6.3023
6.47638
5.61451
5.28233
6.05973
5.16552
5.24517
6.85787
7.02903
6.57309
7.39613
7.08498
5.40243
5.82942
5.88202
5.2201
6.09997
7.10913
7.63498
7.19196
6.74212
6.28553
5.15922
5.33515
5.76178
5.95018
5.82608
5.39046
6.23089
6.85044
6.74419
6.5913
6.50463
6.11807
5.70712
5.99669
5.56614
5.34348
5.74819
6.03234
6.86355
6.69862
6.43928
6.38386
5.35354
5.59417
5.66129
4.86199
5.53035
6.0447
5.81008
6.05263
6.14571
5.41553
6.07565
6.84439
5.98289
5.8389
5.54648
4.77091
5.6545
6.3221
6.47163
6.0042
5.45472
5.44642
5.21765
5.28971
4.94276
5.04105
5.92813
6.06977
6.23769
6.25246
5.50504
5.06924
5.90907
6.16363
5.61017
6.11326
5.77875
5.091
5.84789
5.67839
5.48958
5.65244
5.53514
5.53438
4.54842
4.17553
5.01395
5.24715
5.73574
6.55199
6.34023
5.39692
5.77783
5.82271
5.00094
5.04798
4.88232
5.25098
5.86081
5.91635
5.89049
5.15157
4.8534
5.13587
5.45782
5.88655
5.33539
4.88466
4.8766
4.6285
5.16558
5.76782
5.63113
5.732
6.44199
5.926
5.0103
5.37145
4.85293
4.71139
5.45354
5.46904
5.34573
4.96497
5.43977
5.78919
4.82868
4.61374
4.73939
4.4808
5.08757
5.77524
5.50101
5.33013
5.76497
5.5438
5.62797
5.58816
4.69779
4.66255
4.56192
4.55677
4.92621
4.68414
4.86806
5.08459
5.18146
5.08399
4.67254
4.82559
4.64192
4.54415
5.15723
5.33267
5.18035
5.55076
5.79283
5.02765
4.87655
4.89483
4.23056
4.71202
4.68978
4.68386
5.33423
5.0742
5.28
5.49298
4.83688
4.46971
4.46567
4.47432
4.61784
4.97221
4.90175
4.73469
4.89173
5.05646
5.4438
5.34389
5.30672
5.19883
4.27624
4.41782
4.40233
3.96801
4.62727
4.8033
4.81478
4.86383
4.81831
4.82331
4.58702
4.80749
5.08668
4.96896
4.89778
5.22283
5.13195
4.65079
5.02821
4.78439
4.36206
4.70021
4.12981
4.04365
4.34404
4.2034
4.60497
4.72671
4.85685
4.95803
4.73886
4.86716
4.91089
4.58936
4.43666
4.63583
4.36365
4.38427
4.91384
4.76447
4.97632
4.88525
4.29432
4.5784
4.42634
4.28079
4.36383
3.99565
3.88987
3.98222
4.58769
4.89575
4.55598
4.57623
4.65473
4.3466
4.41266
4.96806
4.63791
4.40097
5.0465
4.7206
4.59649
4.93146
4.61457
4.47053
4.12816
3.99362
3.93703
3.57272
4.24509
4.76149
4.74929
4.89085
5.0218
4.81409
4.5599
4.58096
4.34643
4.27868
4.15336
4.09426
4.51745
4.13054
4.09752
4.4869
4.23412
4.52525
4.55547
4.17486
4.05353
3.9026
4.31236
4.62381
4.40195
4.2685
4.39615
4.29531
4.23457
4.61972
4.331
3.9042
4.06787
4.12262
4.25855
4.07406
4.2523
4.30752
3.60497
3.95281
4.01768
3.60454
4.23681
4.5093
4.17876
4.09509
4.3145
4.35148
4.47239
4.58739
4.39058
4.31656
4.03921
4.2192
4.56875
4.16912
4.12173
3.91261
3.67406
3.97095
3.67893
3.81131
4.01362
3.72789
4.0313
4.36702
4.31135
4.34001
4.61801
4.45615
4.17414
4.1793
3.82783
3.67858
3.66066
3.98043
4.37234
4.1268
4.2929
4.13913
3.67978
4.0491
4.04359
4.07307
4.32623
4.19463
4.0895
4.04822
3.93908
3.90432
4.16428
4.26387
4.22931
4.10576
3.73571
3.95491
3.87189
3.63142
3.99344
3.71692
3.86187
4.30204
4.02586
3.86971
3.64033
3.53925
3.88828
4.11803
4.11867
4.07757
4.05672
3.87337
4.03658
4.14349
3.96548
3.95065
3.70593
3.6918
3.54035
3.34521
3.82199
3.71271
3.746
4.03991
3.63904
3.51124
3.70608
3.80376
3.89451
4.07652
4.24425
4.13666
4.03688
4.0182
4.10762
3.81272
3.53539
3.83103
3.46168
3.40414
3.77894
3.61896
3.92897
4.19103
4.2364
4.20032
3.82671
3.74709
3.71316
3.53835
3.56235
3.68349
3.63303
3.67057
4.07503
4.10783
4.01399
3.92781
3.72545
3.86174
3.54244
3.41012
3.69063
3.3678
3.60038
4.0379
4.07155
4.0574
3.9794
3.92686
3.52863
3.18266
3.36251
3.55118
3.61427
3.93909
4.32174
3.87665
3.57142
3.77541
3.37821
3.30614
3.3671
3.22126
3.2414
3.21526
3.6681
3.93612
3.9141
4.08779
4.01903
3.73242
3.49415
3.46094
3.3839
3.42967
3.73984
3.86015
3.90642
3.61914
3.48023
3.53254
3.12947
3.41337
3.58584
3.21378
3.41876
3.66805
3.81844
3.89578
3.92964
3.892
3.4948
3.23078
3.36063
3.46658
3.27322
3.5168
3.94727
3.77988
3.97601
4.16817
3.84218
3.70833
3.52602
3.39905
3.21331
3.06889
3.3601
3.39898
3.51008
3.66201
3.65066
3.73102
3.77443
3.78151
3.51678
3.10942
2.86925
3.19394
3.66602
3.65088
3.87444
3.78645
3.21141
3.30211
3.25569
3.12778
3.3431
3.46383
3.58484
3.54966
3.49073
3.40624
3.39297
3.57285
3.65192
3.58956
3.25626
3.08687
3.01634
2.99294
3.4191
3.50119
3.60346
3.73923
3.51683
3.50629
3.3456
3.24843
3.4045
3.38869
3.38061
3.33781
3.45431
3.48495
3.4808
3.60939
3.45658
3.29084
3.26886
3.38206
3.33615
3.27978
3.48195
3.24153
3.40694
3.80814
3.48477
3.46834
3.53719
3.12178
2.9583
3.12719
3.16026
3.11254
3.41248
3.49884
3.41917
3.53053
3.4235
3.36354
3.17981
2.96221
2.96097
2.91676
3.21649
3.4436
3.66518
3.77894
3.4803
3.44372
3.29338
2.95294
3.08997
3.31021
3.3025
3.23772
3.40044
3.22437
2.90625
3.16546
3.25501
3.1327
3.07193
3.20357
3.16394
2.86061
3.22453
3.35446
3.1947
3.52207
3.56912
3.344
3.15519
3.03774
3.00215
3.12254
3.37511
3.39892
3.48761
3.39445
3.11455
3.10407
2.91687
2.93183
3.13936
3.23911
3.33756
3.29246
3.41144
3.28548
3.02007
3.22455
3.22635
3.04197
3.03053
3.14702
3.05747
3.02149
3.51794
3.64003
3.46318
3.50379
3.45838
3.14218
2.78527
3.04609
3.04737
2.8481
3.32834
3.3573
3.11388
3.30846
3.45574
3.30992
3.04881
2.93014
2.6368
2.59657
2.96364
3.16447
3.34175
3.29029
3.23193
3.19893
2.97317
2.94771
2.88993
2.95512
3.04699
3.00546
3.20771
3.21169
3.20759
3.33888
3.28277
3.13811
2.98789
2.99382
2.81486
2.7118
2.85461
2.82168
3.06799
3.29652
3.34747
3.25823
3.00792
2.97551
2.79801
2.77833
3.06052
3.17337
3.32545
3.36148
3.29623
3.11371
2.9683
3.10113
3.05326
3.00884
3.04685
3.09286
3.07545
2.96522
3.2012
3.20295
3.12694
3.34123
3.10771
2.72411
2.59649
2.65801
2.82612
3.07898
3.39286
3.33138
3.21208
3.11101
2.87416
2.81601
2.71991
2.78286
2.8454
2.83514
3.00653
3.12192
3.31032
3.2629
3.11458
3.14477
2.91101
2.849
2.93654
2.8037
2.72301
2.89603
3.12656
3.01412
3.0971
3.25789
2.99251
2.86642
2.87715
2.79481
2.58622
2.67354
2.9732
2.80676
2.95476
3.28307
3.19173
3.09054
2.99306
2.85447
2.65217
2.70745
2.95377
2.95018
2.9779
3.02349
3.10688
3.03737
2.843
2.92773
2.7817
2.75439
3.00585
2.98957
2.95128
2.86607
2.85709
2.8443
2.83637
3.0499
3.05533
2.97316
2.80611
2.63422
2.67545
2.72667
3.01521
3.22086
3.18141
2.95951
2.7756
2.85979
2.63301
2.67592
2.99218
2.82404
2.85836
3.08633
3.02947
2.82473
2.82101
2.90938
2.72393
2.82335
3.01721
2.83537
2.65128
2.71819
2.9111
2.84637
2.97655
3.17147
2.82411
2.6756
2.70691
2.59127
2.62397
2.74087
2.93765
2.91695
2.93228
3.04259
2.96496
2.9117
2.8025
2.69334
2.548
2.54547
2.79477
2.91455
3.0399
2.93083
2.76403
2.78798
2.56572
2.5389
2.62979
2.65762
2.86093
3.00737
3.10085
2.94044
2.7685
2.78033
2.63109
2.64512
2.81796
2.83177
2.64307
2.76579
2.97608
2.74681
2.99607
3.29055
2.98526
2.73343
2.53757
2.29525
2.23503
2.58721
2.93231
2.91313
3.06114
3.15612
2.95541
2.78467
2.69356
2.61435
2.54952
2.81731
2.98084
2.92352
3.02946
2.92497
2.83695
2.80073
2.65516
2.72
2.63418
2.55653
2.52987
2.45536
2.62155
2.78981
2.96791
2.9887
2.84232
2.66826
2.45363
2.39657
2.37594
2.56382
2.70768
2.77183
3.03398
2.96309
2.79556
2.6863
2.44422
2.48881
2.48953
2.5188
2.66295
2.62172
2.667
2.81858
2.85927
2.71605
2.73284
2.69487
2.39134
2.55439
2.71214
2.67091
2.82287
2.97393
2.98118
2.74334
2.75718
2.79594
2.52451
2.57534
2.50784
2.26821
2.41643
2.70701
2.91044
2.98065
3.04874
2.98774
2.86259
2.73127
2.55914
2.58591
2.44299
2.5045
2.85751
2.8392
2.83343
2.81202
2.69895
2.65569
2.52937
2.55317
2.46771
2.33289
2.43959
2.49551
2.49837
2.63338
2.92442
2.90362
2.78489
2.82427
2.54731
2.31782
2.31804
2.46055
2.64633
2.67821
2.92462
2.98244
2.75922
2.6434
2.45213
2.32949
2.31496
2.45222
2.62851
2.5938
2.6158
2.69894
2.73282
2.66525
2.73314
2.78316
2.45472
2.43294
2.49282
2.39793
2.6083
2.66264
2.65805
2.60832
2.49962
2.60547
2.60903
2.56558
2.57301
2.57028
2.5138
2.6385
2.91424
2.80624
2.6918
2.70571
2.54298
2.45613
2.37999
2.41797
2.43268
2.46652
2.69498
2.67487
2.64461
2.59095
2.41668
2.44712
2.39326
2.43012
2.64986
2.77789
2.80672
2.82263
2.75143
2.4932
2.62848
2.76361
2.53259
2.55943
2.49929
2.35057
2.40175
2.46794
2.5456
2.44277
2.50857
2.62501
2.40988
2.24995
2.22143
2.239
2.44536
2.85291
2.9991
2.84157
2.83684
2.62438
2.30766
2.31442
2.35261
2.51507
2.6189
2.67397
2.58833
2.30449
2.30464
2.32116
2.37645
2.47566
2.39857
2.40574
2.43834
2.53065
2.6591
2.72194
2.67894
2.67824
2.82699
2.67112
2.52148
2.48307
2.17437
2.28309
2.52918
2.56672
2.6348
2.5828
2.52289
2.42968
2.37095
2.39885
2.37824
2.3876
2.43016
2.632
2.70997
2.7096
2.8379
2.77888
2.66276
2.471
2.31325
2.30841
2.22128
2.42367
2.55347
2.44865
2.44263
2.44265
2.48617
2.43194
2.40516
2.41115
2.21759
2.19477
2.39175
2.526
2.54365
2.75615
2.94513
2.72623
2.65268
2.5793
2.17938
2.03263
2.14431
2.37633
2.47156
2.50291
2.62687
2.5071
2.38321
2.37869
2.32823
2.22034
2.20136
2.34527
2.35307
2.45713
2.57427
2.60272
2.71404
2.65446
2.61723
2.51696
2.22246
2.12973
2.09998
2.1849
2.38577
2.66569
2.89291
2.79188
2.67885
2.53432
2.20563
2.05798
2.21869
2.4425
2.46655
2.54782
2.57076
2.41249
2.47033
2.50132
2.4932
2.40927
2.2401
2.27574
2.19543
2.24718
2.47043
2.54491
2.62882
2.66795
2.61874
2.44638
2.33138
2.30748
2.28149
2.4604
2.49639
2.47156
2.55527
2.4924
2.43114
2.3201
2.22599
2.13394
2.00918
2.15248
2.23442
2.35574
2.53102
2.5305
2.50911
2.43685
2.40164
2.33746
2.32735
2.45495
2.475
2.54592
2.53681
2.45552
2.40951
2.29613
2.28031
2.20897
2.22153
2.27759
2.21785
2.36047
2.35689
2.24908
2.38079
2.52089
2.5901
2.5935
2.56449
2.32015
2.05491
2.14129
2.25085
2.45825
2.64038
2.69603
2.63961
2.36022
2.21018
2.12077
2.06451
2.2386
2.40409
2.46535
2.31439
2.30674
2.42181
2.39294
2.52178
2.5664
2.42117
2.30423
2.27514
2.26842
2.22035
2.36097
2.45266
2.44224
2.47244
2.36008
2.24887
2.05716
1.96449
2.16031
2.19096
2.26546
2.43432
2.56021
2.61761
2.59504
2.60206
2.43535
2.24704
2.21581
2.25237
2.35101
2.32535
2.38972
2.42511
2.31464
2.30657
2.22716
2.12447
2.06657
2.13808
2.24261
2.19996
2.33469
2.42315
2.40579
2.47738
2.42976
2.35624
2.2805
2.23064
2.2225
2.16613
2.19941
2.30949
2.54426
2.68009
2.67691
2.61819
2.24963
1.95391
1.8756
1.80184
2.04163
2.33115
2.56716
2.67209
2.64713
2.55763
2.36706
2.26643
2.16472
2.11647
2.1395
2.11007
2.23404
2.34142
2.43992
2.53152
2.50995
2.46955
2.35669
2.27472
2.08423
1.91032
2.12046
2.27448
2.48049
2.69235
2.67135
2.5673
2.36308
2.15815
2.00943
1.96264
2.03322
2.15709
2.35458
2.40224
2.445
2.41481
2.25937
2.32752
2.29716
2.17188
2.13416
2.07133
2.11859
2.21493
2.3999
2.5251
2.51014
2.49715
2.36106
2.20178
2.10668
2.09652
2.15839
2.18411
2.30357
2.32909
2.29102
2.32092
2.33454
2.3436
2.1477
2.03657
2.08759
2.05117
2.24835
2.44591
2.51739
2.50031
2.35895
2.24974
2.11203
2.0316
2.07841
2.17304
2.22542
2.28012
2.41188
2.31054
2.24916
2.39911
2.36714
2.35072
2.3144
2.19534
2.13072
2.07614
2.18668
2.26476
2.29085
2.37061
2.37377
2.30758
2.13035
2.02638
2.01567
2.07438
2.28688
2.41711
2.43224
2.31679
2.27757
2.2568
2.03537
2.08221
2.19727
2.23826
2.40847
2.43812
2.37381
2.27939
2.2422
2.32899
2.31439
2.21222
2.09045
1.97994
1.89161
2.02071
2.25685
2.28558
2.36482
2.39595
2.27858
2.18391
1.98627
1.95151
1.97434
1.9809
2.2404
2.38836
2.40562
2.44815
2.48653
2.40658
2.2234
2.13538
2.02438
1.98182
2.1031
2.2763
2.38915
2.36373
2.42333
2.36732
2.18198
2.15057
2.00317
1.96218
2.0907
2.14329
2.25779
2.2774
2.2779
2.36471
2.40138
2.37049
2.29454
2.19463
2.05054
2.07236
2.15982
2.24221
2.40368
2.39733
2.44461
2.45859
2.2362
2.1131
1.94824
1.85254
2.0326
2.21615
2.3763
2.4195
2.3505
2.20915
2.06549
2.02257
2.02857
2.04254
2.01903
2.09599
2.13067
2.10375
2.24524
2.28552
2.36911
2.47329
2.29311
2.08156
1.854
1.76041
1.96392
2.15241
2.35197
2.46645
2.46645
2.44071
2.37179
2.17266
1.92392
1.85012
1.8224
1.9709
2.13297
2.13267
2.28949
2.40688
2.46516
2.45729
2.18594
1.97916
1.84947
1.80082
2.02873
2.17916
2.27282
2.44143
2.53955
2.48719
2.43657
2.34726
2.11922
2.02769
1.94256
1.87074
1.95145
2.04418
2.33115
2.51163
2.50761
2.45464
2.22351
2.04593
1.89995
1.78341
1.94764
2.10017
2.23101
2.45716
2.56254
2.41303
2.25251
2.12173
1.94119
2.02358
2.09868
2.07899
2.14869
2.14766
2.25437
2.29962
2.23273
2.29162
2.17417
2.02312
2.03184
1.96519
1.95267
2.10844
2.30368
2.44081
2.50095
2.33805
2.071
1.8965
1.70224
1.77126
1.94611
2.11041
2.33007
2.33446
2.30848
2.21712
1.99704
2.01958
2.0444
2.00982
2.08591
2.11495
2.12709
2.23994
2.37242
2.41091
2.40174
2.28018
2.1282
2.06306
1.91825
1.93589
1.97355
1.97194
2.21332
2.2762
2.27663
2.33301
2.16212
2.0136
1.99087
2.00648
2.06379
2.0841
2.12341
2.2731
2.40781
2.39332
2.34381
2.18678
2.02865
2.05985
1.97663
2.04359
2.19215
2.11982
2.23489
2.30122
2.12723
2.05023
2.0551
2.08467
2.07751
2.05305
2.02047
1.9368
1.98977
2.1882
2.25842
2.17236
2.2561
2.24778
2.0105
1.97805
1.87006
1.81979
2.10042
2.2936
2.44262
2.42201
2.21185
2.07385
1.95444
1.93563
2.01832
2.04193
2.07987
2.15681
2.17359
2.20405
2.22984
2.09082
2.12332
2.20421
1.997
1.9721
1.95989
1.85049
2.05356
2.22559
2.31176
2.34935
2.31429
2.28692
2.14662
1.98337
1.90739
1.85101
1.94959
2.25712
2.39271
2.31247
2.31985
2.22587
2.1118
2.12759
1.98051
1.90763
1.89461
1.89726
2.14124
2.27929
2.33152
2.34221
2.19292
2.11201
2.04944
1.8859
1.8561
1.9663
2.06564
2.28419
2.41712
2.29372
2.2867
2.20908
1.9876
2.01536
1.94024
1.82076
1.88343
1.9956
2.1972
2.2913
2.32879
2.3641
2.24375
2.07819
1.91551
1.68421
1.63525
1.89613
2.12203
2.3189
2.41839
2.22755
2.13281
2.12358
1.96977
1.95582
1.88402
1.84348
1.99638
2.11306
2.27414
2.30869
2.24424
2.30756
2.31885
2.19695
2.06865
1.90569
1.7457
1.87859
2.05652
2.19096
2.37701
2.35794
2.30797
2.23056
1.94796
1.83197
1.79546
1.85168
2.12064
2.1883
2.14341
2.18268
2.23126
2.29271
2.2937
2.13617
1.95089
1.89805
1.90505
2.06657
2.20574
2.18541
2.25245
2.26382
2.23808
2.17939
1.93062
1.84878
1.86671
1.93008
2.13453
2.12327
2.0569
2.16553
2.19457
2.12946
2.07368
1.89909
1.77659
1.9071
1.974
2.1073
2.27723
2.25848
2.33266
2.33511
2.11065
1.93117
1.79025
1.8488
2.02342
2.1154
2.18678
2.16153
2.207
2.34571
2.29187
2.07703
1.93751
1.8063
1.74474
1.95901
2.02551
2.00388
2.13452
2.20655
2.3279
2.33058
2.10039
1.91111
1.7337
1.74044
1.94613
2.09878
2.2988
2.43965
2.40704
2.31518
2.1714
1.94046
1.85288
1.94679
2.0465
2.19913
2.18322
2.10549
2.21238
2.16949
2.13721
2.14209
1.94658
1.89063
1.90365
1.8391
1.90342
2.02291
2.10536
2.21932
2.31935
2.22601
2.01455
1.86838
1.86476
1.96802
2.08495
2.23802
2.22843
2.1732
2.3025
2.23803
2.09524
2.03916
1.81587
1.76984
1.9086
1.95199
2.04528
2.1122
2.05699
2.05577
2.13656
2.07243
1.93935
1.85165
1.81002
1.88576
1.97778
2.14382
2.2173
2.21858
2.39055
2.338
2.12837
2.12513
2.00704
1.84729
1.91319
1.95649
1.94132
2.06272
2.26505
2.40026
2.38807
2.16526
1.92982
1.82786
1.80931
1.94523
2.02516
2.10832
2.2517
2.26696
2.28261
2.17292
1.9231
1.84647
1.85424
1.92657
1.99729
1.94681
1.93361
2.07577
2.25893
2.36596
2.34898
2.20362
2.10044
1.9577
1.76665
1.88166
1.97387
2.09447
2.42574
2.46144
2.28012
2.18313
2.00277
1.80902
1.7765
1.79201
1.75246
1.81483
2.03918
2.21899
2.24397
2.17529
2.13697
2.03505
1.97769
2.03241
1.93537
1.91278
2.0425
2.19959
2.38193
2.38969
2.28486
2.11308
1.87183
1.81203
1.82462
1.75851
1.77582
1.91459
2.08687
2.26177
2.30344
2.17244
2.07306
1.94197
1.81488
1.85675
1.83482
1.93391
2.13719
2.22974
2.36807
2.35594
2.16136
2.04759
1.9585
1.86683
1.83648
1.87724
2.05247
2.31436
2.3727
2.25575
2.19142
2.04855
2.00057
2.12844
2.09819
1.97243
1.92485
2.02354
2.11991
2.16991
2.27414
2.1889
2.01051
2.01323
1.90037
1.65715
1.65634
1.85
2.03808
2.23623
2.32074
2.24674
2.16061
2.04586
2.05219
2.07812
1.9361
1.95988
2.00684
1.97411
2.066
2.11279
2.11904
2.11256
2.01615
1.90363
1.78735
1.64465
1.70546
1.97241
2.10333
2.17546
2.22878
2.12391
2.08797
2.12659
2.08041
1.98377
1.88982
1.98116
2.10507
2.20656
2.34201
2.25598
2.07937
2.1007
2.13164
1.97817
1.81895
1.84021
1.88075
2.00944
2.23493
2.34254
2.24724
2.13513
2.17998
2.04264
1.82594
1.87285
1.86784
1.98362
2.21251
2.16275
2.03933
2.01948
1.94962
1.93108
2.00012
1.9197
1.82274
1.94565
2.04917
2.15916
2.31092
2.36922
2.36931
2.29376
2.17403
1.92579
1.63541
1.6939
1.85435
2.05481
2.27119
2.24068
2.05607
1.95375
1.91517
1.81862
1.76959
1.78783
1.81973
1.96104
2.13308
2.27593
2.34474
2.37576
2.39978
2.27862
2.14936
2.00408
1.73801
1.75943
1.90496
1.96282
2.13253
2.22189
2.1554
2.10322
2.00348
1.78805
1.72997
1.78576
1.84015
2.08511
2.21229
2.1666
2.21352
2.27713
2.26691
2.15278
2.0489
1.95257
1.80101
1.88507
2.04862
2.05629
2.07512