
0
0
0
0
0
0
0
0
0
0
0
0
0
0
0
0
0
0
0
0
0
0
0
0
0
0
0
0
0
0
0
0
0
0
0
0
0
0
0
0
0
0
0
0
0
0
0
0
0
0
0
0
0
0
0
0
0
0
0
0
0
0
0
0
0
0
0
0
0
0
0
0
0
0
0
0
0
0
0
0
0
0
0
0
0
0
0
0
0
0
0
0
0
0
0
0
0
0
0
0
0
0
0
0
0
0
0
0
0
0
0
0
0
0
0
0
0
0
0
0
0
0
0
0
0
0
0
0
0
0
0
0
0
0
0
0
0
0
0
0
0
0
0
0
0
0
0
0
0
0
0
0
0
0
0
0
0
0
0
0
-8.07373e-09
-2.88078e-08
-5.67464e-08
-9.16792e-08
-1.35518e-07
-1.86519e-07
-2.46205e-07
-3.10993e-07
-3.84733e-07
-4.66285e-07
-5.52495e-07
-6.43256e-07
-7.40642e-07
-8.41661e-07
-9.43227e-07
-1.05198e-06
-1.16748e-06
-1.28998e-06
-1.41829e-06
-1.54997e-06
-1.71241e-06
-1.86554e-06
-2.02896e-06
-2.19247e-06
-2.36272e-06
-2.53022e-06
-2.69266e-06
-2.85086e-06
-2.99164e-06
-3.12784e-06
-3.2534e-06
-3.36878e-06
-3.47137e-06
-3.56672e-06
-3.65012e-06
-3.72633e-06
-3.79146e-06
-3.84694e-06
-3.90341e-06
-3.94369e-06
-3.97826e-06
-4.0044e-06
-4.02461e-06
-4.03525e-06
-4.03853e-06
-4.03567e-06
-4.02776e-06
-4.01596e-06
-4.00095e-06
-3.98616e-06
-3.97187e-06
-3.9576e-06
-3.94207e-06
-3.92542e-06
-3.90695e-06
-3.88599e-06
-3.86289e-06
-3.83564e-06
-3.8045e-06
-3.76922e-06
-3.72934e-06
-3.68206e-06
-3.63056e-06
-3.57258e-06
-3.51075e-06
-3.44916e-06
-3.38485e-06
-3.32463e-06
-3.26681e-06
-3.21563e-06
-3.16729e-06
-3.1209e-06
-3.07949e-06
-3.03895e-06
-3.0048e-06
-2.97547e-06
-2.95424e-06
-2.94269e-06
-2.94334e-06
-2.95742e-06
-2.98415e-06
-3.02214e-06
-3.07024e-06
-3.12662e-06
-3.18501e-06
-3.24705e-06
-3.30873e-06
-3.36777e-06
-3.42702e-06
-3.48668e-06
-3.55547e-06
-3.62957e-06
-3.71209e-06
-3.79302e-06
-3.87573e-06
-3.94749e-06
-4.01285e-06
-4.0694e-06
-4.11375e-06
-4.15283e-06
-4.19211e-06
-4.23332e-06
-4.28267e-06
-4.33934e-06
-4.40111e-06
-4.45948e-06
-4.50942e-06
-4.54642e-06
-4.56609e-06
-4.56736e-06
-4.55286e-06
-4.5296e-06
-4.50428e-06
-4.48149e-06
-4.46485e-06
-4.45403e-06
-4.44372e-06
-4.42642e-06
-4.39396e-06
-4.3442e-06
-4.27456e-06
-4.1889e-06
-4.09901e-06
-4.01618e-06
-3.94509e-06
-3.89355e-06
-3.86364e-06
-3.84768e-06
-3.83791e-06
-3.8216e-06
-3.78553e-06
-3.73091e-06
-3.65021e-06
-3.56454e-06
-3.48777e-06
-3.43476e-06
-3.41227e-06
-3.4343e-06
-3.47351e-06
-3.51601e-06
-3.54062e-06
-3.52999e-06
-3.47246e-06
-3.3661e-06
-3.23541e-06
-3.10233e-06
-2.99957e-06
-2.9548e-06
-2.97413e-06
-3.04594e-06
-3.14175e-06
-3.20267e-06
-3.16743e-06
-2.98186e-06
-2.59912e-06
-2.04256e-06
-1.4271e-06
-1.04144e-06
-7.28985e-07
-3.68137e-07
-7.5749e-08
-3.39387e-08
-2.87591e-07
-8.7479e-07
-1.84059e-06
-3.1343e-06
-4.67129e-06
-6.34243e-06
-8.01854e-06
-9.72774e-06
-1.14598e-05
-1.32564e-05
-1.50094e-05
-1.68888e-05
-1.86079e-05
-2.03848e-05
-2.21195e-05
-2.38129e-05
-2.55184e-05
-2.71637e-05
-2.87586e-05
-3.02203e-05
-3.15236e-05
-3.28362e-05
-3.40395e-05
-3.51381e-05
-3.61421e-05
-3.71193e-05
-3.80066e-05
-3.88506e-05
-3.96076e-05
-4.02877e-05
-4.0882e-05
-4.14106e-05
-4.18552e-05
-4.22354e-05
-4.25586e-05
-4.28464e-05
-4.31014e-05
-4.33292e-05
-4.35339e-05
-4.37168e-05
-4.38632e-05
-4.39769e-05
-4.40532e-05
-4.41011e-05
-4.41262e-05
-4.4135e-05
-4.41318e-05
-4.41192e-05
-4.40968e-05
-4.40641e-05
-4.40194e-05
-4.39624e-05
-4.38945e-05
-4.38166e-05
-4.37334e-05
-4.36456e-05
-4.35559e-05
-4.3475e-05
-4.34057e-05
-4.33396e-05
-4.32771e-05
-4.32129e-05
-4.31396e-05
-4.30598e-05
-4.29699e-05
-4.28651e-05
-4.27533e-05
-4.26387e-05
-4.2522e-05
-4.24033e-05
-4.22789e-05
-4.21368e-05
-4.2003e-05
-4.18662e-05
-4.17334e-05
-4.15931e-05
-4.14475e-05
-4.12866e-05
-4.10921e-05
-4.09386e-05
-4.07682e-05
-4.06513e-05
-4.05409e-05
-4.04402e-05
-4.03444e-05
-4.0265e-05
-4.01939e-05
-4.01295e-05
-4.00712e-05
-4.00154e-05
-3.99666e-05
-3.99237e-05
-3.98801e-05
-3.98477e-05
-3.98192e-05
-3.97936e-05
-3.97691e-05
-3.9745e-05
-3.97204e-05
-3.96965e-05
-3.96727e-05
-3.96514e-05
-3.9636e-05
-3.96257e-05
-3.9623e-05
-3.96284e-05
-3.96427e-05
-3.96646e-05
-3.96923e-05
-3.97257e-05
-3.97637e-05
-3.97996e-05
-3.98344e-05
-3.98668e-05
-3.9893e-05
-3.99108e-05
-3.99209e-05
-3.99216e-05
-3.99118e-05
-3.98897e-05
-3.9857e-05
-3.98125e-05
-3.97617e-05
-3.96975e-05
-3.96346e-05
-3.95655e-05
-3.94945e-05
-3.94264e-05
-3.93598e-05
-3.92962e-05
-3.92348e-05
-3.91667e-05
-3.91072e-05
-3.90551e-05
-3.90069e-05
-3.89665e-05
-3.89282e-05
-3.88935e-05
-3.88615e-05
-3.88318e-05
-3.88043e-05
-3.8778e-05
-3.87556e-05
-3.87387e-05
-3.87281e-05
-3.87243e-05
-3.87286e-05
-3.87435e-05
-3.87687e-05
-3.88042e-05
-3.88491e-05
-3.89043e-05
-3.89682e-05
-3.90415e-05
-3.91252e-05
-3.92175e-05
-3.9314e-05
-3.94171e-05
-3.95355e-05
-3.96615e-05
-3.97972e-05
-3.99453e-05
-4.01003e-05
-4.02603e-05
-4.04256e-05
-4.05849e-05
-4.07398e-05
-4.08887e-05
-4.10428e-05
-4.11867e-05
-4.13185e-05
-4.14462e-05
-4.15688e-05
-4.16881e-05
-4.1806e-05
-4.19167e-05
-4.20159e-05
-4.2116e-05
-4.22063e-05
-4.22892e-05
-4.23737e-05
-4.24576e-05
-4.25391e-05
-4.26246e-05
-4.27027e-05
-4.27734e-05
-4.2847e-05
-4.29126e-05
-4.29586e-05
-4.29872e-05
-4.30076e-05
-4.3026e-05
-4.30491e-05
-4.30742e-05
-4.3101e-05
-4.31299e-05
-4.31561e-05
-4.31741e-05
-4.31797e-05
-4.31727e-05
-4.31557e-05
-4.31337e-05
-4.31159e-05
-4.31077e-05
-4.31141e-05
-4.31351e-05
-4.31676e-05
-4.32023e-05
-4.32329e-05
-4.32506e-05
-4.32503e-05
-4.32341e-05
-4.32084e-05
-4.31816e-05
-4.31657e-05
-4.31694e-05
-4.31965e-05
-4.32412e-05
-4.32959e-05
-4.33433e-05
-4.337e-05
-4.33637e-05
-4.33231e-05
-4.3258e-05
-4.31835e-05
-4.31239e-05
-4.30961e-05
-4.31135e-05
-4.31732e-05
-4.32571e-05
-4.33397e-05
-4.33827e-05
-4.33543e-05
-4.32459e-05
-4.30554e-05
-4.2839e-05
-4.26691e-05
-4.2653e-05
-4.29149e-05
-4.35879e-05
-4.45656e-05
-4.58037e-05
-4.76233e-05
-4.98045e-05
-5.26106e-05
-5.60986e-05
-5.99244e-05
-6.42687e-05
-6.85277e-05
-7.32704e-05
-7.81588e-05
-8.3426e-05
-8.8877e-05
-9.4976e-05
-0.000101607
-0.000108446
-0.000116488
-0.000123483
-0.000131004
-0.000138717
-0.000146446
-0.000154006
-0.000162012
-0.000170947
-0.000179181
-0.000187707
-0.000195945
-0.000204407
-0.000214007
-0.000223511
-0.000232591
-0.000242201
-0.000251386
-0.000261324
-0.000270942
-0.000280698
-0.000290383
-0.000300103
-0.000309518
-0.000319051
-0.000328719
-0.000338426
-0.000348301
-0.000358062
-0.000367483
-0.000376878
-0.000386721
-0.000396592
-0.000406218
-0.000415538
-0.000424894
-0.000435278
-0.000445488
-0.000455777
-0.00046603
-0.000477141
-0.000488517
-0.000499952
-0.000510369
-0.000520352
-0.000530043
-0.000538967
-0.000547084
-0.000554714
-0.000562511
-0.000570147
-0.000577949
-0.00058574
-0.000593274
-0.000600786
-0.000608369
-0.000615739
-0.000623221
-0.000630226
-0.000637622
-0.0006449
-0.000652105
-0.000659369
-0.000666938
-0.000674541
-0.000681579
-0.00068892
-0.00069607
-0.000703607
-0.000710929
-0.000718072
-0.000725016
-0.000732123
-0.000739261
-0.000746604
-0.000753928
-0.000761467
-0.000769201
-0.000777084
-0.000784843
-0.000792751
-0.000800476
-0.000808119
-0.000816
-0.000823957
-0.000831744
-0.000840107
-0.000848544
-0.000856931
-0.000865352
-0.000874091
-0.000882397
-0.000890827
-0.000900438
-0.000909252
-0.000919451
-0.000929215
-0.000939041
-0.000948979
-0.000959194
-0.000970762
-0.00098357
-0.00099777
-0.00101405
-0.00103211
-0.00105263
-0.00107918
-0.00110701
-0.00113781
-0.0011711
-0.00120913
-0.00124798
-0.00129164
-0.00133514
-0.00137933
-0.00142565
-0.00147236
-0.00151884
-0.00156473
-0.00161033
-0.00165367
-0.00169889
-0.0017427
-0.00178411
-0.00182597
-0.00186549
-0.00190168
-0.00193657
-0.0019716
-0.00200378
-0.00203457
-0.00206371
-0.00209221
-0.00211873
-0.00214389
-0.00216891
-0.0021926
-0.00221657
-0.00223886
-0.0022601
-0.00228104
-0.00230176
-0.0023216
-0.00234212
-0.00236149
-0.00238033
-0.00239925
-0.0024174
-0.002442
-0.00246252
-0.0024862
-0.00250789
-0.00252772
-0.00254775
-0.00256715
-0.0025844
-0.00260167
-0.00261899
-0.002636
-0.00265411
-0.00267379
-0.00269186
-0.00270945
-0.00272726
-0.00274539
-0.00276564
-0.00278486
-0.00280369
-0.00282393
-0.00284387
-0.00286408
-0.00288426
-0.00290561
-0.00292773
-0.00295026
-0.00297667
-0.00300239
-0.00303012
-0.00306203
-0.00309549
-0.00312899
-0.00316505
-0.00320744
-0.00324834
-0.00329133
-0.00333533
-0.00338482
-0.00343462
-0.00348477
-0.00353784
-0.00359493
-0.003656
-0.00371627
-0.00378029
-0.00384328
-0.00391255
-0.00398675
-0.00406417
-0.00414008
-0.00421695
-0.00429689
-0.00437685
-0.00445696
-0.00454348
-0.0046289
-0.00471406
-0.00479654
-0.00487674
-0.00496473
-0.00504571
-0.00513491
-0.00521409
-0.00529158
-0.00536668
-0.00543955
-0.00550613
-0.0055691
-0.00562864
-0.00568353
-0.00573297
-0.00578034
-0.00582508
-0.00586578
-0.00590376
-0.00593842
-0.00596927
-0.00599768
-0.0060234
-0.00604689
-0.00606487
-0.00607841
-0.00608649
-0.00608895
-0.00608532
-0.00607533
-0.00605908
-0.00603558
-0.00600383
-0.00596352
-0.00591706
-0.00586258
-0.00580223
-0.00573232
-0.0056551
-0.0055702
-0.0054819
-0.00539328
-0.00529895
-0.00520185
-0.00510269
-0.0050008
-0.00490401
-0.00479962
-0.00467526
-0.00456522
-0.00444602
-0.00433453
-0.00421475
-0.00409904
-0.00400288
-0.00391726
-0.00383991
-0.00376396
-0.00369521
-0.00362997
-0.00356818
-0.00350977
-0.00345683
-0.00340668
-0.00336036
-0.00331054
-0.00326837
-0.00323142
-0.00319657
-0.00316461
-0.00313587
-0.00310983
-0.0030829
-0.00305989
-0.00303975
-0.00302125
-0.00300494
-0.00299131
-0.00297872
-0.00296774
-0.00295827
-0.00295091
-0.00294526
-0.0029411
-0.0029381
-0.00293651
-0.00293616
-0.00293697
-0.00293906
-0.00294219
-0.00294642
-0.00295171
-0.00295886
-0.0029666
-0.00297494
-0.00298419
-0.00299397
-0.00300472
-0.00301665
-0.00302872
-0.00304166
-0.00305555
-0.00307427
-0.0030905
-0.0031078
-0.00312581
-0.00314577
-0.00316476
-0.00318589
-0.00320607
-0.00322563
-0.00324594
-0.00326633
-0.00328728
-0.0033089
-0.0033326
-0.00335606
-0.00337915
-0.00340351
-0.00342872
-0.00345411
-0.00347831
-0.00350331
-0.00352827
-0.00355212
-0.00357823
-0.00360391
-0.00362858
-0.00365411
-0.00368317
-0.00370983
-0.00373561
-0.00376186
-0.00378873
-0.003817
-0.00384431
-0.00387138
-0.00389825
-0.00392751
-0.00395706
-0.00398483
-0.00401249
-0.00404003
-0.0040697
-0.00410161
-0.00413238
-0.00416195
-0.00419429
-0.00422549
-0.00425671
-0.00428566
-0.00431674
-0.00434854
-0.00437976
-0.00441777
-0.00445977
-0.00451049
-0.00455647
-0.00460685
-0.00467193
-0.00474491
-0.00480413
-0.00486417
-0.00492683
-0.00499259
-0.00506424
-0.00513398
-0.00520801
-0.00527959
-0.00535427
-0.00542704
-0.00549694
-0.00557068
-0.00563667
-0.005701
-0.00576133
-0.00581848
-0.00587304
-0.00592744
-0.00597697
-0.0060278
-0.00607294
-0.00611971
-0.00616878
-0.00621983
-0.0062671
-0.0063118
-0.00635285
-0.00639168
-0.00642866
-0.00646145
-0.00648961
-0.00651412
-0.00653598
-0.00655331
-0.00656497
-0.00657218
-0.00657423
-0.00657145
-0.00656346
-0.00655111
-0.00653434
-0.00651371
-0.00648813
-0.00646139
-0.00643284
-0.00640331
-0.00636992
-0.00633969
-0.00630951
-0.00627569
-0.00624629
-0.00621967
-0.00619371
-0.00616854
-0.00614264
-0.00611809
-0.00609373
-0.00606674
-0.00604036
-0.00601565
-0.00598955
-0.00596386
-0.0059378
-0.00591133
-0.00588491
-0.0058575
-0.00583202
-0.00580595
-0.00577765
-0.00575071
-0.00572369
-0.0056957
-0.00566765
-0.00563902
-0.00561103
-0.00558182
-0.00555283
-0.00552395
-0.00549587
-0.00546757
-0.00543906
-0.00540737
-0.0053794
-0.00535004
-0.00532168
-0.00529275
-0.0052654
-0.00523872
-0.00521194
-0.00518619
-0.00515944
-0.00513428
-0.00510948
-0.00508586
-0.00506357
-0.00504119
-0.00501552
-0.00499209
-0.00496908
-0.00494915
-0.00492882
-0.00490974
-0.00489064
-0.00487507
-0.0048606
-0.00484636
-0.00483305
-0.00481993
-0.00480719
-0.00479451
-0.00478148
-0.00476924
-0.004757
-0.00474492
-0.00473336
-0.00472091
-0.00470937
-0.00469733
-0.00468608
-0.0046747
-0.00466377
-0.00465316
-0.0046426
-0.00463177
-0.00462096
-0.00461034
-0.00459962
-0.00458943
-0.00457968
-0.00456967
-0.00455972
-0.00454995
-0.00454028
-0.00453039
-0.00452046
-0.00451042
-0.00450021
-0.00448941
-0.00447806
-0.00446531
-0.00445154
-0.0044357
-0.0044186
-0.00439973
-0.0043793
-0.0043568
-0.00433296
-0.00430635
-0.00427682
-0.00424412
-0.00421205
-0.00417649
-0.00414187
-0.0041044
-0.00406642
-0.00402716
-0.00398617
-0.00394282
-0.00389975
-0.00385508
-0.00380968
-0.00376257
-0.00371367
-0.0036611
-0.00360927
-0.00355543
-0.00350254
-0.00344671
-0.00339279
-0.00333463
-0.00327845
-0.00321935
-0.00315721
-0.00309286
-0.00302602
-0.00296069
-0.00288497
-0.00281604
-0.00274486
-0.00267857
-0.00261279
-0.00254605
-0.00248004
-0.00241542
-0.00235252
-0.00229033
-0.00223194
-0.00217602
-0.00212086
-0.00206911
-0.00201814
-0.00196981
-0.00192194
-0.00187422
-0.00182688
-0.00178048
-0.00173541
-0.0016903
-0.00164648
-0.00160153
-0.001555
-0.00150774
-0.00146262
-0.00140731
-0.00135814
-0.00130011
-0.0012456
-0.00118853
-0.00113587
-0.00108304
-0.0010281
-0.000980908
-0.000935275
-0.000890181
-0.000846426
-0.000802268
-0.000753096
-0.000707021
-0.000662177
-0.000616367
-0.0005722
-0.000525125
-0.00046709
-0.000415534
-0.000369527
-0.000319489
-0.000270099
-0.000224087
-0.000176902
-0.000129773
-8.05488e-05
-3.46084e-05
1.09149e-05
5.91492e-05
0.000107957
0.000153444
0.000202988
0.000248613
0.000295355
0.000340853
0.000383879
0.000425057
0.000467021
0.000506537
0.000543457
0.000581591
0.000615202
0.000650678
0.000681081
0.000711838
0.000742201
0.000771276
0.000798989
0.000825812
0.000853365
0.000878458
0.000903792
0.000928461
0.000950891
0.000972315
0.000993704
0.00101397
0.00103503
0.00105296
0.0010718
0.00108923
0.00110544
0.00112208
0.0011371
0.00115144
0.00116598
0.00118016
0.00119284
0.00120507
0.00121636
0.00122777
0.00123899
0.00124932
0.00125939
0.00126914
0.00127825
0.00128711
0.00129569
0.00130408
0.00131224
0.00131973
0.00132681
0.00133345
0.00133959
0.00134541
0.00135088
0.00135575
0.00136037
0.00136465
0.00136851
0.00137179
0.00137491
0.00137763
0.00138001
0.00138196
0.00138361
0.00138495
0.00138601
0.00138673
0.00138721
0.00138744
0.00138743
0.00138717
0.00138672
0.00138606
0.00138512
0.0013838
0.00138228
0.00138078
0.00137908
0.00137729
0.00137524
0.00137294
0.00137086
0.00136841
0.00136604
0.00136362
0.00136093
0.00135756
0.00135448
0.00135155
0.00134804
0.00134481
0.00134145
0.00133799
0.00133446
0.0013306
0.00132692
0.00132296
0.00131925
0.00131539
0.00131154
0.00130745
0.0013034
0.00129912
0.00129504
0.00129071
0.00128638
0.00128203
0.00127765
0.00127308
0.00126867
0.00126391
0.00125914
0.00125439
0.00124959
0.00124495
0.00124029
0.00123488
0.00122937
0.00122438
0.00121938
0.00121417
0.00120897
0.00120353
0.00119812
0.00119269
0.00118534
0.00117994
0.00117436
0.00116885
0.00116325
0.00115778
0.00115203
0.00114637
0.0011405
0.00113465
0.00112873
0.00112266
0.0011165
0.00111059
0.00110463
0.0010986
0.00109232
0.00108596
0.00107972
0.00107355
0.00106712
0.00106046
0.00105231
0.00104525
0.00103838
0.0010313
0.00102437
0.00101713
0.00100938
0.00100217
0.000994673
0.000987031
0.000979187
0.000971078
0.000960416
0.000952171
0.000943641
0.000935024
0.000925375
0.00091522
0.000905267
0.000894773
0.00088335
0.000872953
0.000861638
0.000850373
0.000839087
0.000827201
0.000814621
0.000801846
0.000787598
0.00077038
0.000756056
0.000741541
0.000725302
0.00070687
0.000684794
0.000664008
0.000643292
0.000619823
0.00059877
0.000577026
0.000555793
0.000530752
0.000505147
0.000481134
0.000456963
0.00043026
0.000401694
0.000371441
0.000342576
0.000311662
0.000277567
0.000245375
0.000210113
0.00017416
0.000135366
9.80859e-05
5.69387e-05
1.57383e-05
-3.05445e-05
-7.76639e-05
-0.000126402
-0.000171952
-0.000219871
-0.000269919
-0.000323613
-0.00037504
-0.000427137
-0.000483372
-0.000539375
-0.000598301
-0.000655797
-0.000715502
-0.000774264
-0.000838729
-0.000901418
-0.000963364
-0.00102846
-0.00109283
-0.00116096
-0.00123349
-0.00130033
-0.00136576
-0.0014353
-0.00149948
-0.00156279
-0.00162947
-0.00169108
-0.00174739
-0.00179815
-0.00184169
-0.00187875
-0.00190767
-0.00192877
-0.00194112
-0.00194595
-0.00194363
-0.00193454
-0.00191964
-0.00190233
-0.00188239
-0.00186049
-0.00183685
-0.00181138
-0.00178491
-0.00175845
-0.00173064
-0.00169738
-0.00166442
-0.00162807
-0.00158718
-0.00154187
-0.00149393
-0.00143974
-0.00138256
-0.00132149
-0.00125586
-0.00118826
-0.00112186
-0.00105004
-0.000976528
-0.00089544
-0.000816875
-0.000734366
-0.000649351
-0.000567997
-0.000483307
-0.000381305
-0.000295308
-0.000178776
-0.000102513
-5.66999e-06
6.49978e-05
0.000134916
0.000199518
0.000263233
0.000328755
0.000384935
0.000445142
0.000509284
0.000567299
0.000624375
0.000678147
0.00072556
0.000771545
0.000816076
0.000852995
0.000887389
0.000919653
0.000951808
0.000982622
0.00101178
0.00103748
0.00106311
0.00108745
0.00111159
0.00113329
0.00115329
0.00117579
0.00119459
0.00121467
0.00123243
0.0012496
0.00126631
0.00128207
0.00129687
0.00131159
0.00132615
0.00134081
0.00135642
0.00137218
0.00138856
0.00140622
0.00142696
0.00144524
0.00146539
0.00148644
0.00150735
0.00152891
0.00155138
0.00157462
0.00159695
0.0016202
0.00164279
0.00166764
0.00169202
0.00171751
0.00174329
0.00177036
0.00179661
0.00182796
0.00185525
0.00188358
0.00191334
0.00194458
0.00197486
0.00200665
0.00203898
0.00207159
0.00210434
0.00213723
0.00217139
0.0022049
0.0022388
0.00227436
0.00230809
0.00234042
0.00237529
0.00240954
0.00244358
0.00248149
0.00251953
0.00256581
0.00260478
0.00264343
0.00267987
0.00271686
0.00275417
0.00279844
0.00283637
0.00287513
0.0029132
0.00295137
0.00298876
0.00302624
0.00306264
0.00310206
0.00313921
0.00317777
0.00321679
0.00325233
0.00328891
0.00332387
0.00335993
0.00339751
0.00343116
0.00346355
0.00349461
0.00352676
0.00355652
0.00358311
0.0036066
0.00362802
0.00364861
0.00366465
0.00367675
0.00368427
0.00368823
0.00368829
0.00368451
0.00367697
0.00366366
0.00365107
0.00363691
0.00361794
0.00359819
0.00357667
0.00355273
0.00352277
0.00349353
0.00346326
0.00343112
0.00339929
0.00336418
0.0033271
0.00328863
0.00325023
0.00320827
0.00316363
0.00312051
0.00307338
0.00302827
0.00298204
0.00293211
0.00287535
0.0028146
0.00276281
0.00270283
0.00264232
0.00258811
0.0025337
0.00247586
0.00241315
0.00235555
0.00229428
0.00223599
0.00217849
0.00212081
0.00206322
0.00199707
0.00193464
0.00184995
0.00179012
0.00172965
0.00166894
0.00160943
0.00154417
0.0014815
0.0014226
0.00136484
0.00130678
0.00124991
0.00119065
0.00113145
0.00106765
0.00100689
0.000947783
0.000890051
0.000827391
0.000765406
0.000706046
0.000648331
0.000593317
0.00054022
0.000484591
0.000429459
0.000375175
0.000321622
0.000269485
0.000218007
0.000171529
0.000126953
8.37789e-05
4.16564e-05
5.73128e-06
-2.61199e-05
-5.16019e-05
-7.16139e-05
-8.67104e-05
-9.53945e-05
-9.70295e-05
-9.26787e-05
-8.17434e-05
-6.51526e-05
-4.18246e-05
-1.22414e-05
1.8581e-05
5.68306e-05
9.44287e-05
0.000135375
0.000176465
0.000217253
0.000260233
0.000300111
0.000338573
0.000378615
0.000416723
0.000453952
0.000485898
0.000522154
0.000553117
0.000592226
0.000628746
0.000658765
0.000681344
0.000702298
0.000719357
0.00073522
0.00074826
0.000759689
0.00076932
0.000777087
0.000782542
0.000785885
0.000787404
0.000787019
0.000784977
0.000781039
0.000775429
0.000767696
0.000758227
0.000747461
0.000733318
0.000719797
0.000703933
0.000683868
0.000665
0.000645629
0.000625255
0.000602985
0.00057963
0.000551932
0.000526247
0.000498872
0.000467419
0.000437904
0.000408995
0.000377059
0.000343528
0.000310959
0.000279312
0.000244454
0.000208932
0.000170404
0.000133531
9.57369e-05
5.74586e-05
2.08994e-05
-1.69259e-05
-6.44513e-05
-0.000105476
-0.000145638
-0.000185414
-0.00022435
-0.000263921
-0.000303668
-0.000339119
-0.00037522
-0.000408148
-0.000436436
-0.000460214
-0.000476383
-0.000486167
-0.000489877
-0.000485876
-0.000474639
-0.000458069
-0.000435563
-0.00040939
-0.000381225
-0.000349537
-0.000316375
-0.000285985
-0.000255976
-0.00022565
-0.000198407
-0.000173975
-0.000151067
-0.000126491
-0.000105138
-8.49975e-05
-6.43469e-05
-4.35126e-05
-2.32006e-05
-3.33295e-06
1.7148e-05
3.82819e-05
5.9474e-05
8.08487e-05
0.000100437
0.000120026
0.000138672
0.000155307
0.000170939
0.000184594
0.000197649
0.000208336
0.00021768
0.000225996
0.00023336
0.000240622
0.000248592
0.000257416
0.000269368
0.00028499
0.000301651
0.000322227
0.000344687
0.000370287
0.000397393
0.000428497
0.000459273
0.000490711
0.000524416
0.000561878
0.000601824
0.000642488
0.000684087
0.00072981
0.000771297
0.000811395
0.000851213
0.000896403
0.000929429
0.00095936
0.000998153
0.0010222
0.00104229
0.0010591
0.00107229
0.001083
0.00109069
0.00109653
0.00110036
0.00110227
0.00110211
0.00109984
0.00109557
0.00108898
0.00108028
0.00106779
0.00105504
0.0010403
0.00102432
0.00100668
0.000987398
0.000966357
0.000944604
0.000921741
0.000888933
0.000861657
0.000834739
0.000805487
0.000775605
0.00074346
0.000708951
0.000676218
0.000642621
0.000607571
0.000571776
0.000537379
0.000492689
0.000444212
0.000408182
0.00037087
0.000333973
0.000295282
0.000256908
0.000219777
0.000182249
0.000141842
0.000103575
6.66538e-05
1.81308e-05
-1.99913e-05
-5.35199e-05
-8.79961e-05
-0.000121631
-0.000153665
-0.000186172
-0.000218597
-0.000248864
-0.000278487
-0.00030635
-0.0003333
-0.000362355
-0.000389295
-0.00041552
-0.000441037
-0.000465769
-0.000490017
-0.000512009
-0.000533593
-0.000553979
-0.000574717
-0.000594231
-0.000613755
-0.000632463
-0.000651481
-0.00066952
-0.00068758
-0.00070555
-0.000722891
-0.000743483
-0.000762782
-0.000780837
-0.000797212
-0.000814724
-0.00083188
-0.000849073
-0.000863168
-0.000876858
-0.000889183
-0.000901393
-0.000912838
-0.000922345
-0.000930724
-0.000937587
-0.000944478
-0.000949755
-0.000954072
-0.000958277
-0.000961771
-0.000964625
-0.000967003
-0.00096885
-0.000970267
-0.000970922
-0.000970645
-0.000969173
-0.000965962
-0.00096086
-0.000952183
-0.000941568
-0.000926084
-0.00090953
-0.000886968
-0.000856227
-0.000824202
-0.000786092
-0.000741174
-0.000689909
-0.000635474
-0.000572261
-0.000503624
-0.000429792
-0.000350671
-0.00025768
-0.00016626
-7.20367e-05
2.17317e-05
0.000121629
0.000248986
0.000354109
0.000467426
0.000582277
0.000703538
0.000842529
0.000963128
0.00109539
0.0012285
0.00134135
0.00144901
0.00164995
0.00183986
0.0020245
0.00220209
0.00236604
0.00252995
0.00268561
0.00284555
0.00299075
0.00311757
0.00323651
0.00334308
0.00343266
0.00347356
0.00353596
0.0035593
0.00357489
0.00358101
0.00357695
0.00356452
0.00354487
0.00351685
0.00348055
0.00343486
0.00338063
0.00331735
0.00324332
0.00316348
0.00306876
0.00296632
0.00286605
0.00275625
0.00263984
0.00251466
0.00238185
0.00224454
0.00210397
0.00195762
0.00180697
0.00158521
0.00138648
0.00121089
0.000977845
0.000791587
0.000610208
0.000427137
0.000266202
0.000108499
-6.18235e-05
-0.000227662
-0.000394136
-0.000554734
-0.000712945
-0.000871251
-0.00103956
-0.00121086
-0.00137438
-0.00153295
-0.00168388
-0.00183576
-0.00198541
-0.00213892
-0.00228454
-0.00243015
-0.00257229
-0.00270459
-0.0028414
-0.00296211
-0.00307932
-0.00321056
-0.00331666
-0.00341914
-0.00351331
-0.00360533
-0.00369059
-0.00377179
-0.00384628
-0.00391753
-0.00398104
-0.00404006
-0.00409132
-0.00413658
-0.00417638
-0.00420748
-0.00423268
-0.00425223
-0.00426585
-0.00427453
-0.00427606
-0.00427191
-0.004262
-0.0042465
-0.00422535
-0.00419999
-0.00416976
-0.00413344
-0.00409447
-0.00405145
-0.00400315
-0.00395207
-0.00390065
-0.00384334
-0.00378298
-0.00371615
-0.00365016
-0.00358326
-0.0035146
-0.00343248
-0.00336539
-0.00329193
-0.00321946
-0.00314352
-0.00306961
-0.00299963
-0.00292558
-0.00285283
-0.0027773
-0.00270582
-0.00263528
-0.00256459
-0.00249534
-0.00242436
-0.00235733
-0.00229494
-0.00223101
-0.00217243
-0.00211193
-0.00205413
-0.00200074
-0.00194705
-0.00189514
-0.00184526
-0.00179651
-0.00175047
-0.00170602
-0.00166203
-0.00162368
-0.00159062
-0.00156138
-0.00153347
-0.00150748
-0.00148161
-0.00146125
-0.00144235
-0.00142831
-0.00141915
-0.00141366
-0.00141205
-0.00141368
-0.00141822
-0.00142577
-0.00143497
-0.00144719
-0.00146102
-0.00148225
-0.00151473
-0.00155559
-0.00159895
-0.00164569
-0.00168613
-0.00173117
-0.00179282
-0.00186001
-0.00191209
-0.00195632
-0.00200354
-0.00205059
-0.00209852
-0.00214723
-0.00219673
-0.00224748
-0.00229774
-0.00234638
-0.00239727
-0.00245122
-0.00250123
-0.00255441
-0.00262333
-0.00267608
-0.00273042
-0.00278389
-0.00283515
-0.00288952
-0.00294262
-0.00299411
-0.00304565
-0.00309747
-0.00315546
-0.00320586
-0.00325551
-0.0033099
-0.00335772
-0.00340431
-0.00345148
-0.00349936
-0.00354484
-0.00359024
-0.00363495
-0.00367754
-0.00372139
-0.00376471
-0.00380624
-0.00384673
-0.00388794
-0.00393021
-0.00396639
-0.00400297
-0.00403739
-0.00407179
-0.00410391
-0.00413411
-0.0041642
-0.00419357
-0.00422173
-0.00424925
-0.00427376
-0.00429665
-0.00431875
-0.00434001
-0.00436088
-0.00437974
-0.00439659
-0.0044112
-0.00442449
-0.00443571
-0.00444522
-0.00445333
-0.00445948
-0.00446414
-0.0044671
-0.00446811
-0.00446705
-0.00446376
-0.00445766
-0.0044489
-0.00443787
-0.00442175
-0.00439587
-0.00437435
-0.00434782
-0.00432242
-0.004293
-0.00426104
-0.00422625
-0.0041638
-0.00409981
-0.00403206
-0.00395885
-0.00387425
-0.00382748
-0.00374098
-0.00364807
-0.00355753
-0.00346726
-0.00337641
-0.00328078
-0.00318164
-0.00308758
-0.00299132
-0.00288645
-0.00279434
-0.00270258
-0.00261074
-0.00252096
-0.00243301
-0.00235659
-0.0022766
-0.00220416
-0.00212824
-0.00206326
-0.00200735
-0.00195433
-0.00190591
-0.00186328
-0.00182757
-0.00179784
-0.00177476
-0.00175835
-0.00174802
-0.00174451
-0.00174767
-0.0017575
-0.00177395
-0.00179786
-0.00182793
-0.00186191
-0.00190233
-0.00195001
-0.00200417
-0.00206385
-0.0021238
-0.00219086
-0.00226211
-0.00233764
-0.00241334
-0.00249779
-0.00258202
-0.00267324
-0.00276041
-0.00284891
-0.00293805
-0.0030289
-0.00311932
-0.00322046
-0.00331507
-0.00340792
-0.00350297
-0.00360068
-0.00369309
-0.0037852
-0.00384389
-0.00389978
-0.0040145
-0.00411552
-0.00417248
-0.00426563
-0.0043196
-0.00439619
-0.00446997
-0.00454496
-0.00461574
-0.00468186
-0.00474682
-0.00480737
-0.00486379
-0.0049203
-0.00497358
-0.00502384
-0.00506941
-0.00511388
-0.00515588
-0.00519298
-0.00522635
-0.00525786
-0.00528655
-0.00531221
-0.0053353
-0.00535833
-0.0053775
-0.00539398
-0.0054077
-0.00541983
-0.00543021
-0.00543809
-0.00544427
-0.0054492
-0.00545249
-0.0054545
-0.0054552
-0.00545461
-0.00545296
-0.00545026
-0.00544665
-0.00544213
-0.00543697
-0.00543091
-0.00542469
-0.00541819
-0.00541158
-0.00540408
-0.00539726
-0.00539062
-0.00538432
-0.00537803
-0.00537208
-0.00536664
-0.00536161
-0.0053572
-0.00535332
-0.00535007
-0.00534755
-0.00534576
-0.00534499
-0.00534507
-0.00534609
-0.00534792
-0.00535056
-0.00535384
-0.00535824
-0.00536111
-0.00536448
-0.00536959
-0.00537939
-0.0053841
-0.00539415
-0.00540423
-0.00541538
-0.00542742
-0.00544
-0.00545351
-0.00546799
-0.00548288
-0.00549862
-0.00551583
-0.00552546
-0.00554325
-0.00556281
-0.0055833
-0.00559441
-0.005616
-0.00563906
-0.00566267
-0.00567528
-0.00569962
-0.00571219
-0.00572494
-0.00573808
-0.00576347
-0.00578891
-0.00581585
-0.00583018
-0.00585792
-0.0058859
-0.00590071
-0.00591669
-0.00593245
-0.00595471
-0.00597666
-0.00599409
-0.00601228
-0.00603104
-0.00605209
-0.00609235
-0.00611496
-0.00613945
-0.00616372
-0.00618993
-0.00621811
-0.00624846
-0.00628073
-0.00631225
-0.00634597
-0.00638073
-0.00641633
-0.00645545
-0.00649317
-0.00653295
-0.00657527
-0.00661908
-0.00666699
-0.0067154
-0.00676153
-0.00681126
-0.00686185
-0.00691412
-0.00696766
-0.00702036
-0.00708035
-0.00713626
-0.0071904
-0.00724917
-0.00730563
-0.00736597
-0.00742825
-0.00749089
-0.00755046
-0.00761144
-0.00767189
-0.00773839
-0.00780744
-0.00787609
-0.00794546
-0.00801195
-0.0080811
-0.00815479
-0.00821913
-0.00828343
-0.00834794
-0.00842161
-0.00850293
-0.00858215
-0.00865807
-0.00872974
-0.00879978
-0.00886986
-0.00893902
-0.00899926
-0.00905917
-0.00911845
-0.00917765
-0.00923719
-0.00929758
-0.00935546
-0.00941645
-0.00947334
-0.00953074
-0.00958607
-0.00963993
-0.00969378
-0.00974575
-0.00980158
-0.00985581
-0.0099051
-0.00995665
-0.0100057
-0.0100524
-0.010099
-0.0101426
-0.0101851
-0.0102268
-0.0102685
-0.0103053
-0.0103412
-0.0103768
-0.0104128
-0.010444
-0.0104737
-0.0105018
-0.0105304
-0.010557
-0.0105836
-0.0106146
-0.0106364
-0.0106568
-0.0106741
-0.0106892
-0.0107022
-0.0107145
-0.0107242
-0.0107319
-0.0107379
-0.0107421
-0.0107441
-0.0107439
-0.0107414
-0.0107364
-0.0107293
-0.0107192
-0.0107062
-0.0106919
-0.0106744
-0.0106551
-0.010632
-0.0106084
-0.0105822
-0.0105542
-0.0105252
-0.0104939
-0.0104636
-0.01043
-0.0103957
-0.0103571
-0.0103195
-0.0102835
-0.0102446
-0.0102037
-0.0101607
-0.0101208
-0.0100793
-0.0100405
-0.00999995
-0.00996075
-0.00992028
-0.00988115
-0.00984156
-0.00980475
-0.00976488
-0.00972937
-0.00969441
-0.00966066
-0.0096283
-0.00959814
-0.00956692
-0.00953917
-0.00951263
-0.00948835
-0.00946548
-0.00944492
-0.00942641
-0.00941023
-0.00939165
-0.00937729
-0.0093656
-0.00935641
-0.0093501
-0.00934715
-0.00934677
-0.00934867
-0.00935288
-0.00935919
-0.00936721
-0.00937709
-0.0093884
-0.00940138
-0.00941675
-0.00943293
-0.00945053
-0.00946868
-0.00948955
-0.00951122
-0.0095336
-0.00955645
-0.00957796
-0.00960059
-0.00962455
-0.00964457
-0.00966383
-0.00967993
-0.00969515
-0.00970887
-0.00971965
-0.00972794
-0.00973232
-0.00973304
-0.00972963
-0.00972177
-0.00970982
-0.00969266
-0.00966999
-0.0096407
-0.00960859
-0.00956935
-0.00952424
-0.00947414
-0.00941627
-0.00935149
-0.00927846
-0.00920308
-0.00911973
-0.00903333
-0.00893417
-0.00883303
-0.00872085
-0.00860387
-0.0084776
-0.00835304
-0.0082234
-0.00809292
-0.00796002
-0.00782283
-0.00767618
-0.00752338
-0.00738093
-0.00722958
-0.00707351
-0.00692388
-0.00676791
-0.00661456
-0.00643877
-0.00628387
-0.00611931
-0.0059446
-0.00578271
-0.00562216
-0.0054518
-0.00528949
-0.00512062
-0.00496592
-0.00480975
-0.00465249
-0.00450571
-0.00435053
-0.00420436
-0.00405089
-0.00389614
-0.00375265
-0.00359934
-0.00345273
-0.00330445
-0.00316122
-0.00301907
-0.00287944
-0.00273785
-0.00259775
-0.00245464
-0.00231835
-0.00217753
-0.00205007
-0.00192045
-0.00178212
-0.00162858
-0.00147663
-0.00132772
-0.00116324
-0.00101975
-0.000882471
-0.000747642
-0.000625345
-0.000503721
-0.000383069
-0.000263346
-0.000142906
-2.32864e-05
9.42316e-05
0.00021112
0.000331974
0.000447081
0.00055928
0.000678008
0.000794714
0.000910331
0.00102787
0.00113571
0.00125936
0.00137183
0.00148346
0.00159322
0.00170498
0.00182416
0.00192695
0.00203319
0.00215579
0.00226683
0.00237115
0.00247591
0.00258043
0.00268642
0.00279152
0.00289651
0.00300223
0.0031076
0.00321182
0.00331751
0.0034227
0.00353078
0.00363832
0.00375144
0.00386222
0.003993
0.00412596
0.00425585
0.00437175
0.0044869
0.00459546
0.00470276
0.00481685
0.00492864
0.00504176
0.00515344
0.0052899
0.00539531
0.00551304
0.00562886
0.00574225
0.00585706
0.00597562
0.00609376
0.00620556
0.00631733
0.00643033
0.00654179
0.00665897
0.00677401
0.00689
0.00701565
0.0071407
0.00726334
0.00737723
0.00749914
0.00761579
0.00773458
0.00785393
0.00797332
0.00808527
0.00820447
0.0083292
0.0084461
0.00856226
0.00867936
0.00879765
0.00891321
0.00903428
0.00915859
0.00927895
0.00939395
0.00950612
0.0096188
0.00973981
0.00986624
0.00998314
0.0101148
0.0102655
0.0104098
0.0105602
0.0106955
0.0108372
0.0109699
0.0110992
0.0112188
0.0113399
0.0114527
0.0115667
0.0116809
0.011802
0.0119249
0.0120651
0.0121786
0.0122932
0.0124091
0.012525
0.0126358
0.0127533
0.0128692
0.0129849
0.0131006
0.0132213
0.0133472
0.0134593
0.0135726
0.0137061
0.0138313
0.0139397
0.0140486
0.014153
0.0142552
0.0143514
0.0144457
0.0145355
0.0146248
0.0147136
0.0147988
0.014892
0.0149805
0.0150706
0.0151575
0.0152431
0.0153312
0.0154295
0.0155149
0.0155979
0.015683
0.0157694
0.0158581
0.0159413
0.0160239
0.0161029
0.0161789
0.0163304
0.0164756
0.0165495
0.0166212
0.0166995
0.0167701
0.0168388
0.0169122
0.0169782
0.0170509
0.017113
0.0171755
0.0172859
0.0173885
0.0174884
0.0175386
0.0176295
0.0177069
0.0177789
0.0178391
0.0178851
0.0179233
0.0179541
0.0179753
0.0179869
0.0179913
0.0179898
0.0179845
0.017969
0.0179574
0.017943
0.0179135
0.0178795
0.0178416
0.0177986
0.0177723
0.0177458
0.0177159
0.0176865
0.0176542
0.0176212
0.0175887
0.0175557
0.0175228
0.0174646
0.0174329
0.0173741
0.0173149
0.0172532
0.0171946
0.0171638
0.0171063
0.0170503
0.0169956
0.0169437
0.0168955
0.0168704
0.0168426
0.0168191
0.0167778
0.016756
0.0167138
0.0166943
0.0166742
0.0166414
0.016611
0.0165953
0.0165677
0.0165429
0.0165197
0.0164967
0.0164752
0.0164532
0.0164314
0.0164093
0.0163862
0.0163598
0.016331
0.0163016
0.0162686
0.016233
0.0161936
0.0161509
0.0161036
0.0160522
0.0159981
0.0159647
0.0159006
0.0158347
0.0157695
0.0156954
0.0156194
0.0155384
0.015456
0.0153669
0.0152736
0.0151841
0.0150841
0.0149815
0.0149273
0.0148264
0.0147245
0.0146163
0.014507
0.0144486
0.0143394
0.0142279
0.0141036
0.01404
0.0139705
0.0139003
0.0138341
0.0137643
0.0137051
0.013635
0.0135674
0.0135076
0.0133945
0.0132807
0.0132195
0.0131581
0.0130917
0.0130311
0.0129125
0.0127958
0.0127343
0.0126663
0.0125493
0.0124314
0.0123076
0.0121819
0.0120543
0.0119325
0.01181
0.0117387
0.0116135
0.01149
0.0113663
0.0113013
0.0112331
0.0111678
0.0111047
0.0109818
0.0109182
0.0107978
0.010674
0.0106116
0.0104939
0.0104281
0.0103109
0.0102485
0.0101878
0.0101268
0.0100099
0.00989055
0.00977842
0.0097175
0.00960898
0.00949776
0.00938778
0.00928147
0.00917881
0.00912264
0.0090169
0.00890914
0.00880499
0.00870743
0.0086056
0.00855308
0.00848183
0.00838272
0.00833113
0.00827169
0.00817423
0.00807617
0.00802456
0.00796753
0.00791114
0.00781649
0.00776605
0.00766404
0.00756211
0.00750951
0.00741261
0.00731344
0.00726167
0.00720064
0.00714236
0.00708691
0.00702643
0.00694322
0.00688593
0.00682657
0.00676516
0.00670765
0.0066539
0.0065991
0.00649413
0.00644023
0.00638414
0.00632695
0.00626609
0.00619831
0.00609163
0.00603328
0.00597672
0.00591654
0.00585383
0.00579485
0.0056804
0.00561898
0.00555084
0.00548616
0.00535071
0.00527724
0.00520576
0.00513176
0.00505514
0.00496753
0.00489
0.00481046
0.00472954
0.00457216
0.00449206
0.00432757
0.00424647
0.00412697
0.00403953
0.00387239
0.00378715
0.00370159
0.00361627
0.00345089
0.00336601
0.00328195
0.00319676
0.00311221
0.00302005
0.00293531
0.00285627
0.00277892
0.00270233
0.00256108
0.00248834
0.00241643
0.00234998
0.00228392
0.00222161
0.00216094
0.00210114
0.00204623
0.00199575
0.00194482
0.00189872
0.00185405
0.00181236
0.00177366
0.00173854
0.00170405
0.00167391
0.00164616
0.00162216
0.00160097
0.00158368
0.0015699
0.00156065
0.00155489
0.0015538
0.00155715
0.00156457
0.00157612
0.0015919
0.00161174
0.00163535
0.00166258
0.00169321
0.00172754
0.0017649
0.0018059
0.00185135
0.00189829
0.00194738
0.00200002
0.00205248
0.00210704
0.00216546
0.00222305
0.002281
0.00234116
0.00240367
0.00248126
0.00255973
0.00264009
0.00272361
0.00279469
0.00286419
0.00293856
0.003012
0.00307316
0.00319059
0.00330552
0.00336384
0.00347392
0.00352737
0.00358137
0.00363058
0.00367453
0.00371712
0.00375979
0.00379965
0.00383652
0.00387142
0.00391054
0.0039424
0.00396757
0.00398795
0.00402125
0.00404887
0.00406133
0.0040686
0.00407253
0.00407319
0.00407088
0.00406218
0.00405566
0.00404653
0.0040348
0.00402039
0.00400422
0.00396989
0.00394932
0.00390568
0.00388209
0.00385696
0.0038309
0.00380342
0.00377576
0.00374491
0.00371386
0.00368368
0.00365377
0.00362285
0.00359173
0.0035618
0.00353266
0.00347548
0.00341714
0.00338791
0.00335904
0.00333222
0.00330613
0.00327464
0.00322833
0.00320447
0.00318194
0.00316148
0.00314308
0.00312581
0.00309509
0.00308091
0.0030686
0.00304915
0.00304097
0.00302879
0.00302031
0.00301778
0.00301751
0.0030198
0.00302345
0.00302865
0.00303618
0.00304474
0.00305457
0.00307627
0.00308861
0.00310268
0.00312157
0.0031392
0.00315823
0.00319945
0.00322216
0.00324564
0.00327014
0.0032954
0.00332144
0.00335263
0.00338257
0.00341605
0.00345273
0.00348753
0.00352078
0.00355496
0.0035867
0.00362274
0.00366058
0.00369191
0.00372153
0.00375066
0.0037921
0.00385187
0.00388229
0.00391324
0.00395541
0.00401774
0.00405073
0.0040844
0.00415439
0.00423354
0.00430499
0.00434441
0.00438571
0.00443227
0.00447956
0.00457456
0.00462606
0.00468143
0.0047377
0.00479578
0.00485739
0.00498162
0.00505353
0.00512703
0.00527935
0.00544736
0.00554051
0.00573619
0.00594836
0.00606245
0.00618795
0.00631878
0.00645477
0.00672837
0.00687875
0.00703618
0.00721546
0.00738537
0.0077673
0.00811662
0.00830125
0.00849338
0.00869962
0.00909409
0.00930971
0.00957241
0.00978905
0.0100121
0.0102359
0.0104691
0.0107022
0.0109309
0.0111641
0.011401
0.0116461
0.0118696
0.0121003
0.0125498
0.0127743
0.0130026
0.0132311
0.0136504
0.0138648
0.0140796
0.0142947
0.0145028
0.0147089
0.0149038
0.015099
0.0152934
0.0154855
0.0158217
0.0159911
0.0161562
0.0163174
0.0164735
0.0166267
0.0167732
0.0170453
0.0173195
0.0175883
0.0178657
0.0180271
0.0181675
0.0183123
0.0184463
0.0185919
0.0187232
0.0188526
0.0189974
0.0191249
0.019353
0.019584
0.0198141
0.0200353
0.0202675
0.0204847
0.0206953
0.0208951
0.0210871
0.021269
0.021469
0.0216346
0.0217954
0.0219454
0.0220239
0.0221038
0.0222295
0.0222952
0.0224093
0.022465
0.0225618
0.0226533
0.0226959
0.0227644
0.0228299
0.0228839
0.0229098
0.0229316
0.0229502
0.0229686
0.0229804
0.0229965
0.0230074
0.0230121
0.0230107
0.0230017
0.0229883
0.0229696
0.0229577
0.0229317
0.0229038
0.0228882
0.0228717
0.0228554
0.0228236
0.0227924
0.0227637
0.0227362
0.0227098
0.0226849
0.0226628
0.022644
0.0226349
0.022629
0.0226228
0.0226213
0.0226251
0.0226354
0.0226515
0.0226757
0.0227076
0.0227463
0.0227905
0.0228459
0.0228838
0.0229191
0.0229663
0.0230096
0.0230518
0.0230954
0.0231409
0.0231899
0.0232853
0.0233836
0.0234847
0.0235929
0.0237051
0.0238174
0.0238832
0.0240084
0.0241362
0.0242611
0.0243277
0.0243956
0.0245215
0.0245912
0.0247203
0.0247895
0.0249155
0.0250356
0.0251736
0.0252939
0.0254052
0.0255115
0.0256077
0.025707
0.0257972
0.0258841
0.0259637
0.0260025
0.0260707
0.0261337
0.0261898
0.0262473
0.0262937
0.0263349
0.0263709
0.0264014
0.0264275
0.0264489
0.0264667
0.0264809
0.026493
0.0265014
0.026507
0.0265103
0.0265118
0.0265115
0.0265101
0.0265077
0.0265049
0.0265019
0.0264989
0.0264962
0.026494
0.0264924
0.0264918
0.0264921
0.0264936
0.0264955
0.0264999
0.0265055
0.0265124
0.0265173
0.0265235
0.0265303
0.0265373
0.026545
0.0265541
0.0265634
0.0265738
0.026584
0.0266047
0.026628
0.0266522
0.0266792
0.0267094
0.0267424
0.0267784
0.026817
0.0268574
0.026903
0.0269491
0.0269997
0.0270561
0.0271127
0.0271731
0.0272382
0.0273094
0.0273492
0.0274245
0.0274669
0.027542
0.0276196
0.0276927
0.0277698
0.0278467
0.0279256
0.0280022
0.028078
0.0281552
0.0282387
0.0283176
0.0283954
0.0284736
0.0285581
0.0286369
0.0287136
0.0287927
0.0288735
0.0289503
0.0290229
0.0290953
0.0291685
0.0292387
0.0293072
0.0293729
0.029436
0.0294987
0.0295598
0.0296212
0.0296778
0.0297303
0.0297861
0.0298365
0.0298827
0.0299257
0.0299678
0.0300114
0.0300486
0.0300832
0.0301153
0.0301537
0.0301827
0.0302054
0.0302253
0.0302427
0.0302568
0.0302678
0.0302766
0.0302819
0.030284
0.0302831
0.0302789
0.0302716
0.0302608
0.0302414
0.0302162
0.0301824
0.0301521
0.0301196
0.0300806
0.0300433
0.030004
0.0299603
0.029915
0.0298693
0.029818
0.0297591
0.0297013
0.0296419
0.0295808
0.0295158
0.0294501
0.029382
0.0293152
0.0292447
0.0291647
0.0290908
0.0290111
0.0289255
0.028845
0.0287554
0.0286682
0.0285799
0.0284887
0.0283982
0.0283058
0.0282127
0.0281015
0.0280041
0.0278987
0.0277969
0.0276694
0.0275537
0.0274397
0.0273338
0.0272309
0.0271195
0.0270139
0.0269053
0.0267953
0.0266814
0.0265463
0.0264327
0.0263039
0.0261871
0.0260708
0.0259481
0.0258336
0.0257124
0.025593
0.0254738
0.0253509
0.0252126
0.0250944
0.0249647
0.0248358
0.0247062
0.0245846
0.0244606
0.0243298
0.0241972
0.0240656
0.0239363
0.0238064
0.0236658
0.023526
0.0233949
0.0232507
0.0231044
0.0229604
0.0228149
0.0226581
0.0224789
0.0223129
0.0221259
0.0219334
0.0217459
0.0215698
0.0213636
0.0211813
0.0210033
0.0207974
0.0205959
0.02038
0.0201752
0.0199644
0.0197315
0.0195059
0.0192727
0.018992
0.0187353
0.018459
0.0181976
0.0179175
0.0175839
0.0172718
0.0169819
0.0166381
0.0163414
0.0160406
0.015721
0.0154025
0.0150725
0.0147432
0.0144046
0.0140679
0.013721
0.0133642
0.0129994
0.0126581
0.0122891
0.0119387
0.011576
0.0112101
0.0108126
0.010444
0.010069
0.00967858
0.00920662
0.0087636
0.00834912
0.00793491
0.0074559
0.006994
0.00656779
0.00608988
0.00564312
0.00515437
0.00470466
0.00423242
0.00371009
0.00322993
0.00276155
0.0022898
0.0017877
0.00126773
0.000773583
0.000234588
-0.000272885
-0.000792143
-0.00131556
-0.00186986
-0.00241737
-0.00298339
-0.00359233
-0.00413264
-0.00470649
-0.00528509
-0.00586062
-0.00642755
-0.00702692
-0.00760967
-0.00820271
-0.00880951
-0.00941202
-0.0100521
-0.0106975
-0.0113673
-0.0120389
-0.012668
-0.0133618
-0.014029
-0.0148023
-0.0155819
-0.0163445
-0.0171465
-0.0180373
-0.0188137
-0.0196613
-0.0204772
-0.0213107
-0.0222811
-0.0231751
-0.0243269
-0.0250624
-0.0256997
-0.0279254
-0.0287323
-0.0300327
-0.0308297
-0.0314104
-0.0319986
-0.0327458
-0.0333476
-0.0341689
-0.0347917
-0.035453
-0.0360908
-0.0367505
-0.0379983
-0.0386711
-0.0393382
-0.0399892
-0.0406705
-0.0413981
-0.0421
-0.0427827
-0.0441135
-0.0448426
-0.0455725
-0.046274
-0.0469852
-0.0476843
-0.0484236
-0.0491859
-0.049924
-0.050666
-0.0514291
-0.0521803
-0.0529676
-0.054025
-0.0548653
-0.0556356
-0.0564793
-0.0572675
-0.0580662
-0.0589533
-0.0598062
-0.060641
-0.0614787
-0.0623141
-0.0631628
-0.0639791
-0.0648345
-0.0657274
-0.0666389
-0.0674998
-0.0683689
-0.0692437
-0.0701634
-0.0710893
-0.0720258
-0.0731571
-0.0740893
-0.0749438
-0.0757734
-0.0765999
-0.0774744
-0.0783363
-0.0792155
-0.0800784
-0.080971
-0.0818468
-0.0828008
-0.0836638
-0.0845705
-0.08545
-0.0863487
-0.087213
-0.0882633
-0.0891887
-0.0900874
-0.0909711
-0.0918882
-0.0928308
-0.0937696
-0.0946803
-0.0955848
-0.0964297
-0.0972967
-0.098161
-0.0990484
-0.0999985
-0.100887
-0.101701
-0.102523
-0.10342
-0.104244
-0.105799
-0.10737
-0.108899
-0.109669
-0.111186
-0.11194
-0.112751
-0.114168
-0.115066
-0.115804
-0.116568
-0.117902
-0.11864
-0.119378
-0.120098
-0.120813
-0.122153
-0.123336
-0.124543
-0.125703
-0.126811
-0.127919
-0.129105
-0.129775
-0.130818
-0.131817
-0.132825
-0.133747
-0.134685
-0.135219
-0.136093
-0.13698
-0.137766
-0.138509
-0.139199
-0.139931
-0.140585
-0.141309
-0.141967
-0.142565
-0.143149
-0.143674
-0.144159
-0.144631
-0.145067
-0.14552
-0.145972
-0.146382
-0.146767
-0.147125
-0.147457
-0.147785
-0.148093
-0.14839
-0.148696
-0.149009
-0.149306
-0.149601
-0.1499
-0.150189
-0.150474
-0.150804
-0.151143
-0.151479
-0.151817
-0.152196
-0.152569
-0.152969
-0.153379
-0.153787
-0.154206
-0.154649
-0.155063
-0.155478
-0.155898
-0.156381
-0.156838
-0.157274
-0.157708
-0.158157
-0.158593
-0.159038
-0.159475
-0.159903
-0.160355
-0.160848
-0.161425
-0.16194
-0.162474
-0.162982
-0.163481
-0.163988
-0.164407
-0.164807
-0.165218
-0.165637
-0.166047
-0.166455
-0.16685
-0.167213
-0.16757
-0.167935
-0.168282
-0.168608
-0.168912
-0.169231
-0.169544
-0.169816
-0.170079
-0.170342
-0.170587
-0.170834
-0.171077
-0.171302
-0.171548
-0.171772
-0.171998
-0.172199
-0.172393
-0.172594
-0.172783
-0.172978
-0.173173
-0.173355
-0.173521
-0.173688
-0.173861
-0.174033
-0.174197
-0.174363
-0.174528
-0.174707
-0.174879
-0.175057
-0.175255
-0.175457
-0.175647
-0.175842
-0.176041
-0.176248
-0.176446
-0.176648
-0.176858
-0.177063
-0.177272
-0.177489
-0.1777
-0.177922
-0.178153
-0.178379
-0.178596
-0.178832
-0.179056
-0.179282
-0.179519
-0.179764
-0.180371
-0.18068
-0.18091
-0.181145
-0.181378
-0.181642
-0.181869
-0.182093
-0.182334
-0.182607
-0.182878
-0.183096
-0.183395
-0.183668
-0.183859
-0.18419
-0.184372
-0.184542
-0.184826
-0.185095
-0.185472
-0.185649
-0.185912
-0.186088
-0.186264
-0.186449
-0.186623
-0.186804
-0.186968
-0.187262
-0.187545
-0.187829
-0.188108
-0.188394
-0.188678
-0.188971
-0.189259
-0.189552
-0.189836
-0.190122
-0.190413
-0.190695
-0.190982
-0.191262
-0.191554
-0.191843
-0.192166
-0.19234
-0.192654
-0.192826
-0.193164
-0.19351
-0.193862
-0.194224
-0.194593
-0.195022
-0.195411
-0.195821
-0.19626
-0.196704
-0.197128
-0.197569
-0.198044
-0.19849
-0.198961
-0.19942
-0.199869
-0.200322
-0.200755
-0.201174
-0.201531
-0.201861
-0.202213
-0.20256
-0.202896
-0.203226
-0.203563
-0.203891
-0.204188
-0.204488
-0.204768
-0.205038
-0.205294
-0.205541
-0.205786
-0.206009
-0.206222
-0.206414
-0.206587
-0.206746
-0.20689
-0.207017
-0.207146
-0.207248
-0.20732
-0.207379
-0.20741
-0.20742
-0.207403
-0.20736
-0.207291
-0.207193
-0.207026
-0.206824
-0.206572
-0.20633
-0.206038
-0.205735
-0.205365
-0.205011
-0.204673
-0.204301
-0.203835
-0.203438
-0.203029
-0.202587
-0.202133
-0.201657
-0.201161
-0.200714
-0.200204
-0.199759
-0.199221
-0.19868
-0.198225
-0.197725
-0.197208
-0.196749
-0.196264
-0.195799
-0.19536
-0.194928
-0.1945
-0.194044
-0.193657
-0.193261
-0.192861
-0.192495
-0.19211
-0.191719
-0.191356
-0.190932
-0.19057
-0.190193
-0.189876
-0.189585
-0.189331
-0.189113
-0.188928
-0.188778
-0.188657
-0.188568
-0.188512
-0.188488
-0.188495
-0.188534
-0.188602
-0.188697
-0.188814
-0.18898
-0.189146
-0.189326
-0.189527
-0.189729
-0.189945
-0.190161
-0.190384
-0.190602
-0.190823
-0.191037
-0.191258
-0.191478
-0.191695
-0.191921
-0.192128
-0.192333
-0.192539
-0.192753
-0.192963
-0.193161
-0.193353
-0.193563
-0.193748
-0.193933
-0.194121
-0.194294
-0.194475
-0.194672
-0.194854
-0.195017
-0.195171
-0.195321
-0.195472
-0.195607
-0.195724
-0.195836
-0.195955
-0.19606
-0.196157
-0.196241
-0.196324
-0.196393
-0.196461
-0.196518
-0.196561
-0.196596
-0.196624
-0.196645
-0.196659
-0.196669
-0.196672
-0.196669
-0.196662
-0.196649
-0.196631
-0.19661
-0.196585
-0.196555
-0.196522
-0.196485
-0.196447
-0.196406
-0.196359
-0.19631
-0.196258
-0.196205
-0.196152
-0.1961
-0.19604
-0.195985
-0.195931
-0.195872
-0.195819
-0.195764
-0.195713
-0.19566
-0.19561
-0.195562
-0.195516
-0.195472
-0.195423
-0.195384
-0.195344
-0.19531
-0.195282
-0.195258
-0.195238
-0.195222
-0.195211
-0.195204
-0.195202
-0.195205
-0.195213
-0.195227
-0.195246
-0.195269
-0.1953
-0.195335
-0.195376
-0.195423
-0.195473
-0.195531
-0.195595
-0.195663
-0.195739
-0.195819
-0.195915
-0.196013
-0.19612
-0.196225
-0.196329
-0.196444
-0.196558
-0.196698
-0.196836
-0.196966
-0.197096
-0.19723
-0.197366
-0.197499
-0.197649
-0.197804
-0.197949
-0.198086
-0.198239
-0.198386
-0.198568
-0.198734
-0.198871
-0.198998
-0.199128
-0.199255
-0.199385
-0.199493
-0.199594
-0.199689
-0.199778
-0.199864
-0.199941
-0.200011
-0.200088
-0.200161
-0.200226
-0.200278
-0.200317
-0.200347
-0.20037
-0.200382
-0.200385
-0.20038
-0.200368
-0.200349
-0.200324
-0.200291
-0.200248
-0.200194
-0.200133
-0.200071
-0.20001
-0.199928
-0.199844
-0.199768
-0.199687
-0.199598
-0.199516
-0.199433
-0.199346
-0.199258
-0.19917
-0.199079
-0.198985
-0.198891
-0.198806
-0.198719
-0.198637
-0.198546
-0.198464
-0.198383
-0.198304
-0.198223
-0.198153
-0.198091
-0.198032
-0.197978
-0.197925
-0.197884
-0.197844
-0.19781
-0.197785
-0.197768
-0.197757
-0.197752
-0.197755
-0.197766
-0.197784
-0.197811
-0.197845
-0.197886
-0.197936
-0.198
-0.198067
-0.198138
-0.198225
-0.198317
-0.198413
-0.198517
-0.198619
-0.198744
-0.198901
-0.19903
-0.199169
-0.199313
-0.199481
-0.199643
-0.199825
-0.199996
-0.200163
-0.200355
-0.200535
-0.200703
-0.200886
-0.201064
-0.201266
-0.201459
-0.201657
-0.201849
-0.202042
-0.202241
-0.202447
-0.202658
-0.202871
-0.203071
-0.203271
-0.203471
-0.203696
-0.203897
-0.204093
-0.20431
-0.204506
-0.204701
-0.204895
-0.205094
-0.205292
-0.205487
-0.205693
-0.205928
-0.206141
-0.206331
-0.206542
-0.206725
-0.206905
-0.207076
-0.207245
-0.207389
-0.207534
-0.207671
-0.207815
-0.207954
-0.208075
-0.208193
-0.208309
-0.208418
-0.208525
-0.208622
-0.208716
-0.208809
-0.208899
-0.208983
-0.209068
-0.209137
-0.209203
-0.209267
-0.209329
-0.209385
-0.209434
-0.209481
-0.20952
-0.209556
-0.209588
-0.209614
-0.209636
-0.209653
-0.209667
-0.209678
-0.209684
-0.209687
-0.209686
-0.209681
-0.209674
-0.209663
-0.20965
-0.209629
-0.209609
-0.209586
-0.209559
-0.209531
-0.209502
-0.209463
-0.209429
-0.209395
-0.209361
-0.209324
-0.209287
-0.209246
-0.209209
-0.209168
-0.209109
-0.20907
-0.209012
-0.208972
-0.208931
-0.208894
-0.208849
-0.208803
-0.208767
-0.208733
-0.2087
-0.208654
-0.208614
-0.208581
-0.208555
-0.20853
-0.208509
-0.208489
-0.208464
-0.208448
-0.208434
-0.208424
-0.208416
-0.20841
-0.208406
-0.208406
-0.208408
-0.208413
-0.208422
-0.208433
-0.208448
-0.208471
-0.208499
-0.208525
-0.208552
-0.208582
-0.20862
-0.208659
-0.208699
-0.208738
-0.208783
-0.208838
-0.208901
-0.208962
-0.209037
-0.209092
-0.209148
-0.209225
-0.209286
-0.209348
-0.209406
-0.209486
-0.209546
-0.209602
-0.20966
-0.209717
-0.20978
-0.20984
-0.209901
-0.209962
-0.210025
-0.210089
-0.210149
-0.210212
-0.21028
-0.210344
-0.210407
-0.210476
-0.210542
-0.21061
-0.210678
-0.21075
-0.210823
-0.210898
-0.210972
-0.21105
-0.211129
-0.211212
-0.211296
-0.211383
-0.211471
-0.211562
-0.211656
-0.211748
-0.211886
-0.212031
-0.212131
-0.212243
-0.212363
-0.21247
-0.212589
-0.212702
-0.212809
-0.212921
-0.213041
-0.213151
-0.213268
-0.213385
-0.213502
-0.213618
-0.213726
-0.213842
-0.213951
-0.214074
-0.214187
-0.214296
-0.214415
-0.21453
-0.214634
-0.214735
-0.214838
-0.214939
-0.215031
-0.215129
-0.215217
-0.215304
-0.215386
-0.215466
-0.215542
-0.215618
-0.21569
-0.215763
-0.215831
-0.215902
-0.215969
-0.216032
-0.2161
-0.216162
-0.216232
-0.21632
-0.216391
-0.216466
-0.216549
-0.216652
-0.216771
-0.216884
-0.216979
-0.217094
-0.217211
-0.217328
-0.21748
-0.217626
-0.217764
-0.217918
-0.218076
-0.218274
-0.21848
-0.218755
-0.21901
-0.219266
-0.2195
-0.219772
-0.220041
-0.220298
-0.220563
-0.220817
-0.221097
-0.221375
-0.22165
-0.221959
-0.222378
-0.222697
-0.222998
-0.223326
-0.223678
-0.224085
-0.224406
-0.224704
-0.225036
-0.225357
-0.225708
-0.226074
-0.22649
-0.226842
-0.227182
-0.227519
-0.227849
-0.22818
-0.228517
-0.228846
-0.229156
-0.229472
-0.229778
-0.230084
-0.230394
-0.230706
-0.231041
-0.231403
-0.231706
-0.232047
-0.232459
-0.232829
-0.23314
-0.233455
-0.233762
-0.234063
-0.234372
-0.234659
-0.234982
-0.235308
-0.235601
-0.235904
-0.236216
-0.23652
-0.236836
-0.23719
-0.237536
-0.237901
-0.238278
-0.238676
-0.239111
-0.239567
-0.240054
-0.240589
-0.24111
-0.241675
-0.24228
-0.242884
-0.243533
-0.244213
-0.244909
-0.24567
-0.24646
-0.247284
-0.248083
-0.248901
-0.249428
-0.250314
-0.251273
-0.252197
-0.253106
-0.25408
-0.25499
-0.255923
-0.257004
-0.25757
-0.258147
-0.258894
-0.259414
-0.259965
-0.260475
-0.26101
-0.261598
-0.26252
-0.263016
-0.26384
-0.264587
-0.264986
-0.265701
-0.266384
-0.267028
-0.267641
-0.268206
-0.268725
-0.26898
-0.269425
-0.269844
-0.27023
-0.270416
-0.270751
-0.270939
-0.271091
-0.271225
-0.271353
-0.271472
-0.27158
-0.271684
-0.271777
-0.271866
-0.271948
-0.27202
-0.272083
-0.272135
-0.272185
-0.272231
-0.272256
-0.272269
-0.272271
-0.272263
-0.272244
-0.272216
-0.272181
-0.272132
-0.272078
-0.272017
-0.271947
-0.271867
-0.271781
-0.271685
-0.271582
-0.271462
-0.271324
-0.271182
-0.271022
-0.270858
-0.270687
-0.270498
-0.270303
-0.270089
-0.269858
-0.269616
-0.269371
-0.269114
-0.268834
-0.268525
-0.268245
-0.267967
-0.267679
-0.267382
-0.26709
-0.266789
-0.266499
-0.266208
-0.265911
-0.265619
-0.26534
-0.26505
-0.26478
-0.264514
-0.264253
-0.263985
-0.263745
-0.2635
-0.263269
-0.263036
-0.262818
-0.262617
-0.262417
-0.262223
-0.262043
-0.261882
-0.261705
-0.261514
-0.261363
-0.261246
-0.26114
-0.261052
-0.260968
-0.26091
-0.260877
-0.26086
-0.260856
-0.260866
-0.260888
-0.260922
-0.260965
-0.26102
-0.261085
-0.261169
-0.261263
-0.261372
-0.261477
-0.261598
-0.261732
-0.261877
-0.26203
-0.262195
-0.26237
-0.26256
-0.262736
-0.262919
-0.263107
-0.263316
-0.263526
-0.263741
-0.263953
-0.264175
-0.2644
-0.264634
-0.264859
-0.265094
-0.265325
-0.265551
-0.265781
-0.266009
-0.266243
-0.266488
-0.266716
-0.266944
-0.267178
-0.267414
-0.267698
-0.267943
-0.268165
-0.268385
-0.268621
-0.268845
-0.269066
-0.269275
-0.269483
-0.269688
-0.26988
-0.270067
-0.270251
-0.27043
-0.270606
-0.270771
-0.270932
-0.271084
-0.271234
-0.271374
-0.271516
-0.271644
-0.271771
-0.27189
-0.272002
-0.272105
-0.272205
-0.272299
-0.272387
-0.272472
-0.272546
-0.272628
-0.272693
-0.272749
-0.272801
-0.272856
-0.2729
-0.272937
-0.272971
-0.273
-0.273025
-0.273046
-0.273064
-0.273077
-0.273088
-0.273096
-0.273101
-0.273104
-0.273104
-0.273102
-0.273098
-0.273092
-0.273085
-0.273076
-0.273065
-0.273053
-0.273037
-0.273018
-0.272997
-0.272975
-0.272952
-0.272924
-0.272894
-0.272862
-0.27283
-0.272795
-0.272755
-0.27271
-0.272661
-0.272607
-0.272551
-0.272489
-0.272421
-0.272343
-0.272265
-0.272179
-0.27209
-0.271991
-0.271887
-0.271779
-0.271667
-0.271551
-0.271426
-0.271303
-0.271171
-0.271043
-0.270909
-0.270761
-0.270615
-0.270467
-0.270314
-0.270159
-0.270004
-0.269841
-0.26969
-0.269534
-0.269381
-0.269217
-0.269044
-0.268879
-0.268721
-0.268546
-0.268379
-0.268209
-0.268035
-0.267878
-0.267706
-0.267535
-0.267361
-0.267175
-0.266994
-0.266825
-0.266665
-0.26651
-0.266357
-0.266207
-0.266061
-0.265913
-0.265837
-0.265837
-0.265837
-0.265837
-0.265837
-0.265837
-0.265837
-0.265837
-0.265837
-0.265837
-0.265837
-0.265837
-0.265837
-0.265837
-0.265837
-0.265837
-0.265837
-0.265837
-0.265837
-0.265837
-0.265837
-0.265837
-0.265837
-0.265837
-0.265837
-0.265837
-0.265837
-0.265837
-0.265837
-0.265837
-0.265837
-0.265837
-0.265837
-0.265837
-0.265837
-0.265837
-0.265837
-0.265837
-0.265837
-0.265837
-0.265837
-0.265837
-0.265837
-0.265837
-0.265837
-0.265837
-0.265837
-0.265837
-0.265837
-0.265837
-0.265837
-0.265837
-0.265837
-0.265837
-0.265837
-0.265837
-0.265837
-0.265837
-0.265837
-0.265837
-0.265837
-0.265837
-0.265837
-0.265837
-0.265837
-0.265837
-0.265837
-0.265837
-0.265837
-0.265837
-0.265837
-0.265837
-0.265837
-0.265837
-0.265837
-0.265837
-0.265837
-0.265837
-0.265837
-0.265837
-0.265837
-0.265837
-0.265837
-0.265837
-0.265837
-0.265837
-0.265837
-0.265837
-0.265837
-0.265837
-0.265837
-0.265837
-0.265837
-0.265837
-0.265837
-0.265837
-0.265837
-0.265837
-0.265837
-0.265837
-0.265837
-0.265837
-0.265837
-0.265837
-0.265837
-0.265837
-0.265837
-0.265837
-0.265837
-0.265837
-0.265837
-0.265837
-0.265837
-0.265837
-0.265837
-0.265837
-0.265837
-0.265837
-0.265837
-0.265837
-0.265837
-0.265837
-0.265837
-0.265837
-0.265837
-0.265837
-0.265837
-0.265837
-0.265837
-0.265837
-0.265837
-0.265837
-0.265837
-0.265837
-0.265837
-0.265837
-0.265837
-0.265837
-0.265837
-0.265837
-0.265837
-0.265837
-0.265837
-0.265837
-0.265837
-0.265837
-0.265837
-0.265837
-0.265837
-0.265837
-0.265837
-0.265837
-0.265837
-0.265837
-0.265837
-0.265837
-0.265837
-0.265837
-0.265837
-0.265837
-0.265837
-0.265837
-0.265837
-0.265837
-0.265837
-0.265837
-0.265837
-0.265837
-0.265837
-0.265837
-0.265837
-0.265837
-0.265837
-0.265837
-0.265837
-0.265837
-0.265837
-0.265837
-0.265837
-0.265837
-0.265837
-0.265837
-0.265837
-0.265837
-0.265837
-0.265837
-0.265837
-0.265837
-0.265837
-0.265837
-0.265837
-0.265837
-0.265837
-0.265837
-0.265837
-0.265837
-0.265837
-0.265837
-0.265837
-0.265837
-0.265837
-0.265837
-0.265837
-0.265837
-0.265837
-0.265837
-0.265837
-0.265837
-0.265837
-0.265837
-0.265837
-0.265837
-0.265837
-0.265837
-0.265837
-0.265837
-0.265837
-0.265837
-0.265837
-0.265837
-0.265837
-0.265837
-0.265837
-0.265837
-0.265837
-0.265837
-0.265837
-0.265837
-0.265837
-0.265837
-0.265837
-0.265837
-0.265837
-0.265837
-0.265837
-0.265837
-0.265837
-0.265837
-0.265837
-0.265837
-0.265837
-0.265837
-0.265837
-0.265837
-0.265837
-0.265837
-0.265837
-0.265837
-0.265837
-0.265837
-0.265837
-0.265837
-0.265837
-0.265837
-0.265837
-0.265837
-0.265837
-0.265837
-0.265837
-0.265837
-0.265837
-0.265837
-0.265837
-0.265837
-0.265837
-0.265837
-0.265837
-0.265837
-0.265837
-0.265837
-0.265837
-0.265837
-0.265837
-0.265837
-0.265837
-0.265837
-0.265837
-0.265837
-0.265837
-0.265837
-0.265837
-0.265837
-0.265837
-0.265837
-0.265837
-0.265837
-0.265837
-0.265837
-0.265837
-0.265837
-0.265837
-0.265837
-0.265837
-0.265837
-0.265837
-0.265837
-0.265837
-0.265837
-0.265837
-0.265837
-0.265837
-0.265837
-0.265837
-0.265837
-0.265837
-0.265837
-0.265837
-0.265837
-0.265837
-0.265837
-0.265837
-0.265837
-0.265837
-0.265837
-0.265837
-0.265837
-0.265837
-0.265837
-0.265837
-0.265837