
65.9029
67.241
67.4939
67.5156
67.5402
67.5591
67.5783
67.6005
67.6223
67.6421
67.6624
67.6826
67.7058
67.7261
67.7432
67.7608
67.7781
67.7957
67.813
67.8298
67.8472
67.8641
67.8815
67.899
67.9159
67.9333
67.9505
67.9848
68.0025
68.0193
68.036
68.0546
68.0718
68.0888
68.1061
68.1231
68.1399
68.1574
68.1742
68.1924
68.2114
68.2289
68.2476
68.2648
68.2824
68.2998
68.3335
68.3504
68.3677
68.385
68.4023
68.4199
68.4369
68.4539
68.4708
68.4883
68.5053
68.522
68.539
68.5557
68.5725
68.5895
68.6073
68.6244
68.6414
68.659
68.6761
68.6937
68.713
68.73
68.7479
68.77
68.79
68.8114
68.8336
68.8543
68.8753
68.8941
68.9121
68.9294
68.9469
68.9638
68.9972
69.0141
69.0319
69.0512
69.0683
69.0859
69.1028
69.1199
69.1381
69.1562
69.1729
69.1904
69.2079
69.2253
69.2427
69.2597
69.278
69.2959
69.313
69.3311
69.348
69.3653
69.3828
69.4019
69.4346
69.4513
69.4682
69.4851
69.5019
69.519
69.5358
69.5541
69.5709
69.589
69.6069
69.6248
69.6427
69.6605
69.6947
69.7141
69.7321
69.7496
69.7681
69.7876
69.8068
69.8248
69.8446
69.8626
69.8799
69.8976
69.9155
69.9329
69.9504
69.9673
69.9841
70.001
70.0186
70.0378
70.0562
70.0732
70.0905
70.1079
70.125
70.1422
70.1598
70.177
70.1945
70.212
70.2303
70.2473
70.2643
70.2837
70.3008
70.3182
70.3356
70.3526
70.3821
70.3995
70.4164
70.4342
70.4516
70.4684
70.4858
70.5028
70.5202
70.5371
70.5546
70.5724
70.59
70.6073
70.625
70.6425
70.6594
70.6768
70.6946
70.713
70.7315
70.7499
70.7717
70.7915
70.812
70.8319
70.8522
70.8721
70.8914
70.9106
70.9281
70.9459
70.9634
70.9809
70.998
71.0157
71.0332
71.0513
71.069
71.0862
71.1063
71.1231
71.1405
71.1577
71.1772
71.1954
71.213
71.2309
71.2485
71.2661
71.2849
71.3029
71.3206
71.3382
71.3562
71.3737
71.3914
71.4095
71.4272
71.4453
71.4632
71.4809
71.4983
71.5164
71.534
71.5519
71.5697
71.587
71.6052
71.6229
71.6409
71.658
71.6756
71.694
71.7119
71.731
71.749
71.7673
71.7851
71.8035
71.8208
71.8395
71.8577
71.8755
71.8934
71.9116
71.9291
71.9473
71.9657
71.9836
72.0014
72.0186
72.0368
72.0547
72.0732
72.0909
72.1093
72.1265
72.1444
72.1629
72.1804
72.1982
72.2166
72.2343
72.2526
72.2709
72.2896
72.3077
72.3259
72.3449
72.3645
72.3828
72.4019
72.4197
72.4369
72.4545
72.4725
72.4905
72.5082
72.5255
72.5431
72.5604
72.5782
72.5965
72.6145
72.6321
72.6503
72.6685
72.686
72.7045
72.723
72.7427
72.7643
72.784
72.8055
72.8261
72.8463
72.8667
72.8924
72.9172
72.9355
72.9532
72.9703
72.9877
73.0055
73.0241
73.0421
73.0601
73.0782
73.0956
73.1131
73.1305
73.1487
73.1668
73.1848
73.2025
73.2208
73.2384
73.2568
73.2743
73.2923
73.3104
73.3311
73.3505
73.3681
73.3854
73.4035
73.4219
73.4403
73.4585
73.4759
73.4933
73.511
73.5295
73.5477
73.5673
73.585
73.6031
73.6208
73.6381
73.656
73.6739
73.6923
73.7103
73.7275
73.7463
73.7648
73.7828
73.8002
73.8182
73.8355
73.8534
73.871
73.8886
73.9062
73.9244
73.9423
73.9602
73.9777
73.9953
74.0128
74.0301
74.0475
74.0655
74.083
74.101
74.1184
74.1362
74.154
74.1718
74.1893
74.207
74.2252
74.2433
74.2614
74.2793
74.2968
74.3145
74.3319
74.3499
74.3688
74.3872
74.4044
74.4222
74.4398
74.4573
74.4757
74.4934
74.511
74.5294
74.5476
74.5651
74.5823
74.5993
74.6169
74.6366
74.6548
74.6729
74.69
74.7078
74.726
74.7464
74.7719
74.793
74.8184
74.8375
74.8573
74.8773
74.8981
74.9168
74.9349
74.9526
74.9701
74.9885
75.0064
75.0243
75.0455
75.0636
75.0816
75.0995
75.1175
75.1353
75.1534
75.1713
75.1901
75.209
75.2262
75.2446
75.2625
75.2805
75.2997
75.3186
75.3372
75.3562
75.3757
75.3937
75.4119
75.431
75.4499
75.4676
75.4857
75.5035
75.521
75.5395
75.5575
75.5761
75.5937
75.6132
75.6307
75.6489
75.6674
75.6852
75.7031
75.721
75.739
75.7603
75.7803
75.7994
75.8186
75.8363
75.8546
75.8728
75.891
75.9091
75.9274
75.9468
75.9658
75.9841
76.0017
76.0194
76.0366
76.0555
76.0742
76.0926
76.1105
76.1285
76.1462
76.1641
76.1824
76.2008
76.2185
76.2358
76.254
76.2719
76.2897
76.3079
76.3259
76.3439
76.3622
76.3798
76.3973
76.4146
76.4333
76.4515
76.469
76.4866
76.5041
76.5219
76.5403
76.5588
76.5765
76.596
76.6149
76.633
76.6515
76.6696
76.6868
76.705
76.7226
76.7402
76.762
76.7868
76.8106
76.8314
76.851
76.8704
76.8917
76.9106
76.9277
76.9455
76.9636
76.9822
77.001
77.0189
77.0369
77.0555
77.0731
77.0911
77.1098
77.1277
77.1459
77.1634
77.1814
77.1999
77.2181
77.2358
77.2532
77.2713
77.2897
77.3076
77.3261
77.3438
77.3621
77.3801
77.3987
77.4173
77.4356
77.4534
77.4714
77.489
77.5071
77.525
77.5428
77.5603
77.5785
77.5969
77.6148
77.632
77.6502
77.668
77.686
77.7044
77.7222
77.7401
77.7577
77.7756
77.796
77.8154
77.8346
77.8535
77.8712
77.8897
77.9072
77.9254
77.943
77.9608
77.9783
77.9969
78.0162
78.0353
78.057
78.0751
78.0941
78.113
78.1315
78.1492
78.1675
78.1875
78.2056
78.2239
78.2414
78.2589
78.2785
78.2977
78.3157
78.3346
78.3525
78.3716
78.3899
78.4084
78.4266
78.4448
78.4624
78.4801
78.4981
78.5161
78.5344
78.5525
78.57
78.5874
78.6057
78.6239
78.6418
78.6591
78.6765
78.6961
78.7155
78.7352
78.7552
78.7773
78.8002
78.8238
78.8456
78.867
78.8882
78.9081
78.9267
78.9444
78.9629
78.9813
79.0003
79.0194
79.0381
79.0569
79.076
79.0947
79.1137
79.1317
79.1507
79.1694
79.1879
79.2065
79.2258
79.2452
79.263
79.2816
79.2996
79.3186
79.3369
79.3547
79.3719
79.3894
79.4067
79.4243
79.4417
79.4594
79.4774
79.4957
79.5136
79.5317
79.5493
79.5666
79.5843
79.602
79.6191
79.6374
79.6557
79.6738
79.6919
79.7107
79.7285
79.7466
79.7669
79.7853
79.8061
79.8254
79.844
79.8619
79.8791
79.897
79.9151
79.933
79.9511
79.9688
79.9864
80.0063
80.0247
80.043
80.0608
80.0795
80.0973
80.1162
80.1341
80.1517
80.1697
80.1876
80.2054
80.2232
80.2411
80.2586
80.2773
80.296
80.3142
80.3333
80.3521
80.37
80.388
80.407
80.4253
80.4435
80.4616
80.4801
80.4979
80.5156
80.5337
80.5516
80.5702
80.5881
80.6056
80.6234
80.6413
80.6589
80.6774
80.6953
80.7129
80.7309
80.7485
80.7727
80.7932
80.817
80.839
80.8592
80.8797
80.8996
80.9174
80.9351
80.9529
80.9704
80.9889
81.0089
81.0271
81.0447
81.0624
81.0801
81.0997
81.1182
81.1361
81.1551
81.1736
81.192
81.2099
81.2282
81.2464
81.2639
81.2833
81.301
81.3188
81.3381
81.357
81.3749
81.393
81.4131
81.4314
81.4498
81.4677
81.4869
81.5054
81.5231
81.541
81.5594
81.5784
81.5965
81.6151
81.6329
81.652
81.672
81.6924
81.7119
81.7313
81.751
81.7703
81.7892
81.8093
81.8289
81.8482
81.8669
81.885
81.9049
81.9233
81.9439
81.9625
81.9812
81.9999
82.019
82.0373
82.0557
82.0745
82.0932
82.1113
82.1302
82.1495
82.1685
82.1877
82.2067
82.2251
82.2438
82.2629
82.2832
82.3024
82.3218
82.341
82.3606
82.3795
82.3986
82.4171
82.4359
82.4553
82.4751
82.4942
82.5134
82.532
82.5513
82.5707
82.5904
82.6096
82.6278
82.6464
82.6649
82.6834
82.7021
82.7197
82.7387
82.7613
82.7815
82.8037
82.8249
82.8482
82.8715
82.8916
82.9104
82.9283
82.9469
82.9648
82.983
83.0013
83.0197
83.0376
83.0557
83.0735
83.0942
83.113
83.1308
83.149
83.1673
83.1852
83.203
83.2232
83.2421
83.2603
83.2789
83.2971
83.3144
83.3327
83.3515
83.371
83.3895
83.4076
83.4255
83.4446
83.4629
83.4806
83.4982
83.517
83.5348
83.5525
83.5701
83.59
83.6087
83.6268
83.645
83.6627
83.6807
83.6993
83.717
83.7349
83.7529
83.776
83.7952
83.8147
83.8343
83.8553
83.8746
83.8956
83.915
83.9334
83.9519
83.9701
83.9884
84.0068
84.0267
84.0461
84.065
84.0846
84.1046
84.1244
84.1431
84.162
84.1806
84.1982
84.2172
84.2356
84.2533
84.2714
84.2918
84.3105
84.3284
84.3464
84.3646
84.3835
84.4015
84.4193
84.4368
84.4557
84.4748
84.4928
84.5106
84.5282
84.547
84.567
84.586
84.6041
84.6237
84.6425
84.6614
84.6789
84.6977
84.7168
84.7351
84.7565
84.7787
84.8036
84.8245
84.8455
84.8703
84.896
84.9155
84.934
84.9521
84.9703
84.9895
85.0079
85.0271
85.0456
85.0651
85.0843
85.1032
85.1237
85.1428
85.1621
85.181
85.2
85.219
85.2391
85.2583
85.279
85.2981
85.3184
85.3402
85.3633
85.3851
85.406
85.4259
85.4456
85.4656
85.485
85.5037
85.5224
85.5427
85.5631
85.5822
85.602
85.6209
85.6393
85.6589
85.6777
85.6968
85.7159
85.7364
85.7556
85.7748
85.7938
85.8148
85.8339
85.8532
85.8753
85.8951
85.9137
85.9325
85.9513
85.9711
85.99
86.0089
86.0297
86.0499
86.0685
86.088
86.1068
86.1258
86.1449
86.1638
86.1833
86.2013
86.2196
86.2393
86.2578
86.2762
86.2952
86.3139
86.333
86.3514
86.3706
86.3896
86.4083
86.4265
86.4448
86.4632
86.4835
86.5015
86.5204
86.5388
86.5578
86.576
86.5941
86.6128
86.6312
86.6509
86.67
86.6895
86.7087
86.7274
86.747
86.7704
86.7927
86.8155
86.8361
86.8581
86.8796
86.9021
86.9212
86.9395
86.9582
86.9762
86.9943
87.0123
87.0306
87.0497
87.0679
87.0864
87.1049
87.1227
87.1422
87.1604
87.1796
87.1978
87.2163
87.2343
87.2519
87.2697
87.2881
87.3066
87.325
87.3437
87.3616
87.3789
87.3969
87.415
87.4331
87.4512
87.4698
87.4885
87.5071
87.5253
87.5435
87.5613
87.5794
87.5971
87.6153
87.6331
87.6509
87.6685
87.6862
87.7036
87.7217
87.7405
87.7601
87.7785
87.7978
87.8159
87.8346
87.8529
87.8711
87.8895
87.9083
87.9265
87.9448
87.9628
87.981
87.9993
88.0185
88.0369
88.0555
88.0733
88.0916
88.1089
88.1272
88.1444
88.1622
88.1805
88.1991
88.2181
88.2364
88.2572
88.276
88.2952
88.313
88.3307
88.3488
88.367
88.3851
88.4032
88.4216
88.4394
88.4571
88.4752
88.4928
88.5107
88.5284
88.5464
88.5648
88.5834
88.6021
88.6204
88.6388
88.6569
88.6754
88.6946
88.714
88.7326
88.7552
88.7752
88.7988
88.8209
88.844
88.8652
88.8865
88.9085
88.9274
88.9457
88.9637
88.9811
88.9987
89.0183
89.0367
89.0547
89.073
89.0907
89.1096
89.1329
89.1535
89.172
89.192
89.2117
89.23
89.2486
89.2672
89.2864
89.3043
89.3219
89.3406
89.3595
89.3771
89.3966
89.4147
89.4336
89.4525
89.4709
89.489
89.5081
89.5268
89.5449
89.5643
89.582
89.6013
89.6185
89.6365
89.6548
89.673
89.691
89.709
89.7283
89.7466
89.7658
89.7852
89.8036
89.822
89.841
89.8598
89.8801
89.898
89.9177
89.9366
89.9548
89.9743
89.9926
90.0107
90.0297
90.049
90.0668
90.0847
90.1018
90.1198
90.1382
90.1558
90.1737
90.1918
90.2094
90.2273
90.2454
90.264
90.283
90.3014
90.3198
90.3381
90.3561
90.3744
90.3928
90.4105
90.4287
90.4472
90.4655
90.4828
90.5013
90.5197
90.5382
90.556
90.5741
90.5924
90.6108
90.628
90.6461
90.6651
90.6833
90.702
90.7195
90.7372
90.7568
90.7794
90.8021
90.8219
90.8422
90.8618
90.8825
90.9039
90.9222
90.9422
90.9604
90.9779
90.9963
91.0182
91.0375
91.0551
91.0755
91.0937
91.112
91.1305
91.1489
91.1684
91.1867
91.2058
91.2234
91.2413
91.2588
91.277
91.2947
91.313
91.3303
91.3483
91.366
91.3836
91.4012
91.4193
91.4366
91.4551
91.4734
91.4915
91.5097
91.5271
91.5444
91.5643
91.5843
91.6023
91.6203
91.6387
91.657
91.6759
91.6945
91.713
91.7378
91.7559
91.7744
91.7925
91.8108
91.8285
91.8469
91.865
91.8835
91.9018
91.9202
91.9389
91.9578
91.9757
91.9936
92.0116
92.0302
92.0489
92.0671
92.085
92.1034
92.1222
92.145
92.1646
92.1833
92.2023
92.2206
92.2394
92.2592
92.2773
92.2957
92.314
92.3323
92.3507
92.3744
92.3922
92.4101
92.4277
92.4469
92.4665
92.4853
92.5046
92.525
92.5431
92.5623
92.5808
92.5988
92.6172
92.6361
92.6547
92.6749
92.6984
92.7174
92.7358
92.7556
92.7769
92.8013
92.8232
92.8441
92.8665
92.8858
92.9048
92.9225
92.9425
92.9622
92.9799
92.9971
93.0154
93.0342
93.0534
93.0711
93.0893
93.1087
93.1265
93.1453
93.1638
93.1831
93.201
93.2202
93.2388
93.259
93.2789
93.2988
93.317
93.3355
93.3543
93.3739
93.3922
93.4103
93.4295
93.448
93.4672
93.4855
93.504
93.522
93.5413
93.5597
93.5776
93.5961
93.6141
93.6329
93.6527
93.6708
93.6885
93.7073
93.7249
93.7426
93.762
93.781
93.7997
93.8184
93.8368
93.8556
93.8741
93.893
93.9111
93.9294
93.9483
93.968
93.988
94.0061
94.024
94.042
94.0604
94.0795
94.0987
94.1171
94.1352
94.1553
94.1735
94.1918
94.2105
94.2293
94.2474
94.2664
94.2851
94.3038
94.323
94.3419
94.3597
94.3782
94.3964
94.4159
94.4342
94.453
94.472
94.4901
94.5089
94.5318
94.5515
94.579
94.5976
94.622
94.6406
94.6598
94.6783
94.6974
94.7178
94.7359
94.7561
94.7786
94.7998
94.8216
94.8432
94.8634
94.884
94.9052
94.9237
94.9419
94.96
94.9789
94.998
95.017
95.0347
95.0533
95.0719
95.0914
95.1098
95.1276
95.1485
95.1667
95.187
95.2056
95.2242
95.2431
95.2615
95.2793
95.2974
95.3156
95.3338
95.3529
95.3716
95.3902
95.4095
95.4309
95.4489
95.4679
95.487
95.5052
95.5235
95.5421
95.561
95.5788
95.5972
95.6147
95.6336
95.6519
95.6706
95.689
95.708
95.7259
95.7467
95.7644
95.7824
95.8008
95.8196
95.8376
95.8561
95.8746
95.8931
95.9116
95.93
95.949
95.9677
95.9866
96.0064
96.0251
96.043
96.0622
96.0808
96.0992
96.1194
96.1395
96.1637
96.1839
96.2038
96.2225
96.2413
96.2602
96.2825
96.3015
96.3209
96.3399
96.3589
96.3775
96.3961
96.4144
96.4342
96.4531
96.4729
96.4931
96.5117
96.5311
96.5497
96.5691
96.5895
96.608
96.6263
96.6445
96.6643
96.6839
96.7028
96.7215
96.7411
96.7635
96.7854
96.8072
96.8277
96.8494
96.8691
96.8912
96.9136
96.9408
96.9608
96.9793
97.0001
97.0189
97.0372
97.0556
97.0766
97.0957
97.1142
97.1327
97.15
97.1681
97.1863
97.2044
97.2218
97.2402
97.2591
97.2768
97.2957
97.3133
97.3309
97.3495
97.3702
97.3919
97.41
97.4306
97.451
97.4689
97.4867
97.5053
97.5253
97.5435
97.5627
97.5808
97.5985
97.6163
97.634
97.6542
97.6732
97.6989
97.7171
97.7354
97.7538
97.7718
97.7915
97.8104
97.8282
97.8457
97.8632
97.8804
97.8984
97.9162
97.9355
97.9538
97.9716
97.989
98.008
98.027
98.0453
98.0635
98.081
98.0983
98.1168
98.1354
98.1542
98.1731
98.1919
98.211
98.2288
98.2467
98.265
98.2845
98.3029
98.3216
98.3396
98.3578
98.3774
98.3976
98.4155
98.4329
98.4514
98.4695
98.4888
98.5089
98.527
98.5471
98.5653
98.5839
98.602
98.6195
98.638
98.6554
98.6726
98.6913
98.71
98.7294
98.7472
98.7689
98.7888
98.816
98.8433
98.8676
98.8875
98.9077
98.926
98.9452
98.9633
98.982
99.0012
99.0209
99.0397
99.0579
99.0768
99.0953
99.1126
99.1309
99.1489
99.1681
99.1874
99.206
99.2274
99.2455
99.2648
99.287
99.3063
99.3247
99.3428
99.3614
99.3798
99.4006
99.4189
99.4377
99.4584
99.4772
99.495
99.5141
99.5336
99.5521
99.5696
99.5883
99.607
99.6268
99.6452
99.6637
99.6821
99.6994
99.717
99.7389
99.7577
99.7761
99.7944
99.8124
99.8309
99.85
99.8678
99.8871
99.9065
99.9257
99.9454
99.9636
99.9819
100.007
100.026
100.046
100.064
100.083
100.101
100.119
100.137
100.156
100.174
100.192
100.212
100.232
100.25
100.269
100.29
100.309
100.327
100.346
100.364
100.382
100.399
100.417
100.435
100.454
100.473
100.491
100.51
100.53
100.548
100.567
100.585
100.605
100.623
100.64
100.658
100.676
100.694
100.713
100.732
100.754
100.778
100.799
100.822
100.844
100.865
100.885
100.906
100.924
100.942
100.96
100.978
100.997
101.016
101.035
101.055
101.074
101.092
101.111
101.134
101.152
101.17
101.197
101.216
101.235
101.254
101.273
101.292
101.31
101.329
101.348
101.367
101.386
101.405
101.423
101.442
101.46
101.481
101.5
101.519
101.537
101.556
101.574
101.593
101.611
101.628
101.652
101.671
101.689
101.707
101.725
101.744
101.764
101.783
101.801
101.82
101.839
101.857
101.881
101.905
101.923
101.942
101.96
101.979
101.998
102.016
102.035
102.055
102.074
102.092
102.117
102.137
102.155
102.173
102.192
102.21
102.229
102.248
102.267
102.285
102.303
102.321
102.341
102.359
102.378
102.396
102.415
102.434
102.452
102.47
102.488
102.507
102.525
102.543
102.562
102.581
102.6
102.618
102.637
102.655
102.677
102.698
102.718
102.737
102.758
102.78
102.803
102.823
102.843
102.863
102.885
102.907
102.927
102.947
102.965
102.986
103.005
103.023
103.043
103.063
103.082
103.101
103.119
103.138
103.157
103.175
103.193
103.213
103.232
103.254
103.274
103.296
103.315
103.335
103.357
103.377
103.397
103.417
103.437
103.456
103.476
103.495
103.515
103.534
103.555
103.574
103.594
103.612
103.631
103.653
103.672
103.691
103.71
103.73
103.752
103.771
103.792
103.812
103.83
103.847
103.878
103.908
103.937
103.966
103.994
104.022
104.05
104.081
104.111
104.141
104.171
104.202
104.233
104.25
104.283
104.3
104.318
104.338
104.361
104.381
104.4
104.418
104.436
104.455
104.474
104.493
104.512
104.531
104.551
104.572
104.59
104.609
104.629
104.648
104.668
104.687
104.707
104.726
104.745
104.773
104.797
104.818
104.845
104.866
104.887
104.907
104.925
104.943
104.961
104.98
104.998
105.016
105.034
105.052
105.071
105.091
105.11
105.129
105.147
105.165
105.184
105.204
105.223
105.243
105.263
105.282
105.302
105.321
105.34
105.363
105.382
105.401
105.42
105.439
105.458
105.478
105.497
105.517
105.536
105.557
105.576
105.596
105.616
105.635
105.654
105.673
105.693
105.716
105.736
105.755
105.775
105.794
105.814
105.833
105.852
105.872
105.891
105.91
105.93
105.949
105.968
105.987
106.007
106.028
106.047
106.067
106.086
106.108
106.127
106.146
106.165
106.185
106.205
106.223
106.242
106.261
106.281
106.3
106.319
106.338
106.358
106.378
106.397
106.416
106.435
106.454
106.473
106.493
106.511
106.53
106.55
106.569
106.589
106.61
106.631
106.653
106.674
106.693
106.712
106.732
106.752
106.776
106.798
106.823
106.848
106.87
106.893
106.916
106.936
106.956
106.977
106.995
107.015
107.033
107.057
107.089
107.123
107.156
107.188
107.213
107.239
107.271
107.304
107.328
107.348
107.369
107.389
107.409
107.429
107.449
107.469
107.489
107.507
107.526
107.547
107.565
107.585
107.61
107.63
107.65
107.669
107.688
107.708
107.727
107.746
107.766
107.785
107.807
107.826
107.845
107.866
107.885
107.903
107.922
107.942
107.961
107.98
108
108.018
108.038
108.058
108.078
108.097
108.118
108.139
108.158
108.178
108.198
108.217
108.237
108.256
108.275
108.295
108.315
108.335
108.355
108.373
108.393
108.412
108.433
108.453
108.473
108.492
108.512
108.53
108.549
108.568
108.586
108.604
108.623
108.641
108.661
108.68
108.7
108.721
108.74
108.763
108.793
108.814
108.837
108.856
108.876
108.895
108.914
108.945
108.975
109.004
109.033
109.065
109.082
109.111
109.142
109.17
109.198
109.225
109.253
109.282
109.309
109.337
109.367
109.394
109.421
109.449
109.477
109.505
109.53
109.558
109.584
109.614
109.641
109.667
109.693
109.72
109.747
109.774
109.801
109.828
109.854
109.882
109.909
109.936
109.963
109.99
110.019
110.047
110.073
110.1
110.128
110.156
110.184
110.211
110.238
110.266
110.294
110.321
110.35
110.377
110.407
110.434
110.461
110.488
110.515
110.542
110.572
110.6
110.627
110.655
110.684
110.712
110.74
110.758
110.776
110.812
110.845
110.864
110.896
110.915
110.943
110.97
111
111.028
111.057
111.086
111.114
111.142
111.171
111.201
111.23
111.259
111.289
111.319
111.348
111.377
111.406
111.435
111.464
111.493
111.525
111.555
111.585
111.613
111.643
111.673
111.701
111.729
111.758
111.787
111.816
111.846
111.879
111.909
111.939
111.969
112
112.03
112.061
112.091
112.12
112.15
112.183
112.213
112.243
112.273
112.304
112.334
112.365
112.395
112.424
112.454
112.484
112.515
112.547
112.575
112.604
112.635
112.664
112.694
112.723
112.754
112.772
112.789
112.812
112.852
112.869
112.902
112.932
112.963
112.993
113.023
113.053
113.083
113.112
113.142
113.173
113.19
113.219
113.251
113.283
113.3
113.332
113.365
113.399
113.416
113.449
113.466
113.483
113.499
113.532
113.563
113.596
113.613
113.646
113.679
113.696
113.713
113.73
113.753
113.776
113.793
113.81
113.827
113.845
113.878
113.896
113.915
113.932
113.95
113.969
113.989
114.008
114.027
114.046
114.065
114.083
114.103
114.121
114.14
114.159
114.178
114.198
114.218
114.237
114.256
114.275
114.294
114.314
114.332
114.353
114.372
114.39
114.409
114.427
114.446
114.466
114.485
114.504
114.522
114.54
114.56
114.58
114.6
114.621
114.64
114.66
114.681
114.7
114.718
114.737
114.758
114.781
114.804
114.826
114.847
114.868
114.889
114.91
114.928
114.947
114.965
114.984
115.003
115.022
115.041
115.061
115.081
115.1
115.12
115.139
115.159
115.178
115.199
115.22
115.24
115.261
115.282
115.302
115.323
115.343
115.363
115.383
115.404
115.423
115.443
115.463
115.484
115.502
115.521
115.539
115.559
115.579
115.6
115.625
115.645
115.665
115.684
115.702
115.72
115.739
115.758
115.776
115.795
115.815
115.835
115.854
115.875
115.895
115.915
115.936
115.958
115.978
115.999
116.02
116.042
116.062
116.083
116.103
116.123
116.143
116.162
116.182
116.201
116.222
116.241
116.26
116.279
116.299
116.32
116.338
116.358
116.376
116.395
116.413
116.432
116.451
116.47
116.488
116.508
116.526
116.545
116.563
116.582
116.6
116.62
116.638
116.657
116.675
116.694
116.712
116.73
116.748
116.772
116.793
116.815
116.838
116.86
116.881
116.902
116.92
116.939
116.958
116.976
116.995
117.013
117.032
117.052
117.071
117.09
117.109
117.129
117.149
117.169
117.19
117.209
117.23
117.253
117.272
117.292
117.311
117.33
117.351
117.371
117.393
117.413
117.432
117.453
117.473
117.492
117.512
117.532
117.552
117.571
117.591
117.61
117.63
117.649
117.669
117.69
117.709
117.729
117.748
117.769
117.789
117.81
117.83
117.852
117.872
117.892
117.912
117.931
117.951
117.971
117.992
118.011
118.031
118.051
118.07
118.09
118.11
118.132
118.151
118.172
118.194
118.214
118.234
118.255
118.276
118.297
118.317
118.337
118.357
118.376
118.396
118.415
118.435
118.455
118.474
118.495
118.515
118.535
118.554
118.574
118.593
118.613
118.633
118.654
118.674
118.694
118.713
118.732
118.753
118.776
118.799
118.823
118.848
118.871
118.893
118.914
118.934
118.954
118.974
118.994
119.014
119.034
119.054
119.074
119.095
119.115
119.135
119.155
119.176
119.196
119.217
119.236
119.258
119.279
119.299
119.318
119.339
119.36
119.379
119.398
119.421
119.441
119.46
119.479
119.498
119.517
119.536
119.555
119.575
119.594
119.612
119.632
119.65
119.67
119.689
119.709
119.729
119.752
119.775
119.798
119.818
119.838
119.857
119.876
119.895
119.915
119.934
119.953
119.976
119.994
120.014
120.033
120.052
120.072
120.091
120.111
120.129
120.148
120.166
120.185
120.204
120.223
120.242
120.262
120.282
120.302
120.321
120.34
120.359
120.378
120.398
120.417
120.435
120.454
120.474
120.493
120.511
120.53
120.549
120.567
120.587
120.606
120.626
120.644
120.662
120.679
120.698
120.718
120.737
120.757
120.781
120.804
120.827
120.848
120.871
120.891
120.912
120.931
120.95
120.968
120.986
121.004
121.023
121.043
121.066
121.084
121.103
121.122
121.141
121.16
121.18
121.199
121.219
121.239
121.26
121.282
121.301
121.322
121.345
121.368
121.388
121.408
121.427
121.447
121.465
121.483
121.5
121.517
121.535
121.551
121.57
121.587
121.605
121.623
121.64
121.658
121.678
121.696
121.713
121.731
121.749
121.768
121.786
121.804
121.821
121.838
121.872
121.905
121.922
121.938
121.957
121.974
121.991
122.009
122.026
122.045
122.062
122.079
122.111
122.142
122.173
122.19
122.223
122.255
122.289
122.321
122.351
122.383
122.417
122.452
122.484
122.515
122.533
122.55
122.582
122.6
122.617
122.648
122.68
122.711
122.744
122.762
122.78
122.798
122.816
122.835
122.854
122.872
122.891
122.909
122.941
122.958
122.989
123.02
123.053
123.084
123.101
123.133
123.166
123.198
123.231
123.261
123.278
123.298
123.315
123.346
123.364
123.398
123.415
123.434
123.466
123.497
123.514
123.547
123.578
123.608
123.64
123.671
123.702
123.733
123.764
123.795
123.827
123.86
123.891
123.921
123.952
123.982
124.012
124.043
124.074
124.105
124.123
124.154
124.186
124.215
124.246
124.277
124.309
124.339
124.371
124.404
124.434
124.467
124.5
124.517
124.548
124.579
124.612
124.645
124.662
124.694
124.726
124.763
124.781
124.801
124.821
124.84
124.86
124.877
124.897
124.916
124.934
124.966
124.998
125.016
125.033
125.052
125.068
125.101
125.134
125.15
125.169
125.2
125.231
125.264
125.297
125.331
125.362
125.394
125.413
125.446
125.478
125.51
125.527
125.545
125.563
125.579
125.612
125.629
125.661
125.694
125.711
125.743
125.761
125.794
125.811
125.828
125.845
125.878
125.912
125.944
125.962
125.993
126.026
126.059
126.091
126.122
126.14
126.173
126.206
126.239
126.27
126.303
126.32
126.343
126.375
126.392
126.411
126.444
126.476
126.493
126.512
126.531
126.562
126.579
126.612
126.646
126.664
126.696
126.728
126.745
126.765
126.784
126.802
126.822
126.849
126.867
126.886
126.906
126.924
126.941
126.958
126.991
127.008
127.025
127.043
127.061
127.082
127.114
127.132
127.148
127.166
127.184
127.201
127.233
127.249
127.267
127.284
127.319
127.337
127.354
127.372
127.39
127.41
127.427
127.445
127.463
127.496
127.513
127.547
127.564
127.588
127.606
127.64
127.657
127.674
127.691
127.725
127.742
127.759
127.777
127.795
127.815
127.833
127.85
127.868
127.886
127.919
127.937
127.955
127.973
127.991
128.009
128.026
128.045
128.062
128.079
128.097
128.114
128.132
128.15
128.167
128.184
128.202
128.22
128.238
128.255
128.273
128.291
128.309
128.326
128.345
128.364
128.382
128.4
128.417
128.434
128.451
128.468
128.486
128.503
128.52
128.537
128.555
128.573
128.591
128.608
128.626
128.643
128.66
128.678
128.695
128.711
128.728
128.746
128.767
128.788
128.81
128.832
128.851
128.87
128.89
128.91
128.927
128.96
128.994
129.012
129.047
129.064
129.083
129.101
129.117
129.134
129.152
129.17
129.187
129.205
129.226
129.246
129.263
129.28
129.312
129.345
129.364
129.381
129.399
129.416
129.434
129.467
129.484
129.502
129.519
129.537
129.554
129.586
129.603
129.637
129.654
129.671
129.688
129.705
129.722
129.74
129.759
129.776
129.793
129.811
129.829
129.846
129.863
129.896
129.93
129.947
129.965
129.982
129.999
130.021
130.054
130.072
130.09
130.107
130.124
130.141
130.174
130.191
130.209
130.242
130.259
130.293
130.326
130.344
130.361
130.384
130.402
130.42
130.439
130.456
130.473
130.506
130.523
130.54
130.56
130.577
130.594
130.628
130.646
130.664
130.681
130.699
130.716
130.737
130.756
130.776
130.799
130.82
130.839
130.859
130.878
130.899
130.921
130.939
130.956
130.973
130.996
131.03
131.047
131.064
131.087
131.12
131.137
131.154
131.188
131.225
131.257
131.274
131.29
131.308
131.325
131.358
131.375
131.392
131.409
131.426
131.443
131.476
131.494
131.51
131.543
131.576
131.592
131.625
131.658
131.675
131.692
131.709
131.726
131.759
131.776
131.793
131.812
131.829
131.865
131.898
131.915
131.931
131.949
131.981
131.999
132.02
132.037
132.054
132.072
132.09
132.108
132.125
132.143
132.16
132.179
132.196
132.213
132.248
132.265
132.283
132.301
132.334
132.351
132.369
132.387
132.405
132.423
132.44
132.457
132.475
132.494
132.526
132.543
132.559
132.576
132.593
132.61
132.626
132.658
132.691
132.724
132.759
132.78
132.798
132.817
132.835
132.855
132.872
132.89
132.909
132.927
132.958
132.99
133.022
133.054
133.088
133.12
133.153
133.184
133.216
133.248
133.284
133.316
133.348
133.38
133.397
133.416
133.447
133.464
133.496
133.513
133.545
133.578
133.595
133.627
133.66
133.691
133.708
133.725
133.742
133.763
133.78
133.811
133.843
133.874
133.905
133.942
133.974
134.007
134.023
134.055
134.086
134.103
134.12
134.137
134.17
134.203
134.235
134.266
134.298
134.33
134.362
134.392
134.411
134.428
134.459
134.492
134.524
134.558
134.589
134.622
134.655
134.687
134.718
134.752
134.773
134.791
134.812
134.831
134.848
134.866
134.882
134.9
134.932
134.963
134.994
135.025
135.056
135.086
135.103
135.135
135.168
135.199
135.216
135.233
135.265
135.282
135.315
135.332
135.365
135.396
135.433
135.467
135.499
135.531
135.562
135.595
135.627
135.66
135.692
135.709
135.741
135.772
135.803
135.838
135.87
135.901
135.933
135.965
135.996
136.027
136.059
136.091
136.125
136.158
136.189
136.22
136.252
136.286
136.316
136.349
136.379
136.41
136.441
136.473
136.504
136.536
136.567
136.598
136.631
136.65
136.682
136.712
136.743
136.761
136.78
136.8
136.818
136.836
136.855
136.874
136.893
136.91
136.941
136.972
137.002
137.033
137.064
137.094
137.125
137.156
137.186
137.217
137.246
137.276
137.308
137.338
137.368
137.398
137.43
137.447
137.478
137.495
137.524
137.552
137.579
137.605
137.632
137.658
137.683
137.707
137.732
137.758
137.782
137.806
137.83
137.856
137.88
137.903
137.927
137.952
137.976
137.998
138.021
138.044
138.067
138.09
138.112
138.134
138.156
138.179
138.202
138.224
138.245
138.268
138.289
138.31
138.331
138.352
138.375
138.395
138.416
138.437
138.465
138.488
138.508
138.528
138.55
138.571
138.592
138.615
138.637
138.658
138.679
138.701
138.722
138.742
138.769
138.798
138.829
138.853
138.876
138.9
138.921
138.941
138.962
138.982
139.002
139.022
139.045
139.066
139.086
139.106
139.127
139.147
139.167
139.187
139.206
139.228
139.247
139.267
139.289
139.308
139.329
139.35
139.37
139.39
139.41
139.429
139.449
139.472
139.492
139.514
139.534
139.559
139.581
139.603
139.623
139.643
139.663
139.683
139.702
139.722
139.743
139.767
139.787
139.809
139.829
139.849
139.87
139.889
139.91
139.929
139.949
139.969
139.992
140.011
140.032
140.052
140.073
140.092
140.112
140.132
140.152
140.173
140.192
140.212
140.233
140.254
140.273
140.294
140.314
140.334
140.354
140.375
140.399
140.42
140.443
140.467
140.489
140.509
140.532
140.552
140.571
140.593
140.613
140.635
140.655
140.675
140.696
140.716
140.737
140.761
140.782
140.805
140.826
140.848
140.873
140.896
140.917
140.942
140.962
140.983
141.004
141.025
141.047
141.068
141.089
141.11
141.131
141.152
141.174
141.194
141.215
141.235
141.255
141.275
141.297
141.317
141.337
141.358
141.382
141.405
141.427
141.447
141.471
141.494
141.515
141.538
141.56
141.583
141.604
141.626
141.65
141.672
141.693
141.714
141.736
141.759
141.781
141.804
141.826
141.848
141.87
141.894
141.916
141.94
141.964
141.986
142.009
142.032
142.055
142.077
142.101
142.123
142.146
142.169
142.192
142.216
142.24
142.264
142.289
142.312
142.337
142.361
142.388
142.416
142.442
142.47
142.5
142.526
142.555
142.581
142.609
142.64
142.669
142.706
142.729
142.748
142.816
142.84
142.878
142.902
142.918
142.935
142.956
142.973
142.996
143.013
143.031
143.048
143.065
143.099
143.116
143.134
143.151
143.168
143.187
143.205
143.222
143.255
143.273
143.291
143.308
143.325
143.342
143.359
143.378
143.395
143.412
143.43
143.447
143.465
143.489
143.509
143.526
143.545
143.562
143.58
143.599
143.618
143.636
143.654
143.672
143.69
143.708
143.726
143.745
143.764
143.782
143.8
143.818
143.837
143.856
143.875
143.898
143.917
143.935
143.952
143.968
143.986
144.003
144.021
144.038
144.056
144.074
144.093
144.11
144.128
144.146
144.164
144.181
144.202
144.221
144.239
144.256
144.275
144.294
144.313
144.331
144.349
144.367
144.384
144.402
144.42
144.44
144.458
144.475
144.492
144.511
144.529
144.562
144.595
144.628
144.645
144.678
144.695
144.713
144.745
144.765
144.782
144.8
144.831
144.848
144.865
144.882
144.9
144.932
144.961
144.991
145.02
145.048
145.077
145.109
145.127
145.156
145.185
145.214
145.242
145.271
145.288
145.317
145.347
145.374
145.401
145.427
145.456
145.483
145.514
145.543
145.571
145.6
145.627
145.654
145.681
145.708
145.737
145.768
145.797
145.825
145.852
145.879
145.906
145.932
145.958
145.986
146.015
146.044
146.072
146.1
146.127
146.153
146.182
146.21
146.236
146.262
146.288
146.314
146.34
146.365
146.39
146.415
146.44
146.463
146.486
146.508
146.533
146.557
146.579
146.6
146.622
146.643
146.665
146.686
146.706
146.728
146.751
146.778
146.802
146.828
146.852
146.876
146.901
146.921
146.942
146.962
146.984
147.006
147.028
147.05
147.07
147.091
147.113
147.135
147.155
147.176
147.197
147.219
147.239
147.259
147.279
147.299
147.319
147.34
147.36
147.383
147.404
147.426
147.447
147.467
147.488
147.509
147.531
147.553
147.575
147.594
147.613
147.633
147.654
147.673
147.692
147.711
147.731
147.751
147.77
147.792
147.814
147.834
147.854
147.874
147.895
147.915
147.935
147.955
147.975
147.995
148.015
148.035
148.055
148.076
148.097
148.117
148.138
148.158
148.178
148.199
148.221
148.275
148.302
148.323
148.344
148.365
148.389
148.41
148.43
148.453
148.478
148.504
148.524
148.553
148.579
148.598
148.631
148.649
148.666
148.695
148.722
148.761
148.78
148.807
148.826
148.845
148.865
148.884
148.904
148.922
148.954
148.985
149.016
149.047
149.079
149.11
149.143
149.175
149.207
149.239
149.271
149.303
149.334
149.366
149.396
149.428
149.459
149.493
149.511
149.542
149.559
149.59
149.621
149.651
149.681
149.71
149.743
149.771
149.8
149.83
149.859
149.886
149.913
149.943
149.969
149.997
150.024
150.049
150.075
150.1
150.123
150.144
150.162
150.182
150.202
150.222
150.241
150.262
150.282
150.301
150.32
150.339
150.358
150.377
150.396
150.416
150.435
150.454
150.473
150.491
150.509
150.528
150.546
150.568
150.588
150.606
150.627
150.645
150.665
150.684
150.703
150.721
150.739
150.763
150.786
150.81
150.83
150.852
150.872
150.895
150.915
150.933
150.952
150.974
150.993
151.011
151.031
151.05
151.07
151.09
151.108
151.128
151.146
151.167
151.188
151.205
151.225
151.245
151.264
151.283
151.302
151.32
151.338
151.357
151.377
151.395
151.413
151.432
151.451
151.471
151.492
151.514
151.54
151.564
151.591
151.616
151.642
151.667
151.693
151.718
151.744
151.77
151.796
151.823
151.85
151.876
151.903
151.929
151.955
151.98
152.01
152.035
152.06
152.085
152.109
152.133
152.156
152.178
152.2
152.221
152.241
152.261
152.281
152.301
152.321
152.34
152.358
152.377
152.396
152.416
152.434
152.452
152.472
152.49
152.509
152.528
152.546
152.566
152.588
152.609
152.629
152.648
152.668
152.69
152.71
152.728
152.747
152.769
152.789
152.81
152.829
152.85
152.87
152.893
152.915
152.934
152.952
152.971
152.99
153.008
153.027
153.045
153.063
153.081
153.099
153.118
153.136
153.154
153.173
153.191
153.209
153.226
153.244
153.263
153.283
153.302
153.321
153.34
153.358
153.379
153.398
153.416
153.436
153.455
153.474
153.492
153.512
153.531
153.55
153.569
153.588
153.61
153.63
153.652
153.672
153.691
153.71
153.729
153.75
153.768
153.788
153.807
153.824
153.844
153.863
153.883
153.901
153.921
153.939
153.959
153.978
153.996
154.015
154.034
154.052
154.071
154.09
154.111
154.131
154.152
154.171
154.189
154.208
154.227
154.248
154.269
154.288
154.306
154.325
154.343
154.361
154.381
154.401
154.42
154.437
154.457
154.476
154.5
154.522
154.541
154.559
154.578
154.597
154.618
154.636
154.654
154.672
154.689
154.707
154.725
154.743
154.764
154.787
154.81
154.832
154.853
154.874
154.897
154.918
154.936
154.955
154.973
154.992
155.01
155.029
155.049
155.072
155.094
155.114
155.132
155.155
155.176
155.195
155.214
155.234
155.252
155.27
155.288
155.306
155.325
155.343
155.363
155.382
155.4
155.418
155.436
155.456
155.475
155.494
155.514
155.534
155.553
155.572
155.59
155.609
155.629
155.646
155.666
155.686
155.705
155.722
155.739
155.76
155.778
155.798
155.816
155.836
155.854
155.872
155.891
155.911
155.93
155.947
155.967
155.986
156.004
156.023
156.04
156.059
156.082
156.1
156.119
156.137
156.158
156.177
156.198
156.217
156.235
156.255
156.274
156.291
156.309
156.327
156.346
156.365
156.383
156.401
156.419
156.438
156.457
156.476
156.495
156.514
156.532
156.55
156.571
156.589
156.607
156.627
156.645
156.664
156.682
156.701
156.72
156.739
156.759
156.783
156.804
156.824
156.846
156.866
156.886
156.906
156.926
156.943
156.961
156.979
156.998
157.018
157.035
157.052
157.07
157.088
157.106
157.123
157.14
157.159
157.177
157.196
157.215
157.232
157.25
157.268
157.288
157.307
157.325
157.345
157.363
157.382
157.401
157.419
157.437
157.454
157.472
157.49
157.508
157.526
157.546
157.566
157.584
157.603
157.621
157.642
157.661
157.68
157.7
157.719
157.737
157.759
157.778
157.796
157.813
157.83
157.847
157.866
157.883
157.901
157.927
157.944
157.969
157.987
158.005
158.022
158.042
158.063
158.081
158.098
158.115
158.14
158.163
158.184
158.201
158.219
158.236
158.254
158.279
158.298
158.316
158.334
158.352
158.37
158.389
158.412
158.431
158.452
158.472
158.492
158.512
158.537
158.563
158.584
158.604
158.623
158.645
158.667
158.687
158.706
158.726
158.75
158.776
158.8
158.828
158.848
158.867
158.894
158.914
158.934
158.953
158.978
158.997
159.014
159.033
159.05
159.069
159.087
159.106
159.124
159.143
159.161
159.179
159.197
159.216
159.235
159.252
159.271
159.289
159.306
159.324
159.342
159.36
159.378
159.395
159.413
159.43
159.448
159.466
159.484
159.501
159.519
159.536
159.554
159.578
159.604
159.621
159.639
159.659
159.676
159.695
159.713
159.73
159.747
159.766
159.783
159.801
159.819
159.837
159.855
159.871
159.889
159.907
159.926
159.944
159.962
159.981
160.001
160.018
160.036
160.054
160.073
160.091
160.11
160.127
160.145
160.163
160.181
160.199
160.217
160.236
160.254
160.272
160.292
160.31
160.328
160.348
160.365
160.386
160.411
160.431
160.451
160.473
160.499
160.527
160.552
160.572
160.594
160.616
160.636
160.66
160.682
160.702
160.723
160.743
160.766
160.789
160.818
160.844
160.868
160.889
160.912
160.934
160.954
160.974
160.992
161.012
161.031
161.049
161.069
161.096
161.116
161.134
161.154
161.174
161.198
161.216
161.233
161.252
161.27
161.29
161.31
161.334
161.353
161.372
161.391
161.409
161.428
161.447
161.466
161.483
161.501
161.519
161.537
161.555
161.573
161.593
161.615
161.634
161.655
161.681
161.704
161.724
161.745
161.765
161.786
161.807
161.826
161.848
161.871
161.891
161.912
161.933
161.954
161.975
161.998
162.02
162.043
162.066
162.089
162.113
162.138
162.163
162.189
162.214
162.239
162.265
162.291
162.317
162.343
162.369
162.397
162.425
162.454
162.481
162.509
162.527
162.556
162.588
162.618
162.647
162.679
162.709
162.739
162.775
162.793
162.812
162.837
162.855
162.874
162.891
162.91
162.931
162.965
162.984
163.016
163.047
163.064
163.096
163.128
163.16
163.193
163.225
163.256
163.273
163.305
163.338
163.37
163.387
163.42
163.44
163.457
163.474
163.491
163.509
163.526
163.544
163.561
163.58
163.599
163.617
163.636
163.654
163.676
163.702
163.722
163.741
163.76
163.779
163.798
163.816
163.834
163.853
163.871
163.889
163.908
163.926
163.944
163.963
163.98
163.999
164.019
164.038
164.058
164.076
164.094
164.113
164.131
164.15
164.169
164.188
164.207
164.226
164.245
164.267
164.286
164.304
164.322
164.341
164.36
164.379
164.397
164.415
164.434
164.453
164.471
164.49
164.508
164.526
164.544
164.563
164.581
164.599
164.617
164.636
164.654
164.672
164.691
164.71
164.729
164.746
164.768
164.793
164.816
164.835
164.856
164.877
164.902
164.925
164.944
164.961
164.979
164.997
165.015
165.033
165.05
165.068
165.086
165.105
165.124
165.143
165.16
165.178
165.197
165.215
165.233
165.252
165.271
165.29
165.308
165.325
165.343
165.361
165.379
165.398
165.415
165.433
165.452
165.47
165.488
165.506
165.524
165.541
165.559
165.576
165.594
165.613
165.63
165.648
165.666
165.684
165.706
165.726
165.743
165.761
165.781
165.8
165.819
165.837
165.855
165.874
165.892
165.91
165.928
165.947
165.965
165.983
166.002
166.019
166.038
166.056
166.074
166.092
166.111
166.129
166.147
166.165
166.183
166.202
166.22
166.24
166.258
166.28
166.298
166.317
166.335
166.356
166.376
166.395
166.413
166.432
166.452
166.47
166.489
166.507
166.526
166.546
166.564
166.582
166.6
166.619
166.638
166.656
166.675
166.693
166.712
166.731
166.752
166.775
166.797
166.817
166.837
166.858
166.879
166.899
166.917
166.935
166.953
166.972
166.99
167.009
167.027
167.045
167.064
167.083
167.102
167.121
167.139
167.159
167.178
167.197
167.217
167.235
167.255
167.274
167.293
167.311
167.33
167.35
167.369
167.388
167.407
167.426
167.445
167.465
167.483
167.501
167.519
167.537
167.557
167.576
167.593
167.613
167.632
167.651
167.67
167.688
167.707
167.727
167.747
167.768
167.789
167.809
167.828
167.847
167.866
167.885
167.904
167.923
167.943
167.962
167.982
168.001
168.02
168.039
168.061
168.083
168.102
168.123
168.143
168.165
168.184
168.206
168.225
168.246
168.267
168.286
168.305
168.324
168.343
168.361
168.379
168.397
168.416
168.434
168.453
168.471
168.49
168.508
168.526
168.544
168.562
168.58
168.599
168.618
168.635
168.654
168.672
168.69
168.708
168.727
168.745
168.768
168.787
168.808
168.829
168.849
168.87
168.89
168.908
168.926
168.943
168.961
168.978
168.995
169.012
169.045
169.066
169.083
169.1
169.117
169.134
169.151
169.168
169.186
169.203
169.237
169.254
169.271
169.29
169.307
169.326
169.347
169.366
169.385
169.41
169.43
169.457
169.481
169.504
169.524
169.543
169.561
169.579
169.597
169.616
169.64
169.659
169.677
169.696
169.714
169.734
169.753
169.773
169.791
169.811
169.829
169.847
169.865
169.884
169.903
169.921
169.94
169.96
169.978
169.996
170.014
170.032
170.05
170.069
170.087
170.105
170.123
170.14
170.158
170.177
170.195
170.213
170.231
170.248
170.266
170.285
170.304
170.322
170.34
170.358
170.375
170.394
170.413
170.432
170.45
170.468
170.486
170.506
170.526
170.545
170.564
170.583
170.601
170.621
170.639
170.657
170.676
170.694
170.713
170.732
170.754
170.778
170.799
170.823
170.844
170.865
170.887
170.91
170.929
170.949
170.968
170.987
171.006
171.026
171.044
171.064
171.082
171.101
171.119
171.139
171.158
171.183
171.209
171.23
171.258
171.284
171.308
171.331
171.359
171.379
171.398
171.416
171.434
171.453
171.473
171.492
171.511
171.53
171.557
171.576
171.596
171.618
171.64
171.661
171.68
171.698
171.72
171.739
171.761
171.783
171.806
171.825
171.845
171.865
171.883
171.901
171.92
171.938
171.957
171.976
171.993
172.011
172.029
172.046
172.065
172.083
172.102
172.12
172.138
172.158
172.179
172.197
172.215
172.235
172.254
172.271
172.29
172.308
172.326
172.345
172.363
172.381
172.399
172.417
172.434
172.453
172.471
172.489
172.508
172.527
172.544
172.563
172.581
172.599
172.618
172.636
172.654
172.672
172.69
172.707
172.725
172.743
172.766
172.786
172.811
172.829
172.849
172.87
172.89
172.91
172.928
172.946
172.964
172.982
173
173.018
173.036
173.055
173.073
173.091
173.109
173.127
173.145
173.163
173.181
173.199
173.217
173.235
173.253
173.271
173.289
173.307
173.325
173.344
173.362
173.38
173.399
173.417
173.435
173.454
173.471
173.489
173.507
173.525
173.543
173.561
173.579
173.602
173.621
173.638
173.656
173.674
173.691
173.709
173.727
173.746
173.764
173.785
173.804
173.822
173.84
173.859
173.878
173.896
173.913
173.931
173.949
173.968
173.985
174.003
174.02
174.038
174.056