
0
0.196714
0.505126
0.531835
0.552546
0.57117
0.588476
0.6046
0.573543
0.495899
0.404851
0.310518
0.217681
0.121628
0.03794
0.034273
-0.029661
-0.087153
-0.139833
-0.187277
-0.229621
-0.267973
-0.3012
-0.331708
-0.359753
-0.384012
-0.404953
-0.438012
-0.449932
-0.459054
-0.464497
-0.466853
-0.466211
-0.462791
-0.456964
-0.540941
-0.48943
-0.450519
-0.418228
-0.390721
-0.365409
-0.339782
-0.315005
-0.290007
-0.265766
-0.241729
-0.194683
-0.171333
-0.148412
-0.125534
-0.102873
-0.080751
-0.05868
-0.037649
-0.017387
0.001938
0.020267
0.037437
0.053287
0.068709
0.073549
0.090927
0.105715
0.118039
0.12853
0.137409
0.145133
0.151777
0.156774
0.16067
0.163175
0.164683
0.164949
0.163892
0.161313
0.157298
0.152651
0.148174
0.142332
0.136452
0.131395
0.124866
0.110835
0.103448
0.095563
0.087208
0.077993
0.069259
0.060665
0.052438
0.044448
0.03623
0.028101
0.020616
0.01343
0.006303
-0.000563
-0.007129
-0.01308
-0.019209
-0.024953
-0.030006
-0.034609
-0.038593
-0.042005
-0.045137
-0.050048
-0.051702
-0.053337
-0.054606
-0.055691
-0.05636
-0.056643
-0.05655
-0.056054
-0.055369
-0.054452
-0.053447
-0.052152
-0.050527
-0.046578
-0.0438
-0.04109
-0.038388
-0.035796
-0.033127
-0.030168
-0.026971
-0.024024
-0.021076
-0.018814
-0.016673
-0.01417
-0.011588
-0.008971
-0.006408
-0.003966
-0.001394
0.00105
0.003418
0.005825
0.008083
0.010046
0.011881
0.013132
0.014323
0.015491
0.016503
0.017514
0.018466
0.019264
0.019917
0.020405
0.020734
0.02095
0.021111
0.021092
0.02094
0.020856
0.020463
0.019796
0.0187
0.018923
0.017902
0.01684
0.015685
0.014519
0.013327
0.01221
0.011156
0.010005
0.008819
0.007666
0.006525
0.005382
0.004277
0.003128
0.002007
0.000919
-0.000177
-0.001205
-0.002262
-0.003133
-0.003869
-0.004557
-0.005228
-0.005863
-0.006491
-0.006826
-0.007034
-0.007206
-0.007326
-0.007228
-0.007002
-0.007016
-0.006856
-0.006728
-0.00662
-0.006512
-0.006503
-0.00648
-0.006368
-0.006195
-0.005964
-0.005732
-0.00552
-0.005658
-0.005481
-0.005248
-0.004896
-0.004586
-0.004283
-0.003977
-0.003375
-0.002711
-0.00209
-0.001504
-0.001026
-0.000519
-1e-05
0.000485
0.000924
0.001313
0.001648
0.001938
0.002182
0.002379
0.002516
0.002611
0.002692
0.00274
0.002702
0.002691
0.002666
0.002615
0.002424
0.002532
0.00249
0.003483
0.003235
0.002987
0.002383
0.001826
0.001372
0.001013
0.000776
0.000544
0.000324
0.000354
0.000333
0.000245
6e-05
-0.000243
-0.000507
-0.000726
-0.000917
-0.001094
-0.001271
-0.001425
-0.001534
-0.001639
-0.001731
-0.001525
-0.001276
-0.001168
-0.001105
-0.000873
-0.001448
0.000271
0.000875
0.001078
0.001041
0.001041
0.001012
0.000784
0.000437
-0.000411
-0.001312
-0.001565
-0.001165
3.4e-05
0.000721
0.001143
0.001368
0.001432
0.000248
-0.000342
-0.000663
-0.000389
-0.000198
-0.00013
-0.000102
-7e-05
-2.8e-05
-5e-06
-8.4e-05
-0.000599
-0.000872
-0.000924
-0.001178
-0.000387
-0.00094
2e-06
0.000529
0.000817
0.000965
0.000957
0.000718
0.000327
-0.000211
-0.000639
-0.000602
-0.000421
-0.000271
-0.000199
-0.000174
0.104403
0.052436
0.135099
0.07535
0.038042
0.013731
0.000313
-0.00639
-0.009623
-0.011049
-0.011295
-0.011239
-0.010854
-0.010441
-0.010204
-0.00991
-0.009635
-0.009452
-0.009296
-0.009259
-0.009461
-0.009798
-0.010118
-0.010374
-0.01041
-0.010569
-0.010887
-0.011039
-0.011131
-0.011329
-0.011636
-0.011963
-0.012234
-0.012446
-0.012669
-0.012875
-0.012985
-0.013012
-0.012829
-0.012627
-0.012395
-0.012102
-0.011758
-0.011398
-0.011029
-0.010878
-0.01068
-0.01034
-0.009754
-0.009305
-0.008291
-0.007652
-0.007676
-0.007505
-0.007206
-0.006714
-0.006002
-0.005275
-0.004418
-0.003774
-0.003187
-0.00264
-0.002158
-0.001723
-0.00122
-0.000714
-0.000122
0.000445
0.000973
0.001517
0.002078
0.002602
0.00311
0.00355
0.003921
0.00424
0.004547
0.004841
0.005023
0.005092
0.005029
0.004942
0.004836
0.004677
0.004262
0.004048
0.004527
0.003794
0.003394
0.002848
0.00232
0.001902
0.001509
0.001126
0.000774
0.000462
0.000374
0.000278
0.000165
-5.1e-05
-0.000286
-0.000512
-0.000747
-0.001001
-0.001237
-0.001457
-0.001756
-0.002325
-0.002717
-0.002974
-0.003168
-0.003325
-0.003454
-0.003527
-0.004452
-0.002595
-0.001232
-0.00028
0.000287
0.000678
0.001016
0.001278
0.001471
0.001503
0.001518
0.001541
0.001408
0.001165
0.000764
-0.000158
-0.000513
-0.000507
-0.000478
-0.000218
-1.5e-05
0.00012
0.00021
0.000282
0.000293
0.000258
0.00031
0.000396
0.000496
0.000486
0.0004
0.000318
0.000233
0.000101
-9e-06
-8.9e-05
-0.000108
-8.6e-05
-4.9e-05
-4.3e-05
-9.2e-05
-0.000105
-9.8e-05
-5.7e-05
-9e-05
-0.000168
-0.000209
-0.000536
-0.000677
-0.000724
-0.000961
-0.001065
-0.001054
-0.001082
-0.000783
-0.000452
-0.000161
-0.000478
-0.00061
-0.000686
-0.000822
-0.000979
-0.000905
-0.001158
0.000297
0.001145
0.001425
0.001197
0.000652
-0.000717
-0.00179
-0.000223
-0.001192
7.5e-05
0.000722
0.00095
0.000967
0.00081
0.000476
9.4e-05
-0.000353
-0.00037
-5.7e-05
8.7e-05
0.000103
3.1e-05
-4.1e-05
-3e-05
-3.5e-05
-0.000175
-0.001468
-0.001867
-0.002116
-0.002276
-0.002448
-0.002599
-0.00273
-0.00254
-0.002304
-0.002031
-0.001679
-0.001233
-0.00077
-0.00025
0.000143
0.000518
0.000876
0.001406
0.002053
0.002611
0.003064
0.002624
0.002385
0.002286
0.002287
0.002347
0.002326
0.003015
0.004592
0.005803
0.006839
0.007847
0.009047
0.010201
0.011894
0.013799
0.015705
0.017882
0.020346
0.022837
0.025165
0.027196
0.114979
0.080532
0.05907
0.045323
0.125519
0.22557
0.060677
0.174336
0.358027
0.353882
0.35265
0.35214
0.352096
0.352208
0.352459
0.353289
0.354355
0.356053
0.357983
0.359874
0.36197
0.364174
0.366356
0.368788
0.370871
0.373081
0.37533
0.377789
0.379907
0.382283
0.384044
0.385735
0.386995
0.387984
0.388406
0.388668
0.388506
0.387979
0.386873
0.386143
0.386566
0.389194
0.393317
0.39935
0.406902
0.413979
0.420919
0.428295
0.435678
0.443253
0.449981
0.456699
0.463526
0.470707
0.477898
0.485176
0.492779
0.501218
0.510005
0.517735
0.523469
0.528807
0.5337
0.538571
0.5432
0.547632
0.552521
0.557761
0.562978
0.567824
0.572417
0.577191
0.581661
0.585521
0.589031
0.592432
0.596493
0.600781
0.604623
0.608667
0.612315
0.615647
0.619091
0.623692
0.626084
0.63017
0.633444
0.636048
0.63819
0.640984
0.643114
0.645088
0.647108
0.649838
0.653097
0.656278
0.65945
0.661961
0.6644
0.666859
0.668394
0.669595
0.670409
0.671382
0.671689
0.672122
0.672624
0.674632
0.678107
0.68148
0.684638
0.687481
0.690871
0.693611
0.697459
0.697766
0.697456
0.697258
0.696974
0.69663
0.696189
0.696041
0.695893
0.6959
0.696346
0.696905
0.691145
0.694924
0.698616
0.701385
0.70258
0.703934
0.704793
0.705606
0.705938
0.705673
0.704918
0.703783
0.701687
0.707322
0.708142
0.707672
0.706964
0.706803
0.706238
0.705813
0.705701
0.704859
0.705732
0.707193
0.708733
0.71016
0.711028
0.71215
0.712901
0.713693
0.714341
0.715261
0.716208
0.716619
0.71708
0.717495
0.717406
0.717133
0.716694
0.71568
0.713993
0.712489
0.712485
0.713072
0.713626
0.714256
0.715017
0.715627
0.716124
0.71495
0.713546
0.712345
0.711423
0.710623
0.709851
0.709794
0.711385
0.713068
0.715009
0.716248
0.717141
0.719315
0.719846
0.721874
0.722281
0.723353
0.722918
0.721154
0.720702
0.720019
0.719386
0.719358
0.719541
0.717792
0.715492
0.713546
0.713167
0.713503
0.714105
0.714581
0.715276
0.716095
0.716749
0.716536
0.71639
0.716256
0.716488
0.71692
0.71726
0.717061
0.716415
0.715796
0.71576
0.716189
0.715932
0.715812
0.712322
0.711047
0.710483
0.71051
0.709407
0.708428
0.705868
0.702207
0.697979
0.693498
0.688637
0.683339
0.677905
0.691012
0.701323
0.703921
0.702232
0.699686
0.69386
0.684628
0.677454
0.672318
0.661621
0.655594
0.648551
0.637817
0.629285
0.630397
0.612466
0.603716
0.599778
0.585051
0.576971
0.566984
0.555897
0.543144
0.572584
0.581475
0.591636
0.601644
0.612842
0.620218
0.628237
0.635504
0.643764
0.647246
0.651862
0.656375
0.658768
0.661203
0.662028
0.663132
0.663651
0.663222
0.663239
0.662981
0.659908
0.652001
0.648642
0.647168
0.646861
0.645954
0.645949
0.645768
0.645304
0.644512
0.644167
0.644535
0.644408
0.644325
0.644093
0.643497
0.643133
0.642834
0.642744
0.642659
0.642792
0.643002
0.643318
0.644073
0.645177
0.646637
0.647854
0.648937
0.650114
0.651524
0.653055
0.654529
0.655864
0.657017
0.65819
0.659393
0.659987
0.66013
0.660234
0.660041
0.659691
0.659211
0.658645
0.658232
0.657521
0.656544
0.656263
0.655875
0.6555
0.655841
0.65631
0.656997
0.657073
0.656896
0.656732
0.656793
0.657012
0.657392
0.657902
0.659481
0.661131
0.663084
0.664563
0.665489
0.666175
0.666814
0.667668
0.668474
0.669211
0.670014
0.670735
0.671449
0.67215
0.672644
0.672896
0.673004
0.672763
0.673026
0.673639
0.674087
0.674455
0.674529
0.674283
0.673597
0.672981
0.671752
0.670273
0.668521
0.667016
0.666083
0.665783
0.666358
0.666824
0.666907
0.666848
0.668052
0.669763
0.676094
0.678543
0.679109
0.678517
0.678219
0.670796
0.667941
0.666864
0.66662
0.666806
0.664672
0.661969
0.660459
0.658561
0.656353
0.652904
0.649384
0.645171
0.639671
0.634112
0.631354
0.637869
0.642532
0.647479
0.652291
0.656596
0.659228
0.659549
0.658684
0.657252
0.6558
0.653611
0.651407
0.646198
0.63956
0.632438
0.625642
0.618391
0.610379
0.602004
0.602388
0.603365
0.604401
0.604026
0.603139
0.602704
0.604854
0.611634
0.616903
0.623245
0.62717
0.630295
0.632551
0.634575
0.632389
0.62756
0.623848
0.621261
0.618465
0.616099
0.614674
0.612997
0.612269
0.611852
0.61162
0.612192
0.61291
0.613506
0.614102
0.613258
0.611481
0.609494
0.607398
0.605629
0.604044
0.601754
0.59839
0.595423
0.593433
0.592149
0.59122
0.59044
0.589109
0.588216
0.587654
0.587343
0.586376
0.584896
0.58523
0.586495
0.587986
0.588948
0.590544
0.591541
0.592982
0.593591
0.593992
0.594333
0.593976
0.594861
0.594195
0.59273
0.590944
0.588819
0.587056
0.586538
0.586859
0.587684
0.588493
0.587556
0.586265
0.586306
0.586503
0.586943
0.587242
0.587701
0.588629
0.59018
0.591979
0.593807
0.594896
0.595495
0.595545
0.594983
0.5942
0.593384
0.592444
0.591785
0.591821
0.592062
0.592529
0.592709
0.593418
0.594669
0.596754
0.598638
0.599872
0.60027
0.599984
0.598027
0.594274
0.589323
0.584166
0.577428
0.573535
0.566862
0.562067
0.55684
0.554118
0.552359
0.552274
0.552748
0.553592
0.554636
0.55524
0.554215
0.553337
0.552288
0.551743
0.551003
0.54967
0.548672
0.546198
0.543643
0.540991
0.538728
0.535824
0.533295
0.530454
0.528605
0.527267
0.526375
0.525073
0.523817
0.522316
0.521148
0.51987
0.517041
0.514653
0.512609
0.512058
0.513037
0.514948
0.516641
0.519246
0.525797
0.531925
0.535654
0.538698
0.536605
0.535429
0.531454
0.528372
0.524293
0.520895
0.517765
0.514187
0.51111
0.507384
0.505537
0.501841
0.500038
0.496877
0.493941
0.493048
0.492664
0.49386
0.495267
0.496295
0.497302
0.498397
0.49972
0.50082
0.501316
0.502578
0.504234
0.506023
0.511942
0.515906
0.518006
0.519735
0.520473
0.521163
0.520086
0.516986
0.513378
0.509347
0.506576
0.506783
0.507677
0.509216
0.510695
0.512678
0.513206
0.512517
0.511461
0.512565
0.514423
0.516495
0.519552
0.522754
0.525434
0.529497
0.532931
0.533973
0.536342
0.536645
0.533869
0.530298
0.526385
0.523287
0.521054
0.52034
0.519479
0.518685
0.515689
0.511389
0.507579
0.505065
0.503371
0.502511
0.502509
0.501937
0.501556
0.501339
0.501044
0.501239
0.501411
0.501814
0.502634
0.502958
0.506236
0.510759
0.515813
0.519803
0.523244
0.52673
0.530396
0.534436
0.538469
0.541028
0.543002
0.544623
0.546403
0.547344
0.547298
0.546792
0.546264
0.545415
0.54433
0.543294
0.542215
0.542697
0.543992
0.545349
0.545597
0.545138
0.545217
0.544658
0.543117
0.541314
0.539748
0.539444
0.539455
0.539742
0.54047
0.541037
0.541949
0.542863
0.54235
0.540473
0.537652
0.535438
0.534125
0.533185
0.532292
0.533426
0.536133
0.539232
0.541143
0.541627
0.541618
0.541532
0.541315
0.541008
0.540916
0.540963
0.540613
0.541051
0.541714
0.542481
0.543003
0.54317
0.543477
0.543625
0.543246
0.542435
0.541715
0.541076
0.540815
0.54102
0.541792
0.542816
0.543213
0.541685
0.540974
0.540779
0.540813
0.541429
0.542815
0.544163
0.54565
0.546837
0.547361
0.547488
0.547192
0.546414
0.545448
0.544952
0.544733
0.544808
0.547243
0.549402
0.551223
0.552777
0.55386
0.555277
0.55663
0.55798
0.563288
0.567359
0.570134
0.571411
0.571383
0.571583
0.572173
0.573015
0.573505
0.573525
0.573223
0.572785
0.572516
0.572975
0.574785
0.578962
0.586395
0.596391
0.608397
0.62205
0.63782
0.655676
0.678569
0.703172
0.728137
0.755682
0.78572
0.819103
0.857585
0.89808
0.941614
0.988636
1.03783
1.08783
1.14773
1.20092
1.25144
1.30654
1.35378
1.40009
1.44361
1.48732
1.53249
1.57476
1.61589
1.65632
1.69535
1.7347
1.7743
1.81335
1.85388
1.89882
1.93828
1.97167
2.00456
2.03971
2.07878
2.11545
2.14994
2.18782
2.22107
2.25122
2.27807
2.30548
2.33215
2.35756
2.38292
2.40825
2.43342
2.45881
2.48149
2.50456
2.52634
2.54807
2.56989
2.59216
2.59484
2.58735
2.5996
2.60583
2.60942
2.61374
2.62077
2.62811
2.63626
2.64365
2.64745
2.65033
2.65313
2.65633
2.66032
2.66544
2.67284
2.67933
2.68458
2.68885
2.69295
2.69653
2.70117
2.70524
2.70779
2.70937
2.70989
2.7069
2.70392
2.70247
2.69987
2.69633
2.69196
2.68036
2.66645
2.65062
2.63213
2.61002
2.58687
2.56947
2.58266
2.59014
2.59289
2.59621
2.60092
2.60701
2.61221
2.61711
2.6205
2.60243
2.57578
2.55131
2.52635
2.50441
2.49429
2.49157
2.48581
2.47916
2.47175
2.46319
2.45477
2.44643
2.438
2.42908
2.42076
2.41298
2.40441
2.3982
2.39518
2.39235
2.39532
2.39683
2.3989
2.39674
2.39366
2.38793
2.37771
2.37106
2.36596
2.35911
2.35094
2.3394
2.33312
2.3254
2.32189
2.31987
2.32003
2.31855
2.31879
2.31965
2.32037
2.32549
2.33179
2.33869
2.34634
2.34972
2.34515
2.34263
2.34269
2.34273
2.34402
2.34212
2.33883
2.33427
2.33692
2.34457
2.34489
2.35153
2.35776
2.36001
2.35921
2.36381
2.3661
2.36256
2.35564
2.34753
2.33994
2.3314
2.32342
2.31837
2.31471
2.31187
2.30855
2.30657
2.30518
2.30564
2.30708
2.30799
2.30852
2.30642
2.29608
2.28543
2.27557
2.26702
2.26839
2.27141
2.2711
2.27011
2.27109
2.27089
2.2676
2.2654
2.2716
2.27677
2.28235
2.28374
2.27861
2.27185
2.26748
2.26409
2.25969
2.2547
2.25046
2.24321
2.23424
2.22338
2.21193
2.20164
2.19696
2.19551
2.19226
2.18203
2.17441
2.16988
2.16728
2.16447
2.15937
2.15734
2.16037
2.16251
2.16536
2.16438
2.16107
2.15858
2.15634
2.15722
2.15854
2.15979
2.15918
2.15962
2.15991
2.16234
2.16946
2.17491
2.17786
2.17944
2.18055
2.18151
2.18484
2.18699
2.18936
2.19
2.19125
2.19257
2.19596
2.20528
2.21711
2.22395
2.22481
2.22821
2.23637
2.2403
2.24249
2.24435
2.25139
2.26065
2.2689
2.27602
2.28381
2.29164
2.29777
2.30541
2.31371
2.32333
2.33183
2.33696
2.34256
2.34853
2.35214
2.35267
2.35328
2.35528
2.35965
2.36313
2.36573
2.36648
2.36705
2.36874
2.37304
2.37803
2.3828
2.3874
2.39125
2.39449
2.39598
2.39778
2.40049
2.40492
2.40802
2.41033
2.41141
2.41288
2.41509
2.41731
2.41899
2.42037
2.42128
2.42256
2.42387
2.42529
2.42625
2.42658
2.42623
2.42589
2.42547
2.42423
2.42284
2.4205
2.41804
2.41536
2.41318
2.41136
2.40876
2.40726
2.40483
2.40172
2.39828
2.39172
2.38275
2.37229
2.36169
2.34905
2.3319
2.31691
2.30094
2.28639
2.27371
2.26338
2.25426
2.24518
2.23695
2.22952
2.22323
2.21475
2.20481
2.19358
2.1833
2.17424
2.16636
2.15788
2.1486
2.14065
2.13376
2.1254
2.11133
2.09766
2.08658
2.08385
2.08592
2.08273
2.07504
2.06766
2.06827
2.07336
2.0768
2.07623
2.06918
2.06387
2.0591
2.05104
2.05053
2.05348
2.05782
2.05557
2.05352
2.05353
2.05798
2.06277
2.06904
2.07573
2.08205
2.07853
2.07892
2.07951
2.08072
2.07943
2.08198
2.08595
2.09015
2.09878
2.11011
2.1165
2.1195
2.13605
2.13942
2.11601
2.11609
2.11775
2.12152
2.1227
2.12103
2.11847
2.11926
2.1234
2.12865
2.13163
2.13135
2.13218
2.13366
2.13664
2.13764
2.13718
2.13462
2.13251
2.13021
2.12399
2.11445
2.10257
2.09217
2.08949
2.08777
2.08042
2.08174
2.07786
2.07049
2.05924
2.04996
2.03768
2.03016
2.02483
2.01158
1.99664
1.98435
1.97592
1.97161
1.97056
1.96473
1.95849
1.95571
1.95642
1.95521
1.96175
1.96814
1.96782
1.9628
1.9793
1.97762
1.97703
1.97575
1.9727
1.96285
1.88516
1.88486
1.88101
1.8728
1.86463
1.8614
1.87143
1.87508
1.86676
1.86389
1.86555
1.86425
1.85918
1.85772
1.85752
1.84374
1.83504
1.82312
1.80605
1.80395
1.81208
1.81084
1.80069
1.80535
1.80989
1.80774
1.80837
1.80976
1.80337
1.78752
1.77714
1.76969
1.77006
1.77892
1.7828
1.79143
1.79724
1.79568
1.79315
1.79068
1.78796
1.79322
1.7992
1.80208
1.80539
1.80945
1.81674
1.82032
1.82109
1.82286
1.827
1.84099
1.84999
1.86125
1.88201
1.88697
1.87177
1.87891
1.88325
1.88717
1.88546
1.8834
1.87927
1.87522
1.87414
1.87785
1.883
1.88786
1.8959
1.90238
1.90572
1.91259
1.91403
1.91539
1.9193
1.91917
1.91952
1.92509
1.92882
1.93171
1.94303
1.94816
1.95161
1.95278
1.93127
1.93043
1.93192
1.93333
1.93452
1.93552
1.93478
1.93309
1.95453
1.95721
1.95907
1.95981
1.9604
1.9585
1.95491
1.91976
1.9177
1.91649
1.91359
1.90941
1.90576
1.90311
1.90169
1.90003
1.89622
1.8923
1.88542
1.87982
1.87853
1.87905
1.88177
1.88792
1.88621
1.88289
1.85754
1.85181
1.84341
1.83946
1.84469
1.84523
1.84169
1.83551
1.82462
1.81028
1.79135
1.76954
1.73838
1.70193
1.66553
1.60251
1.58116
1.54622
1.52431
1.50793
1.49214
1.47181
1.42876
1.37064
1.30064
1.20739
1.10432
0.989001
0.866404
0.727462
0.585527
0.436125
0.281744
0.109088
-0.069913
-0.245453
-0.416071
-0.586728
-0.78025
-0.9549
-1.11893
-1.28605
-1.45511
-1.6375
-1.81134
-1.97756
-2.13459
-2.27308
-2.5556
-2.81004
-3.04826
-3.24433
-3.39673
-3.49131
-3.527
-3.50216
-3.42241
-3.30739
-3.13775
-2.92317
-2.67212
-2.53807
-2.24229
-2.0768
-1.91913
-1.75218
-1.58098
-1.3905
-1.21633
-1.0553
-0.91845
-0.793292
-0.671031
-0.55662
-0.44993
-0.347526
-0.253733
-0.164451
-0.06265
0.010231
0.074986
0.134983
0.190271
0.279288
0.322292
0.358902
0.392644
0.421074
0.455336
0.48052
0.497751
0.514023
0.524877
0.531048
0.53435
0.535711
0.536262
0.536903
0.536364
0.534789
0.532473
0.529453
0.497016
0.49345
0.489708
0.486309
0.481405
0.476721
0.471904
0.467379
0.462775
0.446683
0.443353
0.441297
0.439956
0.4406
0.442044
0.444783
0.445758
0.445917
0.440515
0.430334
0.412567
0.389252
0.35848
0.324945
0.287996
0.249844
0.209264
0.168145
0.125554
0.072759
0.028509
-0.014978
-0.060006
-0.105608
-0.159002
-0.210969
-0.258682
-0.301074
-0.345587
-0.389424
-0.4247
-0.458766
-0.48866
-0.51512
-0.536908
-0.556942
-0.575452
-0.58981
-0.60238
-0.612825
-0.621507
-0.628183
-0.63267
-0.635294
-0.637707
-0.63749
-0.635429
-0.632396
-0.628072
-0.623355
-0.618888
-0.612875
-0.607076
-0.60056
-0.593198
-0.585738
-0.578123
-0.570023
-0.561639
-0.55349
-0.535428
-0.528077
-0.52129
-0.514633
-0.508335
-0.502577
-0.498091
-0.493107
-0.488477
-0.484199
-0.479923
-0.476082
-0.472507
-0.469463
-0.467045
-0.464996
-0.463194
-0.461469
-0.460111
-0.458849
-0.457893
-0.457063
-0.45657
-0.45718
-0.457115
-0.457213
-0.457425
-0.457483
-0.457875
-0.458379
-0.458914
-0.459265
-0.46033
-0.460867
-0.462101
-0.462999
-0.463581
-0.463767
-0.463965
-0.463891
-0.463567
-0.463203
-0.462646
-0.46193
-0.460987
-0.459794
-0.458477
-0.457064
-0.455579
-0.453401
-0.451772
-0.450173
-0.448552
-0.446877
-0.444721
-0.442974
-0.441419
-0.43987
-0.438333
-0.436733
-0.435082
-0.433102
-0.431663
-0.430358
-0.429166
-0.427882
-0.426379
-0.42468
-0.423083
-0.421683
-0.420159
-0.418666
-0.417234
-0.415831
-0.414442
-0.413001
-0.411672
-0.41034
-0.409024
-0.407328
-0.404813
-0.40292
-0.401249
-0.399731
-0.398486
-0.396886
-0.395206
-0.394125
-0.392544
-0.391272
-0.390208
-0.389169
-0.388808
-0.389364
-0.390663
-0.402348
-0.404976
-0.408254
-0.418468
-0.422216
-0.428664
-0.436964
-0.449673
-0.467785
-0.491835
-0.52347
-0.56495
-0.612283
-0.666407
-0.724798
-0.78733
-0.852212
-0.918589
-0.991526
-1.09737
-1.18485
-1.26518
-1.33989
-1.40899
-1.47896
-1.60846
-1.71262
-1.81276
-1.90792
-2.00575
-2.0585
-2.16241
-2.25525
-2.34885
-2.42686
-2.50327
-2.57041
-2.62314
-2.66834
-2.69158
-2.70185
-2.69623
-2.67816
-2.64589
-2.61014
-2.56214
-2.50636
-2.44727
-2.3795
-2.31249
-2.23343
-2.15823
-2.07714
-2.00022
-1.92292
-1.85146
-1.78022
-1.71049
-1.64735
-1.58677
-1.52554
-1.47141
-1.42055
-1.3736
-1.32919
-1.28743
-1.25099
-1.22015
-1.19066
-1.16434
-1.13956
-1.11901
-1.10135
-1.08566
-1.07234
-1.06147
-1.05252
-1.04513
-1.03906
-1.03356
-1.0285
-1.02438
-1.02137
-1.01894
-1.01826
-1.01578
-1.01394
-1.01221
-1.01026
-1.00868
-1.00616
-1.00506
-1.0037
-1.00036
-0.99599
-0.993721
-0.987733
-0.985199
-0.979509
-0.974051
-0.968218
-0.960944
-0.953234
-0.94584
-0.938826
-0.930938
-0.922743
-0.913484
-0.904141
-0.894129
-0.883823
-0.872784
-0.861821
-0.851354
-0.840504
-0.829351
-0.818022
-0.806631
-0.794941
-0.782267
-0.770305
-0.758729
-0.747356
-0.735505
-0.724485
-0.713606
-0.702666
-0.691266
-0.680112
-0.66857
-0.656947
-0.643969
-0.631984
-0.620539
-0.608953
-0.597649
-0.586543
-0.575313
-0.564971
-0.55399
-0.542522
-0.530259
-0.518615
-0.507423
-0.495807
-0.483972
-0.472156
-0.460538
-0.448825
-0.43717
-0.425402
-0.412022
-0.399842
-0.38771
-0.375947
-0.363197
-0.35076
-0.33839
-0.325976
-0.313563
-0.306547
-0.299716
-0.292537
-0.277719
-0.26977
-0.256612
-0.245003
-0.234072
-0.223007
-0.21224
-0.201536
-0.190812
-0.179921
-0.169237
-0.158132
-0.15228
-0.140228
-0.128854
-0.116663
-0.110481
-0.097881
-0.085379
-0.072181
-0.065573
-0.052157
-0.046368
-0.039931
-0.033762
-0.022474
-0.013506
-0.007573
-0.007742
-0.001426
0.000543
0.008284
0.014155
0.032099
0.052885
0.080831
0.113206
0.139856
0.165626
0.192259
0.249464
0.277459
0.307365
0.338933
0.369543
0.410986
0.442341
0.475192
0.508668
0.540834
0.572487
0.603828
0.634396
0.665103
0.695561
0.724331
0.753074
0.781789
0.811123
0.840018
0.866697
0.893241
0.919284
0.94461
0.969207
0.992679
1.01707
1.0403
1.06162
1.08298
1.10351
1.12389
1.14443
1.16441
1.1831
1.20115
1.21865
1.23668
1.25516
1.27326
1.29103
1.30783
1.32444
1.34157
1.35727
1.37194
1.38647
1.40202
1.41919
1.43638
1.45276
1.46819
1.48301
1.49769
1.51224
1.52546
1.53801
1.5501
1.56264
1.57525
1.58806
1.60061
1.61356
1.62631
1.63902
1.65168
1.66431
1.67679
1.68924
1.70226
1.71558
1.72811
1.74093
1.75371
1.76622
1.77883
1.79114
1.80374
1.81603
1.82836
1.83998
1.85122
1.86221
1.87339
1.88355
1.89259
1.9007
1.90776
1.91404
1.91945
1.92466
1.92841
1.93143
1.93301
1.93396
1.93423
1.93408
1.9331
1.92441
1.92228
1.9195
1.91614
1.91256
1.90796
1.90292
1.89728
1.89106
1.88408
1.87696
1.86949
1.86173
1.85342
1.84513
1.83659
1.82785
1.81917
1.8104
1.80126
1.79256
1.78331
1.7738
1.76423
1.75487
1.74515
1.73479
1.72426
1.71427
1.70485
1.69556
1.68622
1.67721
1.66827
1.65942
1.65038
1.64124
1.63151
1.62167
1.6116
1.60105
1.59015
1.57913
1.56722
1.55508
1.54272
1.53024
1.51752
1.50492
1.4919
1.4788
1.46231
1.44574
1.42892
1.41118
1.39259
1.37534
1.35784
1.34122
1.32538
1.30868
1.29213
1.27549
1.25882
1.24268
1.22535
1.20839
1.1915
1.17457
1.1535
1.13922
1.12319
1.10676
1.09064
1.07221
1.05015
1.02796
1.0048
0.980949
0.954969
0.925171
0.893124
0.858055
0.822125
0.786334
0.748138
0.70758
0.667765
0.627707
0.586865
0.54538
0.505354
0.466716
0.428848
0.393405
0.359172
0.326553
0.298312
0.273608
0.252444
0.234825
0.221882
0.213607
0.210753
0.213218
0.219909
0.234674
0.256831
0.278545
0.305794
0.333559
0.364771
0.398267
0.43298
0.468764
0.505894
0.543249
0.580626
0.626153
0.666117
0.703267
0.739617
0.777077
0.812303
0.844135
0.876964
0.907409
0.937027
0.963917
0.988311
1.01222
1.03395
1.05495
1.07485
1.0937
1.12705
1.1436
1.15945
1.17422
1.18771
1.19909
1.21066
1.22129
1.23121
1.24036
1.24887
1.25639
1.26315
1.26845
1.27274
1.27671
1.2813
1.28678
1.29297
1.29905
1.30475
1.31068
1.3166
1.32217
1.32754
1.3333
1.33897
1.34449
1.35
1.35555
1.36111
1.36683
1.37251
1.37793
1.38342
1.3888
1.39412
1.3994
1.40392
1.40735
1.40999
1.41192
1.41371
1.41534
1.41667
1.41824
1.41898
1.41959
1.42001
1.42025
1.42034
1.42079
1.42066
1.42043
1.42009
1.4197
1.41925
1.41874
1.40565
1.4051
1.40451
1.40381
1.40313
1.40242
1.40162
1.40072
1.39982
1.39893
1.39809
1.39729
1.39647
1.39563
1.39474
1.39382
1.39288
1.39178
1.39074
1.3897
1.3886
1.38747
1.38631
1.38507
1.38378
1.38248
1.38116
1.37979
1.37836
1.37683
1.38703
1.38534
1.38346
1.38146
1.37941
1.37741
1.37535
1.37323
1.37104
1.36874
1.3663
1.364
1.36162
1.35916
1.35676
1.3544
1.35212
1.35005
1.34839
1.34717
1.34586
1.34582
1.34628
1.34756
1.34897
1.35145
1.35493
1.35897
1.36396
1.37053
1.37756
1.38544
1.3933
1.42723
1.43521
1.44295
1.45002
1.45707
1.46404
1.47088
1.47775
1.48486
1.4923
1.50043
1.50776
1.51457
1.52145
1.52842
1.53519
1.54208
1.54912
1.55618
1.56326
1.57063
1.57849
1.58599
1.59348
1.6021
1.61122
1.61964
1.62789
1.63621
1.64459
1.6529
1.66127
1.66973
1.67835
1.68747
1.69644
1.70637
1.7165
1.727
1.73788
1.74891
1.76044
1.7734
1.78587
1.79766
1.80984
1.82255
1.83584
1.84875
1.86182
1.8747
1.89977
1.92532
1.93762
1.9502
1.96307
1.97698
1.99044
2.00386
2.01803
2.03185
2.04618
2.05872
2.08334
2.10288
2.11944
2.12745
2.1408
2.15288
2.16243
2.17405
2.18533
2.1978
2.21038
2.22607
2.24413
2.26304
2.27314
2.28519
2.3103
2.3221
2.33533
2.36217
2.38654
2.41289
2.43839
2.45142
2.46516
2.47843
2.45704
2.46899
2.48054
2.49208
2.50205
2.51166
2.52709
2.53335
2.54757
2.56176
2.57671
2.5904
2.59613
2.60616
2.60422
2.60785
2.60816
2.60541
2.60299
2.59977
2.59482
2.58427
2.57851
2.56447
2.55608
2.54729
2.52924
2.51264
2.50316
2.48232
2.4624
2.43841
2.41242
2.38575
2.36002
2.34439
2.32056
2.29722
2.27516
2.25234
2.22882
2.24887
2.23271
2.21852
2.20655
2.19694
2.18919
2.18364
2.18158
2.17868
2.17791
2.17874
2.18091
2.18439
2.18887
2.19446
2.20051
2.20746
2.21458
2.22195
2.22963
2.23353
2.24124
2.24798
2.25455
2.26082
2.26374
2.26921
2.27382
2.27764
2.27914
2.28087
2.28219
2.28351
2.28465
2.28548
2.28587
2.28587
2.28528
2.28186
2.27811
2.27697
2.2752
2.27293
2.27017
2.26524
2.2568
2.25131
2.24506
2.22998
2.21441
2.19743
2.17718
2.15514
2.13105
2.10686
2.09403
2.06518
2.03691
2.00815
1.99341
1.97797
1.96151
1.94506
1.91308
1.89748
1.8654
1.83231
1.8137
1.77263
1.75048
1.69442
1.66521
1.63317
1.5998
1.5305
1.45839
1.38241
1.3442
1.26052
1.18141
1.10438
1.03255
0.968143
0.937749
0.875075
0.816982
0.761253
0.710522
0.663425
0.639608
0.615651
0.560637
0.538988
0.517024
0.470134
0.429658
0.409735
0.389328
0.367254
0.32503
0.306844
0.269181
0.231039
0.212225
0.175098
0.140692
0.123311
0.105594
0.085734
0.065692
0.04683
0.027394
0.002702
-0.018546
-0.037238
-0.056378
-0.074709
-0.09167
-0.124203
-0.139787
-0.155267
-0.170625
-0.186103
-0.202747
-0.240314
-0.257215
-0.276245
-0.296492
-0.318544
-0.342287
-0.389958
-0.463571
-0.49012
-0.519646
-0.579526
-0.612092
-0.646813
-0.681276
-0.716109
-0.752198
-0.791848
-0.829781
-0.866138
-0.938364
-0.973868
-1.04365
-1.07947
-1.11445
-1.15876
-1.23801
-1.27124
-1.30466
-1.33747
-1.40098
-1.43187
-1.46292
-1.49312
-1.52378
-1.55425
-1.58635
-1.61749
-1.64596
-1.67424
-1.72944
-1.75567
-1.78258
-1.80957
-1.83565
-1.86141
-1.88726
-1.9133
-1.93918
-1.96322
-1.98601
-2.00916
-2.03084
-2.05213
-2.07418
-2.09568
-2.11803
-2.14279
-2.16941
-2.19694
-2.22503
-2.25194
-2.28121
-2.31006
-2.33438
-2.36285
-2.39094
-2.41372
-2.42969
-2.43992
-2.44566
-2.44816
-2.44797
-2.44806
-2.4469
-2.43769
-2.43581
-2.43482
-2.43145
-2.42767
-2.42298
-2.41892
-2.4145
-2.41063
-2.40685
-2.40384
-2.40046
-2.39753
-2.39505
-2.39367
-2.39297
-2.34455
-2.34446
-2.34586
-2.34656
-2.35265
-2.35655
-2.36027
-2.36336
-2.36575
-2.35385
-2.3458
-2.33316
-2.31512
-2.29111
-2.25865
-2.22817
-2.19021
-2.14445
-2.09341
-2.04218
-1.97717
-1.9079
-1.84424
-1.71061
-1.58631
-1.52124
-1.44819
-1.37817
-1.31126
-1.24652
-1.12344
-1.06498
-1.00815
-0.952932
-0.899661
-0.848392
-0.758259
-0.713466
-0.636217
-0.600555
-0.566615
-0.534752
-0.505265
-0.477081
-0.449147
-0.424923
-0.399937
-0.376758
-0.355838
-0.341391
-0.324914
-0.310995
-0.288705
-0.270776
-0.262934
-0.255821
-0.249468
-0.243916
-0.238988
-0.229269
-0.225505
-0.221776
-0.216816
-0.211375
-0.207131
-0.1964
-0.189048
-0.183437
-0.18351
-0.184863
-0.201583
-0.230355
-0.247558
-0.267912
-0.288948
-0.315297
-0.338502
-0.36117
-0.385166
-0.408246
-0.451461
-0.47193
-0.493418
-0.513679
-0.545286
-0.568999
-0.612279
-0.635587
-0.659719
-0.683371
-0.706544
-0.729531
-0.751648
-0.777768
-0.801724
-0.826234
-0.85352
-0.87658
-0.89773
-0.917032
-0.931682
-0.947402
-0.961396
-0.969567
-0.977379
-0.983159
-0.990945
-0.992019
-0.992869
-0.991297
-0.985603
-0.983197
-0.979458
-0.971637
-0.958808
-0.9438
-0.936626
-0.929641
-0.921961
-0.917412
-0.901571
-0.894437
-0.887425
-0.879786
-0.870835
-0.863715
-0.859829
-0.858789
-0.865509
-0.873237
-0.891761
-0.90165
-0.876631
-0.803779
-0.736066
-0.658282
-0.573528
-0.478675
-0.281747
-0.182836
-0.079625
0.024976
0.136396
0.340174
0.517259
0.596109
0.671281
0.740819
0.866249
0.919908
0.972252
1.02627
1.06638
1.09564
1.12074
1.13848
1.15164
1.15844
1.16197
1.16195
1.1572
1.14949
1.11994
1.1004
1.07608
1.04872
0.987624
0.953812
0.9174
0.878901
0.837403
0.795363
0.752315
0.710293
0.66808
0.625707
0.548267
0.516608
0.48812
0.458371
0.435335
0.414876
0.396644
0.359918
0.328172
0.30635
0.298585
0.30086
0.313661
0.332098
0.363325
0.39459
0.433777
0.529972
0.588461
0.654207
0.796638
0.970113
1.17001
1.38721
1.59936
1.82897
2.02537
2.20735
2.37138
2.50668
2.63215
2.74787
2.82613
2.85033
2.87107
2.88985
2.91262
2.91698
2.90994
2.90463
2.88574
2.85864
2.84171
2.80373
2.76246
2.71714
2.69536
2.67188
2.653
2.6286
2.60008
2.55223
2.51079
2.47052
2.43356
2.39825
2.36031
2.36755
2.35347
2.32665
2.30346
2.29247
2.28156
2.27075
2.25053
2.23175
2.21424
2.19842
2.18274
2.16711
2.15108
2.13516
2.12697
2.11739
2.09847
2.07775
2.05622
2.03455
2.01054
1.99055
1.9364
1.91517
1.90027
1.88695
1.87894
1.86605
1.85646
1.84373
1.82789
1.81106
1.79162
1.76968
1.71728
1.65842
1.5922
1.51645
1.43251
1.34372
1.29833
1.19603
1.09099
0.982555
0.929342
0.873611
0.760677
0.706055
0.590977
0.53522
0.421299
0.313511
0.209347
0.09046
-0.015197
-0.110892
-0.207589
-0.300238
-0.396756
-0.487938
-0.578573
-0.622354
-0.711647
-0.796835
-0.881491
-0.96435
-1.0551
-1.13727
-1.22049
-1.30074
-1.38271
-1.46144
-1.54085
-1.62016
-1.69814
-1.78585
-1.86405
-1.9397
-2.01699
-2.09509
-2.17285
-2.24775
-2.32069
-2.39292
-2.4631
-2.53751
-2.60711
-2.67862
-2.74891
-2.81752
-2.88677
-2.92175
-2.99761
-3.06354
-3.12725
-3.15923
-3.195
-3.23394
-3.27298
-3.31008
-3.34624
-3.38417
-3.42035
-3.4565
-3.51559
-3.57114
-3.63082
-3.69314
-3.76332
-3.83944
-3.93164
-4.03387
-4.14472
-4.27257
-4.40366
-4.54141
-4.69512
-4.8558
-5.02201
-5.20383
-5.39677
-5.49911
-5.72166
-5.82797
-6.05122
-6.25488
-6.46647
-6.65962
-6.85863
-7.05817
-7.25762
-7.45248
-7.64244
-7.84622
-8.05216
-8.24182
-8.44084
-8.62695
-8.83846
-9.01077
-9.18303
-9.34841
-9.51732
-9.67036
-9.81107
-9.94539
-10.0751
-10.1927
-10.3204
-10.436
-10.5434
-10.6443
-10.7501
-10.8497
-10.9347
-11.0158
-11.0981
-11.167
-11.2313
-11.289
-11.3497
-11.407
-11.4595
-11.5085
-11.5463
-11.5931
-11.6176
-11.6314
-11.645
-11.6552
-11.6622
-11.6586
-11.6408
-11.6298
-11.6184
-11.6048
-11.5884
-11.5678
-11.5414
-11.4996
-11.4422
-11.3861
-11.3332
-11.28
-11.2277
-11.1762
-11.1241
-11.0686
-11.0136
-10.957
-10.8998
-10.8373
-10.779
-10.7272
-10.6791
-10.6283
-10.5753
-10.5204
-10.4656
-10.4076
-10.3442
-10.2826
-10.2172
-10.153
-10.0925
-10.0225
-9.95946
-9.894
-9.82626
-9.76029
-9.69448
-9.62688
-9.54724
-9.47753
-9.4089
-9.33482
-9.2535
-9.16779
-9.09427
-9.02413
-8.95093
-8.88123
-8.81307
-8.7457
-8.67582
-8.60092
-8.52341
-8.44925
-8.3698
-8.29572
-8.22014
-8.14421
-8.07069
-7.99425
-7.91751
-7.83951
-7.76062
-7.68533
-7.61383
-7.54742
-7.47821
-7.41543
-7.35847
-7.30306
-7.25023
-7.21624
-7.16684
-7.1199
-7.06388
-7.00607
-6.94247
-6.8737
-6.79504
-6.70547
-6.59782
-6.4715
-6.33723
-6.16596
-6.0206
-5.84796
-5.66801
-5.50276
-5.34653
-5.15253
-4.99847
-4.83518
-4.66733
-4.50474
-4.33625
-4.17731
-4.01774
-3.85697
-3.69944
-3.54832
-3.36348
-3.20975
-3.01341
-2.87211
-2.72215
-2.57713
-2.44126
-2.32245
-2.18789
-2.07877
-1.98852
-1.89576
-1.81108
-1.72393
-1.64393
-1.56633
-1.47911
-1.41039
-1.34465
-1.28047
-1.21712
-1.15546
-1.09925
-1.0425
-0.978517
-0.915011
-0.854414
-0.793762
-0.725535
-0.650429
-0.583474
-0.514128
-0.446846
-0.373394
-0.302574
-0.239237
-0.17258
-0.104512
-0.038488
0.025788
0.087647
0.156779
0.218759
0.27773
0.335835
0.385624
0.443737
0.499677
0.557198
0.610689
0.662097
0.712669
0.762659
0.810469
0.860125
0.902986
0.942456
0.980116
1.01779
1.0541
1.08774
1.12015
1.15069
1.18177
1.21129
1.2386
1.26489
1.29049
1.31779
1.34358
1.36577
1.38874
1.41027
1.43533
1.45713
1.4768
1.49178
1.47826
1.4844
1.49419
1.5034
1.51296
1.52305
1.53294
1.53991
1.54609
1.5525
1.5717
1.58211
1.60009
1.6091
1.61909
1.62881
1.63756
1.64514
1.651
1.65546
1.65578
1.65848
1.65397
1.6512
1.64651
1.64231
1.63776
1.63473
1.62827
1.62603
1.62057
1.6183
1.61496
1.61063
1.59927
1.59239
1.58215
1.57597
1.56622
1.55452
1.54316
1.53177
1.52131
1.51136
1.49697
1.48386
1.47279
1.46201
1.45193
1.43802
1.42537
1.41444
1.40721
1.40092
1.39196
1.38365
1.36534
1.35109
1.32981
1.30638
1.27968
1.24885
1.21797
1.18722
1.15786
1.12531
1.09276
1.0469
1.01211
0.980284
0.948271
0.906184
0.869163
0.827862
0.782637
0.737749
0.682566
0.628709
0.566634
0.507259
0.445114
0.378149
0.300625
0.199762
0.109557
0.015404
-0.076023
-0.173995
-0.283174
-0.397559
-0.512291
-0.627648
-0.743489
-0.851099
-0.961342
-1.07326
-1.19167
-1.30815
-1.41223
-1.51575
-1.6291
-1.83732
-2.05218
-2.27527
-2.38185
-2.60371
-2.70936
-2.81972
-3.04231
-3.13726
-3.25668
-3.36273
-3.54981
-3.62641
-3.71675
-3.7966
-3.85327
-3.96831
-4.16278
-4.35572
-4.55901
-4.77446
-4.97806
-5.20358
-5.32516
-5.58211
-5.78723
-6.01076
-6.24112
-6.47521
-6.58687
-6.86684
-7.09974
-7.34762
-7.58933
-7.83622
-8.06849
-8.28568
-8.4911
-8.72864
-8.94452
-9.06014
-9.16105
-9.23117
-9.27395
-9.30223
-9.24454
-9.32319
-9.40577
-9.53779
-9.58872
-9.59133
-9.75905
-10.1752
-10.6544
-11.0342
-11.2254
-11.3937
-11.5551
-11.613
-11.5984
-11.6975
-11.8259
-12.0165
-12.291
-12.513
-12.7848
-13.0728
-13.3569
-13.7979
-14.1278
-14.4604
-14.7806
-15.1323
-15.4818
-15.7991
-16.1102
-16.4389
-16.7349
-17.0092
-17.2679
-17.4643
-17.6844
-17.8691
-18.0298
-18.1891
-18.3129
-18.4464
-18.5498
-18.6694
-18.6733
-18.6688
-18.6184
-18.54
-18.6127
-18.5202
-18.4536
-18.3298
-18.3015
-18.1786
-18.0453
-17.9461
-17.8332
-17.7004
-17.5043
-17.3659
-17.2296
-17.077
-16.844
-16.6959
-16.4279
-16.2465
-16.1364
-15.962
-15.7844
-15.5959
-15.4029
-15.1838
-15.0445
-14.8556
-14.6745
-14.4778
-14.2918
-14.0864
-13.885
-13.7038
-13.5198
-13.3372
-13.1581
-12.9696
-12.7896
-12.6056
-12.4231
-12.2302
-12.0394
-11.8431
-11.6122
-11.4043
-11.1977
-10.9834
-10.7595
-10.5303
-10.2999
-10.0666
-9.81955
-9.57711
-9.34126
-9.07782
-8.81623
-8.53218
-8.25471
-7.96456
-7.68076
-7.38462
-7.08576
-6.78116
-6.46231
-6.12303
-4.93093
-4.40358
-4.07852
-3.72869
-3.38551
-2.99724
-2.65654
-2.30753
-2.1224
-1.3077
-0.923558
-0.536064
-0.100895
0.129421
0.68948
0.967886
1.26556
1.81461
2.25268
2.72728
3.11887
3.46945
3.85784
4.19704
4.4879
4.78976
5.08189
5.37734
5.91067
6.3793
6.83254
7.28066
7.72037
8.16388
8.59322
9.03192
9.45218
9.86913
10.2616
10.6408
11.0089
11.3511
11.6591
11.9582
12.2369
12.486
12.6115
12.8247
12.9144
13.0729
13.1871
13.2829
13.351
13.4045
13.4246
13.4122
13.3839
13.3348
13.2503
13.1606
13.0578
12.9295
12.7718
12.5992
12.4157
12.2259
12.0364
11.822
11.6343
11.4303
11.2635
11.0225
10.8217
10.6599
10.4611
10.2447
10.0207
9.80362
9.5841
9.38634
9.162
8.92823
8.70134
8.47161
8.22822
8.0078
7.77485
7.55881
7.33102
7.1228
6.90199
6.69048
6.45304
6.25408
6.05374
5.94053
5.74838
5.55343
5.36498
5.2006
5.05415
4.89585
4.64745
4.42652
4.14883
3.8957
3.64085
3.38936
3.13224
2.93599
2.71667
2.49169
2.23531
2.01688
1.80117
1.57798
1.36776
1.1547
0.960828
0.714065
0.544297
0.380798
0.218792
0.070208
-0.062497
-0.180253
-0.305159
-0.420022
-0.536012
-0.635898
-0.727464
-0.815067
-0.899504
-0.982487
-1.05322
-1.1246
-1.17931
-1.24494
-1.31119
-1.36192
-1.43444
-1.49982
-1.56728
-1.6322
-1.68796
-1.73642
-1.77705
-1.79361
-1.81839
-1.83582
-1.84719
-1.84854
-1.83864
-1.81889
-1.79155
-1.75363
-1.70959
-1.65885
-1.59315
-1.51526
-1.39681
-1.32202
-1.24053
-1.15862
-1.07345
-0.985976
-0.897011
-0.812105
-0.729478
-0.648245
-0.564269
-0.480806
-0.399894
-0.321935
-0.246435
-0.172824
-0.097073
-0.024704
0.047179
0.113524
0.182342
0.248741
0.309584
0.368293
0.425927
0.48033
0.536957
0.597332
0.646982
0.691624
0.731248
0.768254
0.805251
0.833787
0.859016
0.883697
0.905949
0.926229
0.941095
0.955772
0.970728
0.984088
0.995594
1.01279
1.0316
1.05803
1.08083
1.10471
1.13454
1.15881
1.19568
1.2324
1.2743
1.32151
1.36896
1.4144
1.46162
1.50743
1.55268
1.59721
1.638
1.68459
1.72626
1.76643
1.80623
1.84206
1.874
1.90558
1.9364
1.96216
1.98608
2.00727
2.02425
2.03887
2.06327
2.06979
2.07336
2.07405
2.07294
2.06898
2.06239
2.05448
2.04053
2.02726
2.01277
1.99708
1.97817
1.95928
1.94105
1.91909
1.89747
1.87546
1.85073
1.8237
1.79594
1.76735
1.73782
1.70784
1.68175
1.6505
1.62004
1.58998
1.56107
1.53198
1.50267
1.47457
1.44521
1.41877
1.39259
1.37056
1.34812
1.32709
1.30669
1.28131
1.25761
1.23319
1.20964
1.18485
1.16192
1.13768
1.11499
1.09791
1.07961
1.06404
1.04761
1.03813
1.02665
1.02281
1.02337
1.02683
1.03239
1.04104
1.05018
1.06005
1.0694
1.07933
1.08841
1.0976
1.10624
1.11496
1.12492
1.13728
1.14178
1.15218
1.16268
1.1758
1.18941
1.20328
1.21781
1.23344
1.24984
1.22888
1.24578
1.26633
1.2911
1.31361
1.336
1.35518
1.37353
1.39357
1.41087
1.42676
1.44233
1.45628
1.46854
1.48004
1.48966
1.4992
1.50882
1.51851
1.52856
1.53927
1.54961
1.56066
1.57312
1.58677
1.60069
1.61614
1.63374
1.65227
1.67126
1.68989
1.70841
1.72896
1.75139
1.77077
1.79271
1.81906
1.84979
1.88
1.91717
1.96232
2.00971
2.06171
2.1125
2.13551
2.19071
2.24673
2.31068
2.3741
2.4364
2.49779
2.56233
2.62881
2.69629
2.75631
2.81563
2.87798
2.94648
3.00234
3.05446
3.10841
3.16724
3.2188
3.26931
3.31697
3.36334
3.41345
3.45754
3.49945
3.54413
3.58297
3.6254
3.66197
3.69591
3.73009
3.76003
3.79075
3.8213
3.84742
3.86858
3.88422
3.89624
3.90875
3.91472
3.92043
3.92104
3.92056
3.91565
3.90693
3.8986
3.8878
3.87685
3.86773
3.84979
3.82909
3.80777
3.78413
3.75754
3.73259
3.70504
3.68176
3.65387
3.62728
3.59748
3.56711
3.53444
3.50157
3.46935
3.43586
3.40077
3.36455
3.32794
3.2909
3.25228
3.21285
3.17086
3.12877
3.08246
3.04104
2.99748
2.95016
2.89936
2.84981
2.79567
2.7432
2.69243
2.63734
2.58465
2.53348
2.47949
2.43031
2.37014
2.31364
2.25371
2.18431
2.10887
2.03758
1.93869
1.87561
1.81192
1.73996
1.68231
1.62194
1.56415
1.50806
1.45226
1.38551
1.33542
1.2854
1.23933
1.1907
1.14823
1.10252
1.06294
1.00485
0.967979
0.916705
0.883545
0.850637
0.819853
0.790468
0.753859
0.725689
0.700455
0.676718
0.644481
0.622271
0.597003
0.578836
0.562534
0.547701
0.534048
0.516807
0.506839
0.497543
0.489012
0.482364
0.477395
0.473839
0.471922
0.471948
0.474253
0.47867
0.484823
0.492528
0.503479
0.518402
0.535213
0.550326
0.565977
0.583081
0.604546
0.624558
0.645287
0.667541
0.692345
0.720082
0.752118
0.788584
0.821318
0.848837
0.877438
0.910802
0.937788
0.964579
0.995213
1.01578
1.03578
1.05399
1.07258
1.08853
1.10604
1.1211
1.1323
1.14371
1.1538
1.16176
1.16817
1.17318
1.17608
1.1761
1.17615
1.17199
1.16593
1.15834
1.15078
1.13946
1.13039
1.12097
1.10417
1.08591
1.06345
1.03935
1.00632
0.973105
0.936886
0.899655
0.859978
0.822846
0.779329
0.760216
0.752134
0.773946
0.813354
0.89234
0.970341
1.06867
1.18741
1.34262
1.51149
1.68938
1.91423
2.13418
2.37895
2.60907
2.84553
3.13051
3.42396
3.734
4.04003
4.34393
4.68823
5.02303
5.33827
5.66432
5.99419
6.33706
6.66157
7.01576
7.34295
7.65151
7.95302
8.23838
8.51158
8.77893
9.03137
9.26586
9.48108
9.68365
9.8677
10.0356
10.1907
10.3205
10.459
10.5862
10.6681
10.736
10.7979
10.8498
10.869
10.8804
10.8745
10.8709
10.8182
10.7999
10.7988
10.8073
10.8407
10.9525
11.1398
11.4423
11.9127
12.5063
13.1101
13.6989
14.2743
14.8503
15.4236
15.9695
16.4816
16.9421
17.429
17.8626
18.2597
18.7105
19.077
19.3577
19.6103
20.0111
20.5682
21.0764
21.469
21.8259
22.1903
22.5251
22.8594
23.1829
23.4413
23.6248
23.7605
23.856
23.9302
23.951
23.8884
23.7944
23.6969
23.5919
23.4622
23.3188
23.155
22.9695
22.7357
22.5005
22.2682
21.9601
21.6508
21.2988
21.0154
20.7166
20.4118
20.108
19.7926
19.4532
19.1015
18.7391
18.4052
18.0526
17.7108
17.3654
16.9944
16.6281
16.2816
15.9326
15.5706
15.2073
14.8168
14.4269
14.0505
13.6677
13.2932
12.9044
12.5155
12.1258
11.7231
11.3166
10.9102
10.4723
10.0462
9.58318
9.13336
8.91243
8.38841
7.91229
7.41178
6.96044
6.49841
5.99472
5.51823
5.03059
4.73933
4.44463
4.15261
3.8034
3.50553
3.22068
2.96673
2.71001
2.18298
1.95551
1.50498
1.11829
0.940924
0.564214
0.207666
-0.14091
-0.480067
-0.817227
-1.14063
-1.29966
-1.63251
-1.95504
-2.2783
-2.43397
-2.75585
-2.91375
-3.09171
-3.26426
-3.42178
-3.57946
-3.73754
-3.89172
-4.04911
-4.20731
-4.36696
-4.52999
-4.69068
-4.85091
-4.99705
-5.16864
-5.35071
-5.50181
-5.60928
-5.69495
-5.77151
-5.84365
-5.90476
-5.94999
-5.98896
-6.0043
-6.01936
-6.03609
-6.03374
-6.02054
-6.01091
-5.98883
-5.94627
-5.88563
-5.79307
-5.68856
-5.57301
-5.48095
-5.33399
-5.16634
-5.00154
-4.81961
-4.62762
-4.43033
-4.21495
-3.98543
-3.74445
-3.51591
-3.29168
-3.08287
-2.87108
-2.66725
-2.45666
-2.26828
-2.04344
-1.87399
-1.71508
-1.56813
-1.42908
-1.30121
-1.18503
-1.07846
-0.975481
-0.886678
-0.801893
-0.728749
-0.661244
-0.600296
-0.547583
-0.498258
-0.454597
-0.415721
-0.403654
-0.373012
-0.341688
-0.316741
-0.301344
-0.284044
-0.268364
-0.258019
-0.253938
-0.256635
-0.259258
-0.265223
-0.274023
-0.285053
-0.297772
-0.311248
-0.325592
-0.341243
-0.359302
-0.377341
-0.397743
-0.417197
-0.437976
-0.459926
-0.483002
-0.507794
-0.526142
-0.552971
-0.579412
-0.603988
-0.624539
-0.641342
-0.661412
-0.646073
-0.655048
-0.66391
-0.673499
-0.682395
-0.691636
-0.699431
-0.707486
-0.713793
-0.71904
-0.724062
-0.72928
-0.733609
-0.738407
-0.742135
-0.744874
-0.747257
-0.748477
-0.749372
-0.749269
-0.749046
-0.748088
-0.745945
-0.742094
-0.737145
-0.73332
-0.725761
-0.718368
-0.710417
-0.703927
-0.702603
-0.700092
-0.700766
-0.7036
-0.709353
-0.716867
-0.724853
-0.733498
-0.741755
-0.749569
-0.810978
-0.819286
-0.828279
-0.835261
-0.84141
-0.847528
-0.853074
-0.858129
-0.872126
-0.877304
-0.879367
-0.882803
-0.885684
-0.888472
-0.890401
-0.890883
-0.891135
-0.890432
-0.88902
-0.886087
-0.88263
-0.878445
-0.872798
-0.865562
-0.855673
-0.846593
-0.836884
-0.825669
-0.812817
-0.799561
-0.785073
-0.769251
-0.76032
-0.742744
-0.723283
-0.701517
-0.679562
-0.660503
-0.64276
-0.624767
-0.605235
-0.585602
-0.567311
-0.55552
-0.544404
-0.526589
-0.505038
-0.485993
-0.46048
-0.425699
-0.390191
-0.342985
-0.291001
-0.235397
-0.176115
-0.105074
-0.042405
0.003767
0.119649
0.179819
0.239469
0.294779
0.350334
0.401697
0.449566
0.503878
0.5467
0.584665
0.618256
0.649711
0.669563
0.694687
0.714391
0.73095
0.744764
0.756594
0.766671
0.774435
0.78011
0.784389
0.786642
0.787742
0.787407
0.785389
0.782469
0.7783
0.774393
0.770813
0.766475
0.765485
0.764692
0.765678
0.767909
0.772371
0.779003
0.785971
0.794557
0.804916
0.815674
0.827361
0.839615
0.85228
0.866786
0.882178
0.897721
0.913714
0.92973
0.946433
0.961988
0.977108
0.992256
1.00678
1.0211
1.03442
1.04635
1.05753
1.06812
1.07777
1.0868
1.10341
1.11103
1.11818
1.12518
1.13093
1.13478
1.13907
1.14285
1.1462
1.14899
1.15119
1.15238
1.15377
1.15474
1.15552
1.15626
1.15632
1.15682
1.15722
1.15771
1.15727
1.15636
1.15494
1.15281
1.1503
1.14725
1.1448
1.14401
1.14521
1.15084
1.16177
1.18103
1.19522
1.23213
1.26683
1.30433
1.35052
1.40293
1.46127
1.52987
1.58698
1.64929
1.7254
1.89057
1.97427
2.05955
2.14321
2.22754
2.30104
2.37955
2.46252
2.53538
2.60254
2.67519
2.73323
2.75992
2.80622
2.83362
2.85606
2.86757
2.87493
2.87725
2.87459
2.86765
2.85262
2.8335
2.81281
2.79003
2.76475
2.73532
2.70109
2.66455
2.62758
2.58924
2.55206
2.51568
2.47965
2.4424
2.40548
2.36973
2.33482
2.30286
2.26933
2.23797
2.20792
2.17883
2.15102
2.12322
2.0972
2.07202
2.04833
2.05891
2.03793
2.01692
1.99719
1.97797
1.95969
1.94254
1.926
1.90904
1.89245
1.8769
1.8619
1.84724
1.83289
1.81833
1.80358
1.78923
1.77528
1.76137
1.74737
1.73257
1.71709
1.70173
1.68617
1.67077
1.65523
1.63896
1.62416
1.60792
1.59078
1.57448
1.55748
1.54058
1.52198
1.46168
1.43947
1.41828
1.39571
1.37215
1.3427
1.31334
1.28861
1.2611
1.23273
1.20278
1.1699
1.13245
1.09226
1.04792
1.00092
0.950151
0.897457
0.83796
0.77492
0.696884
0.605611
0.51737
0.419336
0.317933
0.22157
0.129181
0.026208
-0.062548
-0.136178
-0.205368
-0.270293
-0.334294
-0.396355
-0.45443
-0.501003
-0.548558
-0.601217
-0.637376
-0.661487
-0.680509
-0.692134
-0.698987
-0.701204
-0.700288
-0.696625
-0.690586
-0.682258
-0.667924
-0.65724
-0.648018
-0.639426
-0.631457
-0.581741
-0.576827
-0.573119
-0.570587
-0.56939
-0.569567
-0.571073
-0.573955
-0.577901
-0.583296
-0.590203
-0.598663
-0.608392
-0.619136
-0.631284
-0.645066
-0.661479
-0.677934
-0.694118
-0.712285
-0.731251
-0.749941
-0.769707
-0.789858
-0.809922
-0.831656
-0.853652
-0.874788
-0.896292
-0.918423
-0.940169
-0.962587
-0.985277
-1.00742
-1.02947
-1.05218
-1.07375
-1.09588
-1.11755
-1.13835
-1.159
-1.17912
-1.1988
-1.21838
-1.23725
-1.25547
-1.27325
-1.29095
-1.31135
-1.33132
-1.3523
-1.37034
-1.38689
-1.40402
-1.42037
-1.43624
-1.45073
-1.46421
-1.47752
-1.49057
-1.50353
-1.51625
-1.52849
-1.5407
-1.55273
-1.56453
-1.57614
-1.5875
-1.59871
-1.60977
-1.62075
-1.63165
-1.64244
-1.65311
-1.66402
-1.67456
-1.68508
-1.69555
-1.70602
-1.71684
-1.72744
-1.73806
-1.74866
-1.75922
-1.76971
-1.78032
-1.7907
-1.80086
-1.81128
-1.82167
-1.83204
-1.84242
-1.85274
-1.86504
-1.87648
-1.88667
-1.89675
-1.90713
-1.91731
-1.92757
-1.93778
-1.94846
-1.95916
-1.97048
-1.98183
-1.99237
-2.00284
-2.01339
-2.02402
-2.03435
-2.04442
-2.05461
-2.06456
-2.0749
-2.08512
-2.09491
-2.10463
-2.1144