
0
-1429.88
329.392
669.065
-702.155
247.696
613.314
-616.075
262.528
-381.072
388.476
-270.795
110.521
-97.8444
342.801
-237.225
-16.4748
107.434
-105.578
64.2846
-108.414
85.6954
138.75
-184.824
52.9196
122.278
-135.224
51.5943
-28.4886
39.4314
25.8686
-40.2961
-9.07456
154.605
-131.637
17.9082
86.343
-126.998
166.16
-127.714
31.0481
160.67
-203.671
136.719
13.2344
-64.4235
92.4426
-69.5816
53.3641
45.4981
-74.2505
74.1158
32.4318
-58.8451
80.4865
-38.8311
-9.91353
97.3497
-113.664
92.8335
33.5665
-95.0699
137.466
-101.937
48.1248
33.2082
-84.4191
88.8042
-33.8809
-13.4271
35.5968
-26.3459
6.46248
7.36962
-38.6475
4.99772
34.8493
-81.9004
78.9338
-44.4148
-14.0755
37.4167
-75.9675
34.2056
-1.63893
-66.7096
66.369
-59.1684
16.1876
-8.545
-23.7522
-0.1598
3.22623
-50.4586
28.0415
-20.2525
-23.6606
31.6109
-41.931
-4.29137
19.3494
-78.7834
62.2424
-59.8156
8.10532
10.6485
-39.6436
15.9442
-10.4916
-38.1167
32.3063
-42.2399
2.1462
-2.99868
-13.0636
-7.70919
11.6061
-45.2736
29.5862
-36.9022
-9.19184
6.3915
-22.3818
4.04498
2.77927
-36.3109
30.353
-43.8347
12.6938
-12.2968
-10.1641
-3.62691
-3.00754
-21.1962
13.9476
-19.8295
-5.62048
-7.21266
-10.7478
-9.53738
5.47299
-24.4295
21.2793
-24.4674
-0.738255
-4.09842
-12.5413
-5.60248
0.219983
-17.5995
11.4034
-21.2117
2.4716
-6.67086
-5.95373
-9.10194
1.35773
-19.582
9.52343
-13.3242
-1.5236
3.1535
-12.0651
-6.62253
1.09111
-17.9682
11.7194
-20.0981
1.32758
-1.40852
-7.728
-6.22235
1.79276
-13.3123
5.9205
-14.1457
-0.078523
-2.09539
-6.10063
-1.86305
1.41038
-14.4536
6.74681
-16.8853
2.06716
-4.53076
-7.54667
0.880224
0.0096197
-13.5641
7.15105
-13.675
5.55197
-6.92451
-5.80241
-3.26867
0.540697
-10.0532
7.86101
-12.2501
-0.464209
-6.14806
-6.43831
-2.10288
-1.79101
-7.70036
7.72189
-13.5896
4.35231
-7.1938
-2.88566
-3.91509
-2.08267
-7.51468
4.67065
-13.1339
3.86206
-5.62148
-5.56501
-3.30778
-0.815724
-11.2402
4.62196
-9.99553
5.33829
-4.27689
-5.25452
-2.1365
-3.43268
-8.62837
5.24886
-12.2033
3.59682
-7.87017
-2.20911
-1.6198
-1.76191
-10.1175
4.65246
-11.4865
2.36926
-3.08611
-3.27718
-0.289946
-2.30153
-8.62842
6.16444
-14.4656
1.6051
-3.67467
-3.81788
-1.0019
-1.34895
-8.25669
5.0892
-11.1719
2.39151
-3.52417
-3.40402
-2.70147
2.13658
-8.12685
4.90073
-9.82508
0.460631
-5.05919
-4.45503
-0.683778
-1.0169
-6.92523
6.1573
-10.1917
3.3889
-4.12273
-2.9876
-1.65809
-0.37929
-7.00407
5.84213
-9.01793
2.11673
-3.10676
-3.87313
-2.99285
0.379612
-8.04097
5.31848
-7.48632
3.33399
-1.58385
-3.10821
-2.0927
-0.183806
-6.26672
4.76303
-8.16963
2.55326
-3.1868
-1.05347
-3.42819
0.344573
-6.84607
3.88974
-7.19284
3.22481
-1.36211
-2.41311
-0.791797
2.97949
-8.14962
3.46127
-5.76129
0.666739
-2.4846
-1.07167
-2.35324
2.07346
-6.86649
3.2156
-4.66678
0.939107
-3.30416
1.62672
-2.30816
1.58309
-4.81393
4.28843
-5.89121
-0.00671789
-2.42061
-0.864906
-2.86878
1.42492
-4.97341
3.64141
-5.43227
1.95662
-1.83477
-0.970075
-2.85169
2.89496
-4.51426
3.19057
-4.09259
1.66608
-3.21692
-0.980198
-3.38991
1.19536
-4.63653
2.97951
-3.59315
1.72917
-2.51977
0.536285
-2.03018
0.835966
-3.7574
2.94534
-4.29387
2.38193
-3.52232
0.428721
-2.02125
-0.527745
-4.22193
3.09441
-5.22637
2.36718
-1.74966
0.743639
-1.14728
0.355946
-3.72179
3.27251
-5.03814
1.73702
-1.90117
-0.582221
-2.6977
2.00607
-4.08199
2.08084
-4.54882
1.44239
-2.60053
1.02158
-1.20197
2.08319
-3.49862
2.84591
-4.2947
1.25305
-2.99613
-0.0786025
-1.45297
0.939108
-4.17046
3.26628
-3.94376
0.810094
-1.65054
0.427645
-2.05739
1.68966
-3.20518
4.13368
-3.64915
1.38093
-1.70661
-1.19112
-2.80969
1.33284
-3.20249
3.15668
-3.95656
2.05336
-1.63102
-0.320726
-1.40867
2.20465
-3.30758
2.51939
-2.93988
2.53238
-1.54357
-0.388795
-1.60986
1.07169
-4.65004
2.90454
-3.59729
2.2528
-0.648285
0.306882
-0.923125
1.882
-3.92391
3.26545
-2.40833
1.21327
-1.07487
1.13357
-2.24876
1.6835
-3.57233
2.3745
-2.88845
0.551374
-1.15402
1.70778
-1.40974
3.06729
-2.62011
2.36264
-2.92916
1.55347
-1.39808
1.07974
-1.90546
2.1024
-2.5947
1.52513
-2.39155
1.13909
-1.71212
1.50779
-2.35584
2.72217
-1.67951
2.84148
-1.76119
1.46849
-2.08788
1.14973
-2.33173
1.3839
-2.01211
2.32934
-2.25036
1.53775
-2.12058
1.03814
-1.48944
1.76882
-1.99068
2.56726
-1.63727
1.63745
-1.12234
1.30475
-2.13643
1.53453
-3.2377
1.64004
-2.11305
1.82906
-1.48873
1.62398
-1.59687
1.38581
-1.94829
1.82311
-2.13974
2.19895
-1.47801
1.41767
-1.36812
1.18241
-2.78832
1.58004
-2.78186
1.19161
-1.55939
1.2105
-1.06704
1.79992
-1.99631
2.17283
-2.57125
1.22101
-1.61238
1.41586
-1.5262
1.52795
-2.26414
1.22561
-2.42637
0.747857
-1.87682
1.00053
-1.98005
1.94908
-1.58361
2.09641
-1.82103
1.49576
-2.19582
0.982944
-1.82178
0.743146
-1.73612
1.38237
-2.19222
1.6178
-2.34302
0.545031
-1.8995
1.13283
-1.80859
2.12774
-1.46317
1.43936
-1.30254
0.840507
-2.08095
0.992481
-2.62542
1.1396
-1.91297
1.23294
-1.70709
1.3254
-2.09722
1.04702
-1.69563
0.941992
-1.37324
1.46656
-1.52767
1.8762
-1.79246
1.02688
-2.15876
0.821162
-2.36458
0.922325
-1.59505
1.06103
-1.3062
1.50098
-1.84181
1.57203
-1.89918
1.26063
-1.55288
1.45529
-1.32836
1.43256
-1.77953
1.19849
-1.84464
0.200153
-1.66185
0.985673
-1.97112
2.0131
-1.30616
1.70921
-1.38978
1.05208
-1.42718
0.957791
-1.43735
1.69121
-1.80505
1.24654
-1.22975
0.907044
-1.97932
1.05551
-2.11813
1.34678
-1.50858
1.51881
-0.537611
1.10079
-1.02833
1.64657
-2.25272
1.33668
-1.86248
1.12288
-1.18553
1.07354
-1.71655
1.39908
-1.90701
0.782062
-1.21772
0.926879
-1.31357
1.36151
-1.22488
2.08983
-1.63328
1.11411
-1.81779
0.479922
-1.74908
0.604842
-1.21717
1.27948
-2.25116
1.54567
-1.56678
0.382095
-1.39551
1.22763
-1.77275
1.36602
-1.58767
1.22969
-1.29156
0.0348257
-1.24501
0.427361
-2.86197
1.1783
-2.14288
1.11348
-1.31713
0.808386
-1.56724
0.530887
-1.83025
1.04049
-1.80807
0.926984
-1.4717
0.490478
-1.73676
0.56309
-2.15363
0.633617
-2.4889
0.488237
-1.64642
0.517079
-0.870863
0.712427
-1.71588
1.1673
-2.7112
1.04235
-1.79299
0.249289
-1.30382
0.601727
-2.05422
0.649796
-2.19166
0.472924
-1.91229
0.252487
-1.3114
0.80967
-1.84452
1.53295
-1.77533
0.836976
-1.93096
0.23376
-1.58269
-0.0289691
-1.44834
1.10097
-2.34291
0.903707
-1.9308
0.640006
-1.77678
0.367033
-0.994017
0.890237
-1.80537
1.38859
-1.31463
0.306298
-1.43276
0.180889
-2.01245
0.891047
-2.18093
1.3125
-1.60263
0.467546
-1.04914
0.412431
-1.42095
0.726643
-1.44915
1.33122
-1.58554
1.09044
-1.25787
0.325993
-1.51106
0.592811
-2.13624
1.00367
-1.41631
0.37599
-0.529048
0.66161
-1.43245
1.44666
-2.11666
1.23961
-1.0974
0.629049
-0.881315
0.833523
-1.53431
0.821821
-1.56599
0.493904
-1.34188
0.650581
-1.30532
1.13
-1.1362
1.36142
-1.40735
0.988058
-1.03683
0.368423
-1.04082
0.897056
-1.50864
1.12941
-1.50438
0.937607
-1.7202
0.731431
-1.3762
0.743721
-1.05405
1.10073
-1.02237
1.0061
-1.13427
0.738327
-1.09449
0.635433
-1.66413
1.08038
-1.6342
1.00094
-1.2448
0.523267
-1.23214
0.467823
-1.16937
1.0124
-1.48006
1.25834
-1.17289
0.938608
-1.23067
0.723787
-1.42659
0.479781
-1.50086
0.66494
-1.13052
0.31441
-1.10707
0.940492
-1.74062
1.05411
-1.38787
0.796244
-1.31778
0.998391
-1.07527
0.58236
-1.24433
0.557759
-1.55134
0.527109
-1.58495
0.638303
-1.26239
0.63963
-1.15218
1.05735
-1.56595
0.60995
-0.915525
0.311582
-0.901088
0.804485
-1.47153
1.1092
-1.79576
0.586841
-1.29598
0.344854
-1.36535
0.726266
-1.17031
0.723628
-0.976225
0.822914
-1.13891
0.615131
-1.25639
0.888942
-1.43081
0.847807
-1.1996
0.662022
-1.32944
0.310164
-1.11506
0.503149
-1.27855
1.03744
-1.34689
1.06373
-0.961113
0.846157
-1.03622
0.788533
-1.44344
0.72577
-1.00091
0.459871
-0.870362
0.775525
-1.29872
0.69987
-1.37509
0.961212
-1.14374
0.912222
-0.673943
0.896032
-0.853483
0.810452
-0.963735
0.788933
-1.26055
0.84759
-1.14203
0.740687
-0.984149
1.1629
-1.19607
0.816244
-0.976085
0.541496
-0.671098
0.91682
-0.690259
1.08724
-0.957548
0.955321
-1.14731
0.742115
-1.06784
0.618444
-0.989472
0.804329
-0.867975
0.94812
-0.741389
0.838528
-0.961172
0.769127
-1.07625
1.06033
-0.722869
1.00391
-0.785877
0.778725
-1.05287
0.30092
-0.884367
0.727783
-1.01959
1.05095
-0.94177
1.00052
-0.76741
0.826325
-0.943227
0.988713
-1.22119
0.776679
-0.491247
0.585758
-0.640029
0.895816
-1.35227
0.835681
-1.25823
0.509467
-0.557804
0.723579
-0.633267
1.10938
-0.895656
0.860676
-1.01328
0.658634
-0.836607
0.522766
-0.948458
1.08644
-1.08646
1.01941
-1.06594
0.44316
-0.954645
0.282072
-0.632575
1.01067
-0.827816
1.16298
-0.888829
0.700702
-1.02361
0.362924
-0.907023
0.524305
-1.08279
1.08656
-0.970415
0.614521
-0.826523
0.534248
-1.07184
0.592746
-1.15754
1.09007
-0.973567
0.998299
-0.502182
0.178528
-0.828496
0.316693
-1.36231
0.741234
-1.20136
0.714651
-0.547511
0.494187
-0.756422
0.589997
-1.32279
0.730333
-1.276
0.775188
-0.525825
0.477549
-0.616156
0.701772
-1.49347
0.677754
-1.47526
0.433475
-0.709008
0.372547
-0.338135
0.791373
-1.12209
0.791023
-1.14733
0.414886
-0.898891
0.535443
-0.791087
0.868288
-0.798143
0.809667
-1.26626
0.522304
-1.09275
0.218455
-0.633744
0.704878
-0.739285
1.17959
-0.84394
0.629394
-0.802569
0.245701
-0.954379
0.579894
-0.812019
0.980338
-0.660229
0.814715
-0.939388
0.596005
-1.16265
0.443217
-0.73927
0.927881
-0.59273
1.2533
-0.661374
0.541869
-0.74379
0.311531
-1.07014
0.773593
-0.792394
0.876597
-0.431774
0.798827
-0.643352
0.617599
-1.11671
0.689985
-0.867021
0.853071
-0.358166
1.06422
-0.626228
0.93114
-1.00671
0.490432
-0.975033
0.471242
-0.556986
0.778916
-0.3903
1.12086
-0.751419
0.690889
-0.840495
0.422718
-0.785683
0.722178
-0.46741
1.21202
-0.614274
0.891769
-0.845333
0.251529
-1.02963
0.580631
-0.812644
1.09247
-0.564025
0.920454
-0.347079
0.454194
-0.856383
0.541584
-1.07917
0.602165
-0.489817
0.821203
-0.328176
0.733317
-0.954733
0.588509
-1.31471
0.325036
-0.58592
0.707211
-0.493059
1.04099
-0.591311
0.636673
-1.07411
0.406963
-0.949427
0.36977
-0.680351
0.78454
-0.471186
0.78595
-0.759278
0.462593
-1.16703
0.177879
-0.810613
0.668081
-0.419193
1.04357
-0.683577
0.800127
-1.00271
0.0955166
-0.890171
0.439583
-0.880264
0.835059
-0.452118
0.871391
-0.644845
0.440454
-0.915389
0.101813
-0.839727
0.628098
-0.468005
1.08513
-0.490795
0.699023
-0.700463
0.0743885
-1.07603
0.577388
-0.931065
1.01897
-0.395769
0.788412
-0.329958
0.44666
-0.93338
0.534957
-1.07255
0.559432
-0.370183
0.899189
-0.156705
0.799848
-0.699179
0.330107
-1.05619
0.444925
-0.694768
0.877533
-0.218513
1.01661
-0.421469
0.842218
-0.88839
0.452257
-0.853505
0.572504
-0.387734
0.898713
-0.0168321
0.948044
-0.59542
0.653917
-0.868304
0.264129
-0.484092
0.834912
-0.208785
1.33842
-0.313413
0.866581
-0.551937
0.34435
-0.746916
0.759898
-0.578338
1.17866
-0.084619
1.01761
-0.212807
0.726067
-0.845654
0.504761
-0.531191
0.633276
0.0149884
1.27221
-0.183192
1.01677
-0.447337
0.410107
-0.743579
0.662193
-0.583227
1.14104
0.00956023
0.917896
0.0368953
0.707597
-0.883244
0.698717
-0.784001
0.629801
-0.0150618
0.989704
0.0192203
1.06812
-0.592602
0.612481
-0.832825
0.298572
-0.281593
0.76662
-0.0620758
1.20678
-0.352619
0.885358
-0.851789
0.481678
-0.681922
0.352229
-0.169435
0.917094
-0.182765
1.14654
-0.567354
0.52499
-0.783795
0.106933
-0.494439
0.697945
-0.325871
1.21388
-0.314365
0.711923
-0.552792
0.0614468
-0.718552
0.39737
-0.647678
1.11213
-0.20573
0.894977
-0.420423
0.459192
-0.776744
0.0988725
-0.705067
0.667861
-0.43377
1.07023
-0.188337
0.660275
-0.501923
0.114377
-0.894726
0.494262
-0.753139
0.844493
-0.0580407
0.748563
-0.165958
0.442308
-0.852784
0.380349
-1.05908
0.568545
-0.250583
0.816991
-0.115013
0.754243
-0.480059
0.263711
-0.864597
0.361201
-0.717437
0.675873
-0.00674805
0.842988
-0.175313
0.651242
-0.887165
0.393782
-0.916069
0.289846
-0.0887421
0.719117
-0.100653
1.11133
-0.678589
0.5425
-0.759177
0.117439
-0.424644
0.668659
-0.234735
1.08183
-0.213584
0.682437
-0.468716
0.202875
-0.729963
0.356273
-0.41627
0.958514
-0.0789502
1.10957
-0.332974
0.482543
-0.562105
0.154074
-0.562937
0.726255
-0.299088
1.12467
-0.135776
0.719885
-0.319708
0.239365
-0.743322
0.451429
-0.548306
0.89253
0.0249048
0.96175
0.00359254
0.458425
-0.658121
0.346447
-0.840516
0.73013
-0.286294
0.982225
0.00752064
0.623057
-0.324185
0.504156
-0.963994
0.542073
-0.47826
0.531749
0.153901
0.831752
-0.0367648
0.808475
-0.874051
0.462037
-0.695862
0.116608
-0.0271642
0.846944
-0.191977
1.02895
-0.50396
0.501672
-0.709157
0.188832
-0.438994
0.706562
-0.32799
1.00963
-0.0274223
0.608499
-0.550348
0.253058
-0.724281
0.0986215
-0.326951
0.892916
-0.16585
1.0232
-0.43811
0.436084
-0.596049
0.0888959
-0.616974
0.776342
-0.470939
0.872257
-0.00545812
0.458971
-0.464199
0.340131
-0.996518
0.361916
-0.509643
0.485065
0.0452381
0.802331
-0.274297
0.494023
-0.662428
0.0804274
-0.773169
0.510821
-0.486737
0.867729
-0.266192
0.606346
-0.46887
0.18798
-0.90814
0.247235
-0.644056
0.448012
-0.0304171
0.737201
-0.245425
0.579463
-0.829821
0.105947
-0.794929
0.221903
-0.40495
0.600858
-0.230605
0.672142
-0.57074
0.301587
-0.793442
0.136702
-0.709572
0.543477
-0.271962
0.743442
-0.17614
0.465492
-0.581975
0.023549
-0.741997
0.139574
-0.528641
0.618334
-0.261878
0.82265
-0.438854
0.298106
-0.569326
0.0763953
-0.641272
0.52489
-0.318514
0.782609
-0.118295
0.556042
-0.505433
0.18415
-0.895576
0.267486
-0.459716
0.527461
-0.0279356
0.792507
-0.316014
0.431443
-0.449173
0.15837
-0.619482
0.601132
-0.441672
0.849308
-0.081336
0.506897
-0.258497
0.207816
-0.793423
0.393401
-0.511781
0.533965
0.0407916
0.858173
-0.205612
0.664981
-0.514361
0.296239
-0.535844
0.367591
-0.212514
0.696959
-0.0940842
0.698564
-0.251958
0.416703
-0.714445
0.417738
-0.531176
0.609543
0.0304343
0.862482
0.0768131
0.614011
-0.46075
0.365731
-0.590121
0.348308
-0.221502
0.71384
-0.0685087
0.717492
-0.233785
0.594617
-0.49479
0.235784
-0.233977
0.476528
-0.0581084
0.92705
0.00941409
0.774038
-0.480714
0.372077
-0.553482
0.214868
-0.237522
0.666266
-0.0283161
0.730692
-0.134513
0.520368
-0.395384
0.309224
-0.341172
0.529634
-0.240148
0.882618
-0.131866
0.668794
-0.196175
0.167608
-0.537137
0.145413
-0.409406
0.720814
-0.199676
0.932235
-0.148057
0.378502
-0.276349
0.248141
-0.437968
0.513814
-0.29892
0.643827
-0.0278253
0.392279
-0.147507
0.321381
-0.795945
0.42522
-0.588556
0.54766
-0.0148098
0.702693
0.0506922
0.43244
-0.385264
0.282472
-0.607702
0.458998
-0.354156
0.619279
-0.112517
0.44924
-0.298275
0.446614
-0.619436
0.266769
-0.31198
0.233385
0.0562688
0.754867
-0.153015
0.826798
-0.591828
0.250588
-0.496048
0.155788
-0.252166
0.552061
-0.143833
0.557684
-0.2696
0.364523
-0.380642
0.237372
-0.330451
0.496712
-0.229044
0.846939
-0.156385
0.644325
-0.167218
-0.0251045
-0.340648
0.15124
-0.514689
0.846447
-0.232269
0.737378
-0.118006
0.337929
-0.22921
0.372645
-0.350217
0.612907
-0.0984229
0.590646
0.0519137
0.501426
-0.131194
0.343343
-0.586026
0.467507
-0.500446
0.606151
0.154859
0.626232
0.215865
0.448004
-0.253916
0.539543
-0.493939
0.69022
-0.0620975
0.603484
0.0809466
0.511169
-0.176927
0.529779
-0.479606
0.327255
-0.117969
0.357914
0.261528
0.875658
-0.0542217
0.936118
-0.418003
0.41391
-0.213486
0.328304
-0.0245894
0.649065
-0.00354041
0.589227
-0.217948
0.47307
-0.361061
0.412799
-0.204496
0.570866
0.0708086
0.711962
0.0548475
0.736691
-0.190328
0.189482
-0.227295
0.169694
-0.272557
0.740792
-0.27428
0.777089
-0.260751
0.258921
-0.11362
0.180302
-0.227133
0.6127
-0.188083
0.697344
0.0433886
0.409117
-0.167377
0.19226
-0.611689
0.354271
-0.506372
0.495521
0.000831043
0.379176
0.0328359
0.278074
-0.445145
0.450711
-0.517692
0.592616
-0.150719
0.444483
0.0132435
0.294862
-0.351493
0.278019
-0.609374
0.143714
-0.282435
0.208859
0.0258357
0.6157
-0.244189
0.646286
-0.530343
0.239779
-0.269964
0.141301
-0.0696518
0.495021
-0.253066
0.478581
-0.451659
0.213056
-0.522942
0.129433
-0.351823
0.403268
-0.10557
0.664453
-0.0954243
0.496579
-0.318254
0.0851544
-0.285705
0.148443
-0.303463
0.607736
-0.36519
0.567242
-0.394828
0.125435
-0.268488
0.102937
-0.258133
0.51712
-0.110128
0.684836
-0.120212
0.519214
-0.191518
0.0793425
-0.385252
0.23389
-0.420089
0.550319
-0.149656
0.451953
-0.0142167
0.0732817
-0.239779
0.398375
-0.461729
0.716769
-0.0765428
0.564448
0.103425
0.396122
-0.210085
0.249496
-0.534331
0.212416
-0.226661
0.415301
-0.0230272
0.589473
-0.0380741
0.378866
-0.291232
0.372052
-0.233229
0.48169
0.0609365
0.52956
0.0725922
0.369456
-0.286072
0.343909
-0.563532
0.323858
-0.287386
0.403791
0.0926005
0.567885
0.103533
0.556855
-0.280445
0.289723
-0.216208
0.313137
0.00707674
0.578202
-0.110785
0.540322
-0.345385
0.221311
-0.321514
0.131889
-0.171866
0.517156
-0.0506946
0.755011
0.071372
0.51597
-0.209792
0.256231
-0.32276
0.259511
-0.182129
0.525617
-0.0179405
0.317831
-0.0834718
0.15563
-0.404193
0.343491
-0.293129
0.579231
0.0612526
0.52047
0.153699
0.442956
-0.255719
0.284015
-0.414888
0.0890019
-0.244347
0.388182
-0.0803178
0.555515
-0.189336
0.228265
-0.239297
0.143806
-0.193938
0.446411
0.0397489
0.532352
0.0502159
0.38516
-0.330778
0.192472
-0.570286
0.103577
-0.290916
0.276044
-0.00571919
0.479526
-0.0415194
0.311955
-0.284068
0.180899
-0.282832
0.386528
-0.0762636
0.527256
-0.00122469
0.267312
-0.319001
0.0740534
-0.451242
0.00166658
-0.261298
0.32573
-0.035514
0.597522
-0.0986318
0.562253
-0.284308
0.134725
-0.23157
0.181608
-0.116227
0.469127
-0.100908
0.413862
-0.289444
0.0463233
-0.340034
0.0693443
-0.303081
0.466636
0.0436421
0.62402
0.0940381
0.422912
-0.0793027
0.154118
-0.381143
0.269901
-0.245417
0.472172
-0.0769888
0.462605
-0.0949294
0.108484
-0.24153
0.221725
-0.230722
0.488694
0.183096
0.615973
0.211646
0.459223
-0.117004
0.249462
-0.419174
0.192284
-0.175379
0.378675
0.0206663
0.526695
0.022986
0.360638
-0.221969
0.398768
-0.254351
0.524969
0.214386
0.535916
0.321059
0.445719
-0.165144
0.308296
-0.442089
0.0808611
-0.0307584
0.255063
0.187999
0.706896
-0.0278422
0.616604
-0.107429
0.279409
-0.0384444
0.383181
0.112248
0.645207
0.0858976
0.565303
-0.122233
0.207581
-0.280164
0.0524337
-0.0594758
0.394542
0.142555
0.816429
0.124896
0.612643
0.073128
0.176256
-0.0143667
0.343614
-0.14022
0.731339
-0.02798
0.489026
0.0262822
0.132214
-0.177987
0.182941
-0.238901
0.583027
0.113385
0.696129
0.384326
0.462684
0.101846
0.221676
-0.279971
0.280661
-0.246949
0.515697
0.026328
0.360065
0.120192
0.16194
-0.204571
0.322597
-0.372188
0.586392
0.0904637
0.525422
0.47362
0.321878
-0.0871866
0.369856
-0.603411
0.159029
-0.165622
0.103122
0.207354
0.326276
-0.047102
0.497556
-0.397503
0.307884
-0.153347
0.203449
0.225851
0.340948
0.151285
0.539139
-0.371585
0.284168
-0.471069
-0.20826
-0.116122
0.0248738
0.00088048
0.651456
-0.191772
0.495509
-0.0571631
-0.111443
0.0240635
0.112509
-0.155107
0.534597
-0.172902
0.434629
-0.189654
-0.0436499
-0.322981
-0.140706
-0.361028
0.242858
-0.101733
0.606551
0.0792169
0.386773
0.0421043
-0.0256129
-0.250031
0.198943
-0.370158
0.43335
-0.0714636
0.134285
0.0768553
-0.0799016
-0.345038
0.175447
-0.474559
0.343182
0.0526932
0.411045
0.331417
0.43578
-0.0939066
0.299008
-0.454208
0.0679429
-0.181354
0.0933789
0.0551621
0.289283
-0.0292632
0.262687
-0.268073
0.227642
-0.211637
0.224476
0.193569
0.454977
0.221431
0.578798
-0.101541
0.269921
-0.353744
-0.0525622
-0.16672
0.156667
-0.0476902
0.567753
0.0168574
0.338831
0.0248315
0.156548
-0.0319528
0.299876
0.0656476
0.511492
0.196825
0.41877
0.0230408
0.205286
-0.32435
0.018178
-0.26988
0.183528
0.00947419
0.563772
0.162717
0.474136
0.108154
0.171404
-0.0538382
0.276647
-0.162193
0.479047
0.0346186
0.30451
0.131164
-0.00465225
-0.271341
0.106374
-0.427287
0.230977
0.0724622
0.426267
0.286431
0.461037
0.0254623
0.296593
-0.331382
0.179744
-0.209318
0.150189
0.0569453
0.125672
0.027428
0.149785
-0.422633
0.205509
-0.307512
0.037901
0.184018
0.265239
0.233007
0.554173
-0.184086
0.275071
-0.270002
-0.21409
-0.164745
0.035892
-0.261869
0.350005
-0.217853
0.274697
-0.150852
-0.0336445
-0.106438
0.0739612
-0.0591958
0.362019
0.105068
0.389525
-0.0584076
0.0453646
-0.325782
-0.218791
-0.363491
-0.017062
-0.189225
0.288196
-0.0810952
0.263272
-0.0565204
0.0408262
-0.151268
0.192323
-0.195009
0.288048
-0.0192741
0.189006
0.0195741
-0.0379026
-0.31644
-0.172067
-0.424236
-0.0522581
-0.0972308
0.280125
0.053979
0.358863
-0.00557909
0.177559
-0.142145
0.104817
-0.232224
0.206456
-0.0940086
0.157864
-0.0153285
0.0483851
-0.323773
0.00753917
-0.380697
0.00924923
0.0273683
0.241979
0.269693
0.399121
0.10155
0.202895
-0.172827
0.0843652
-0.247465
0.163934
-0.108324
0.105434
0.0155518
0.145632
-0.213763
0.234116
-0.234545
0.0977514
0.137705
0.234948
0.288309
0.515954
0.0390491
0.344715
-0.167482
-0.094343
-0.0748798
-0.0388859
-0.091935
0.280247
-0.0527119
0.3451
-0.029296
0.218783
-0.000497164
0.197331
0.0857926
0.373371
0.107344
0.501816
0.104498
0.179797
-0.0383477
-0.17643
-0.172739
0.0360852
-0.147798
0.422717
0.0542911
0.309263
0.274987
0.120535
0.107068
0.303147
-0.0516204
0.410455
-0.0102832
0.287849
0.150385
0.0799148
-0.0932057
0.0464272
-0.34351
0.14263
-0.1556
0.313777
0.309688
0.24308
0.386986
0.247752
-0.0881338
0.331245
-0.196447
0.242728
0.0350387
0.0147959
0.118045
0.121701
-0.277837
0.244187
-0.334872
0.0493832
0.104474
0.122879
0.284665
0.457222
0.0726409
0.403272
-0.119304
0.0474088
-0.110312
-0.0630424
-0.0160708
0.00511734
-0.0622436
0.147807
-0.18709
0.219094
-0.152137
0.10379
0.0706401
0.154312
0.0928301
0.511165
-0.0518077
0.319886
-0.0683912
-0.199282
-0.105052
-0.158915
-0.197559
0.171495
-0.165839
0.227309
0.00197004
0.0967485
0.0578597
0.0978071
0.0578857
0.202918
0.00561857
0.343778
-0.0158923
0.15215
-0.0784187
-0.130129
-0.309813
-0.0106631
-0.284269
0.215873
0.0339672
0.14123
0.296541
0.0433228
0.0719381
0.298088
-0.126707
0.282913
-0.0161912
0.0617577
0.0561851
0.0879644
-0.187317
0.121138
-0.326269
-0.0092557
-0.0195175
0.056146
0.227077
0.342451
0.112996
0.447491
-0.0895673
0.235799
-0.0102808
0.00253135
0.0699202
-0.0515721
-0.0119269
0.129896
-0.177274
0.170583
-0.108573
-0.0110757
0.0713975
0.180396
0.0872776
0.542392
0.0438768
0.370158
0.099319
-0.101391
0.0754909
-0.0666861
-0.180719
0.177133
-0.224379
0.185104
-0.0139982
0.0756581
0.121924
0.0975333
0.0924221
0.279468
0.0448231
0.408942
0.158987
0.139379
0.164621
-0.091314
-0.203777
0.140196
-0.384795
0.255706
0.00604438
-0.0716176
0.330389
0.0610532
0.100971
0.42176
-0.0519738
0.267643
0.142763
0.0816723
0.198159
0.138469
-0.0989973
0.0640166
-0.20964
-0.0584743
-0.085387
0.0142662
0.138607
0.183598
0.124342
0.36888
-0.0225433
0.337365
0.00391485
0.124798
0.126822
-0.087266
0.036554
0.0353136
-0.161719
0.0491212
-0.149111
-0.10473
-0.0252367
0.0487576
0.0609251
0.346486
0.0365437
0.299389
0.0608724
0.0431072
0.0785567
-0.0783632
-0.0704819
-0.062332
-0.30155
0.133297
-0.237528
-0.0153167
0.0293486
-0.186492
0.083261
0.0561964
-0.0279934
0.313939
0.034416
0.0845154
0.162355
-0.15907
-0.205111
0.0522176
-0.472063
0.0512368
-0.265623
-0.201313
0.0696259
-0.199043
0.0190161
0.130171
-0.150017
0.166529
-0.0163259
0.0155672
0.122848
-0.072139
-0.0794961
-0.0683644
-0.418708
-0.120401
-0.233644
-0.24171
-0.0305001
-0.167821
-0.110705
0.191324
-0.19952
0.272343
0.00470286
-0.0989523
0.166326
-0.206116
-0.05338
-0.0191662
-0.247593
-0.0708324
-0.244441
-0.279197
-0.154335
-0.119784
-0.120361
0.15984
-0.0579408
0.145292
0.0838006
0.0331597
0.0777356
-0.0332759
-0.0320193
-0.0567346
-0.252227
0.0143904
-0.255925
-0.0951966
-0.0481494
-0.235694
0.0363307
-0.0513342
0.021545
0.255021
0.075282
0.186153
0.12097
0.0522875
-0.0103901
0.0980034
-0.179044
-0.0103312
-0.159031
-0.17014
0.0166886
-0.120013
0.0945744
0.0709696
0.0104207
0.25057
0.00555746
0.257442
0.206391
0.126705
0.158616
0.0203141
-0.0270413
-0.010255
-0.136926
-0.0276046
-0.0615044
-0.0294957
-0.0311594
0.13809
0.0554108
0.208959
0.169819
0.205275
0.213037
0.0536106
0.224479
0.0450127
0.0282195
0.0313766
-0.158252
-0.000320958
-0.180168
0.0125334
0.00299696
-0.0388489
0.138252
0.0691342
0.185007
0.209504
0.177493
0.152558
0.137427
0.0159571
-0.0350231
0.0827002
-0.193269
-0.0296812
-0.0701098
-0.238128
0.0472153
-0.117784
0.0624077
0.135888
0.0352275
0.212586
0.129398
0.150129
0.0518104
0.0974505