
1692.58
1462.16
1014.75
760.839
789.816
993.244
989.258
618.704
266.706
397.852
396.932
318.351
204.866
101.573
346.284
409.709
320.246
215.766
135.613
81.4809
115.626
149.089
180.734
204.089
218.668
200.311
135.47
63.6075
28.6845
53.0775
43.1142
47.0045
100.674
162.028
173.46
166.719
155.478
143.938
166.829
174.592
209.238
231.071
203.832
193.175
159.03
106.647
98.8328
72.5778
83.247
91.0827
74.3405
98.0433
106.364
66.0886
80.4899
81.3177
75.5501
115.957
120.143
145.031
169.978
125.933
142.644
125.4
94.7393
117.86
88.7022
90.1302
96.6422
49.2852
61.1944
29.3974
17.2333
21.9294
56.9426
53.629
91.7944
85.5063
79.0547
86.8015
43.2285
63.0769
80.5821
62.9807
96.2279
85.8013
70.7687
66.742
24.326
35.4394
24.7595
10.38
41.7962
51.2745
29.5773
42.3718
30.8328
32.7918
62.4734
50.8331
73.9671
85.6298
62.2542
72.2757
46.3985
41.9734
39.6436
23.3899
46.9095
48.8814
35.31
45.1806
17.533
10.4841
16.6468
18.4884
33.1668
46.1916
29.7452
46.9189
29.6091
13.3446
22.9936
20.3956
34.4973
42.0898
32.0306
45.6914
24.6615
23.8886
13.4305
3.62912
10.4219
22.4073
13.959
24.3947
9.87699
8.47138
11.0556
15.492
12.1762
26.245
21.3176
29.7626
15.5552
12.2337
12.5967
9.14451
8.02653
19.1044
11.5087
22.2735
10.9802
9.90547
5.9851
9.76092
4.58485
19.9135
12.1071
16.3214
13.0642
8.48119
13.2728
11.3613
8.90283
19.6654
11.7195
21.33
14.0396
7.07131
7.73261
8.41041
4.17458
13.6589
6.10879
14.8161
9.70605
4.43503
6.16228
5.89961
8.65778
15.1079
6.81265
17.2401
10.2648
7.56392
8.85586
5.88223
8.85723
15.0287
7.15827
13.7101
8.13567
10.0402
6.89033
5.08403
3.52064
11.0794
7.87509
13.5696
5.632
7.53596
7.47157
4.89274
3.96266
11.0117
8.50361
13.6615
6.52249
8.80472
4.46118
3.96486
2.77819
8.95625
5.33424
13.1477
7.02455
8.08032
6.17141
4.81812
3.97599
12.2942
5.04292
10.0041
7.80912
7.99919
5.80203
2.73066
5.28676
11.1036
5.59931
12.204
5.67715
8.56465
5.78054
1.92345
4.12056
11.2559
4.7444
11.5207
8.15777
4.53897
4.72047
1.86735
5.47049
10.7908
6.66547
14.5952
8.96001
4.75103
5.5332
3.14775
3.64065
10.0961
5.10661
11.1806
7.18489
4.32416
4.23682
5.32625
3.0522
8.62669
4.93436
10.1482
5.6333
5.64521
6.58741
4.18938
2.64182
9.66697
6.17902
10.1986
6.88992
5.22396
4.75541
3.39907
1.84455
8.81659
5.86178
9.13594
6.16774
4.29307
4.42954
5.14174
1.39562
9.49606
5.94809
7.49296
7.12841
3.65435
3.56891
3.72786
1.51768
7.93149
4.77598
8.17008
5.6299
3.48525
2.20666
4.04493
0.453584
7.78846
4.51667
7.2087
7.08175
2.73937
3.30288
4.25985
4.22699
8.2898
4.60418
5.87144
4.47823
2.49315
2.20682
4.01474
2.31324
7.1862
4.48704
4.6731
3.40209
3.53731
2.99351
2.58229
1.58479
5.24628
4.44548
6.29933
4.09722
2.42143
1.87757
3.92817
1.45642
5.63061
4.02214
5.43901
4.68472
2.05651
1.65401
4.31473
2.93874
4.65774
3.69213
4.15431
2.86317
3.43081
1.8891
4.02837
1.60556
5.1331
3.9739
3.59331
3.2738
2.52369
2.04435
2.30953
0.890548
4.35947
3.11551
4.30222
3.21105
3.63287
2.48792
2.03294
0.555154
5.27509
3.32051
5.25148
4.78027
1.81183
2.28119
1.27505
0.520762
4.47838
3.31251
5.04887
3.78443
2.0655
1.22463
3.55106
2.0496
4.22222
2.4842
4.56388
3.48556
2.65661
2.79653
1.91019
2.08322
3.64988
2.97066
4.35155
2.80333
3.03051
2.52053
2.05574
0.94106
4.71793
3.72708
4.01231
3.36383
1.70444
1.54607
2.77424
1.82095
3.8716
4.32363
3.92678
3.02773
2.14711
1.48967
3.66341
1.7288
3.88962
3.42688
3.95669
3.86532
1.81338
1.88096
2.65714
2.22641
3.4955
3.02876
2.95644
3.47713
2.03721
1.20106
2.24254
1.21263
5.09176
3.72457
3.60718
4.4136
0.870103
1.44248
1.89081
1.94873
4.19458
3.95219
2.53357
2.57861
1.10033
1.23708
2.41657
1.72255
3.67911
3.07635
2.92623
2.80143
1.80335
2.14234
2.09314
3.09441
2.62026
2.59503
2.96191
2.73178
1.40336
1.47392
2.08183
2.22963
2.59476
2.05602
2.39494
2.05904
1.89544
1.80519
2.69712
3.17871
1.70834
3.06358
1.98013
1.7018
2.11158
1.47537
2.35123
1.89965
2.14054
2.56456
2.27807
2.04698
2.1281
1.91838
1.65055
1.9964
2.10189
2.87838
1.72296
2.0243
1.1631
1.30717
2.14128
1.54167
3.24203
2.40805
2.12002
2.4711
1.49303
1.93473
1.60112
1.57038
1.97155
2.01273
2.1445
2.57134
1.62455
1.63732
1.42125
1.19016
2.78896
1.82656
2.79743
2.25204
1.55969
1.82862
1.15136
1.8195
2.00167
2.22177
2.68267
1.9055
1.62276
1.69451
1.53768
1.56234
2.30974
1.42603
2.46843
1.48659
1.88858
1.41481
2.10367
2.28291
1.58453
2.22269
1.94558
1.62331
2.31632
1.46621
1.86497
1.17346
1.75636
1.49121
2.19222
1.81648
2.45231
1.41681
1.93167
1.64088
1.90579
2.46514
1.57316
1.71126
1.46669
0.868185
2.0851
1.08574
2.62545
1.78281
1.91305
1.70923
1.70724
1.57172
2.1115
1.67438
1.69698
1.549
1.42039
1.66844
1.53634
1.96552
1.93159
1.16075
2.19153
1.17091
2.36464
1.80494
1.60418
1.63627
1.35791
1.63382
1.84307
1.81344
1.91649
1.74234
1.5537
1.80599
1.35076
1.55104
1.84496
1.44151
1.99572
1.01951
1.74635
1.29039
2.1208
2.44883
1.32424
1.95266
1.52998
1.34322
1.45017
1.22274
1.45844
1.78358
1.86651
1.61831
1.31508
0.95868
1.98073
1.30448
2.12018
1.96095
1.50894
2.16229
0.672211
1.15641
1.02956
1.66224
2.30649
1.58021
1.93651
1.60216
1.25005
1.15528
1.7285
1.53765
2.03157
1.42854
1.23188
1.1735
1.31788
1.50142
1.22717
2.10549
2.00255
1.17785
2.09775
0.794891
1.78638
1.04687
1.22332
1.27965
2.26273
1.85065
1.9037
0.879633
1.39663
1.29891
1.80149
1.54664
1.74729
1.43872
1.84667
0.370178
1.26114
0.68766
2.8697
1.55978
2.16742
1.72536
1.45143
1.01447
1.66578
0.714761
1.83231
1.23396
1.8695
1.23956
1.63397
0.635199
1.77609
0.632246
2.17251
0.840385
2.51254
1.5205
1.65415
1.41273
0.871448
0.720375
1.72115
1.16739
2.73637
1.68347
1.96981
1.1781
1.3085
0.690865
2.06147
0.959515
2.20935
1.22869
1.92012
1.3435
1.37297
1.01457
1.8876
1.76487
1.89127
1.1833
2.061
1.16717
1.60543
0.944344
1.60344
1.16346
2.34393
1.52786
1.94812
1.46026
1.78741
1.62292
1.05313
1.08042
1.81895
1.83937
1.53333
0.868459
1.44282
0.538015
2.07726
1.27206
2.20003
2.03711
1.69582
1.62426
1.05267
0.989037
1.45462
1.20933
1.51832
1.62417
1.60022
1.59406
1.39327
0.854606
1.51327
0.899593
2.15
1.90699
1.44572
1.70861
0.617871
0.785983
1.5638
1.54365
2.11988
2.07088
1.2058
1.34918
0.882365
0.996529
1.53852
1.2095
1.5838
1.23561
1.35118
1.24913
1.37034
1.57018
1.14717
1.59662
1.4582
1.51146
1.16164
0.921801
1.06698
1.02567
1.51341
1.36722
1.51993
1.23084
1.74095
1.43708
1.37878
1.46818
1.06156
1.48938
1.04035
1.28245
1.18925
1.05486
1.11445
0.753451
1.66897
1.37055
1.65078
1.54112
1.34509
1.10709
1.24249
1.0331
1.20651
1.234
1.48157
1.6337
1.24725
1.25062
1.31849
1.01656
1.49264
0.96505
1.50621
1.30161
1.16286
0.909757
1.159
1.05076
1.7411
1.51258
1.41543
1.30636
1.32416
1.47116
1.18606
0.961305
1.27405
0.860263
1.56153
1.04506
1.58522
1.35806
1.26272
1.2491
1.16133
1.32559
1.61741
1.50629
0.960673
0.976238
0.939047
0.923406
1.47695
1.29333
1.85167
1.40926
1.32545
1.12882
1.37725
1.41803
1.17058
1.37614
0.976892
1.20458
1.14663
1.04038
1.2617
1.22802
1.4342
1.4033
1.22535
1.17513
1.35865
1.19052
1.13034
1.07274
1.35929
1.466
1.35014
1.68611
0.977873
1.31127
1.04769
1.13026
1.4528
1.50681
1.02313
1.2153
0.889028
1.07607
1.29931
1.21366
1.39048
1.61766
1.14374
1.69995
0.675794
1.31303
0.860983
1.18223
0.966559
1.09505
1.26067
1.3536
1.14442
1.35076
0.999482
1.50964
1.2365
1.48824
1.01338
1.39447
0.692108
1.34451
0.6924
1.30713
0.982618
1.22242
1.19337
1.23337
1.09297
1.22259
0.989584
1.3562
0.868012
1.40833
0.759972
1.15365
0.972274
1.15673
1.07693
1.55869
0.758601
1.32617
0.893903
1.05109
1.16358
0.993864
0.897944
1.09432
1.03378
1.41852
0.950219
1.4123
0.815348
1.12447
0.954183
1.24634
1.2797
1.53972
0.603962
0.939754
0.641021
0.957825
1.37543
1.24896
1.31831
1.47401
0.558078
1.13511
0.638919
1.27459
0.965687
1.10557
1.09059
1.0958
0.882463
0.88473
0.958565
1.29496
1.1289
1.33178
1.26548
1.07855
1.00851
1.11467
0.702072
1.23767
0.83222
1.36123
1.0751
0.972049
1.15851
0.897806
0.91446
0.869932
1.09119
1.39819
1.09111
1.08563
0.884756
0.848623
1.0802
0.985555
1.16164
1.50252
1.04878
1.52715
1.00812
0.59904
0.857673
0.522394
1.36518
1.20699
1.21355
1.47906
0.631142
0.857509
0.764319
0.728071
1.32404
1.16261
1.28588
1.57723
0.641287
0.901697
0.621045
0.738941
1.50929
1.1306
1.51612
1.58899
0.72785
1.26989
0.376247
0.887711
1.12728
1.13178
1.20183
1.15446
0.89932
1.14413
0.801174
1.22667
0.815427
1.01916
1.31998
1.20413
1.13117
1.33704
0.694624
1.185
0.778124
1.46668
0.970698
1.12015
0.896177
0.87463
0.966625
1.17582
0.847331
1.40391
0.680248
1.0884
0.976791
1.00516
1.17254
1.341
0.788974
1.45662
0.598625
1.54732
0.920319
0.980255
0.819736
0.780098
1.08567
1.37327
0.79256
1.47333
0.461506
1.09467
0.686969
0.845801
1.11825
1.28986
0.867579
1.52523
0.358188
1.28485
0.706032
1.10389
1.14796
1.04962
1.00126
1.32203
0.562215
1.29222
0.393642
1.2838
0.895167
1.02281
0.928738
1.00274
0.786722
1.2769
0.484246
1.40937
0.783898
1.07726
1.1012
0.739043
1.03008
1.18422
0.823799
1.55192
0.676648
1.34056
0.717395
0.651121
0.898467
0.862859
1.09472
1.35562
0.498533
1.21685
0.453934
0.801784
1.03449
0.812589
1.37278
1.36342
0.58851
1.2136
0.493067
1.26612
0.798935
0.794974
1.17806
0.990776
0.984528
1.14932
0.682899
1.27375
0.519093
1.00163
0.896491
0.739716
1.22442
1.14084
0.833721
1.35001
0.435056
1.25758
0.797248
1.0163
1.22308
0.946492
0.890347
1.09449
0.893288
1.48681
0.476741
1.19524
0.826885
0.855438
0.990948
1.00911
0.881057
1.36124
0.517925
1.41946
0.642962
0.988959
0.892879
0.64394
1.09938
1.22455
0.963017
1.7154
0.472715
1.27997
0.51498
0.694915
0.939223
1.04046
1.07336
1.59372
0.391098
1.45288
0.255264
0.969243
0.822765
0.748309
1.05619
1.31543
0.749738
1.60037
0.225886
1.31291
0.497214
1.04553
0.981221
1.1133
0.854794
1.49629
0.410048
1.53155
0.0898797
1.1008
0.7019
0.978698
0.934261
1.24998
0.586865
1.4466
0.336233
1.58877
0.563686
1.10998
0.767276
0.837368
0.756697
1.32582
0.600499
1.74072
0.309435
1.29759
0.534186
0.868568
0.939257
1.21838
0.536293
1.43106
0.218325
1.47041
0.459945
1.16001
0.823848
0.71157
0.751647
1.1823
0.587515
1.69843
0.412027
1.19581
0.495284
0.719601
0.955341
1.08062
0.846735
1.47302
0.0677724
1.27231
0.314389
1.10201
0.931815
0.813633
1.0109
1.14719
0.28196
1.17804
0.0629093
1.28729
0.697073
0.938642
1.1277
0.95502
0.825897
1.15524
0.171818
1.16005
0.305307
1.20806
1.03991
0.731884
1.04832
0.904876
0.49705
1.11148
0.32592
1.39864
0.8278
0.86165
1.03175
0.550705
0.728807
0.878179
0.670346
1.49807
0.532784
1.05475
0.874808
0.632706
0.995443
0.770893
0.707382
1.17691
0.436285
1.39789
0.693459
0.812105
0.909283
0.445643
0.90049
1.01653
0.754504
1.50879
0.393015
0.993008
0.600549
0.485683
0.938089
0.71894
1.07084
1.45833
0.280554
1.23733
0.419414
0.891432
0.828047
0.530539
0.901591
0.986485
0.717915
1.44505
0.146078
1.0562
0.483507
0.689961
1.02848
0.855503
0.972488
1.39772
0.118222
1.08046
0.101986
1.16508
0.976503
0.870125
0.966811
1.05008
0.435963
1.18769
0.23539
1.33632
0.634102
0.872079
0.82082
0.613684
0.746361
1.06291
0.45989
1.39558
0.20466
1.25252
0.855119
0.72498
0.796698
0.756578
0.571643
1.19797
0.299584
1.41213
0.652856
0.906298
0.78717
0.482658
0.768344
0.997357
0.548618
1.45251
0.295843
1.16498
0.718999
0.486962
0.79826
0.627287
0.843088
1.31543
0.335448
1.34741
0.623526
0.744029
0.621372
0.563346
1.03863
1.17955
0.589915
1.2872
0.234749
0.972538
0.440104
0.809502
1.11918
0.87327
0.914489
1.13186
0.121674
1.02248
0.307476
1.09165
0.93873
0.68957
0.95468
0.862212
0.442187
1.0754
0.38551
1.29547
0.749343
0.663808
0.944928
0.546264
0.866093
0.909305
0.369578
1.16939
0.333445
1.1054
0.970066
0.631969
0.904167
0.619419
0.617136
1.11218
0.584039
1.26666
0.75883
0.538948
0.765102
0.428476
1.0875
1.06246
0.591316
1.1713
0.232479
0.903297
0.717941
0.559269
0.963854
0.506254
0.781618
0.981931
0.508864
1.18201
0.686879
0.771858
0.90833
0.4121
0.999893
0.933321
0.680631
1.2148
0.193141
0.900627
0.603645
0.617613
1.12361
0.670992
0.857752
1.01446
0.413228
1.02692
0.390272
0.809202
0.858414
0.606339
0.924201
0.844267
0.712257
1.22742
0.342598
1.11246
0.627834
0.639888
0.907331
0.598178
0.777196
0.925905
0.536106
1.14629
0.300997
1.05533
0.804991
0.717938
0.735103
0.761181
0.642252
1.15819
0.327786
1.19521
0.491163
0.726824
0.77974
0.544958
0.927899
1.15611
0.461604
1.26445
0.0920949
1.01512
0.61478
0.761853
0.638553
0.679998
0.620642
1.11906
0.451954
1.34593
0.552581
0.815166
0.59386
0.475488
0.809604
1.08278
0.519713
1.32138
0.0556482
1.07936
0.486684
0.851979
0.782707
0.81935
0.597785
1.09194
0.220145
1.11934
0.303473
0.925565
0.559731
0.61078
0.778111
1.03247
0.548583
1.37492
0.151347
1.19034
0.534175
0.712408
0.731843
0.72789
0.687026
1.07618
0.235267
1.14572
0.325077
0.955275
0.539857
0.827419
0.773913
0.952401
0.28391
1.00765
0.0634018
1.16656
0.490197
0.840777
0.874987
0.72269
0.75701
0.977793
0.250686
1.11436
0.310129
0.956619
0.566827
0.708213
0.666965
0.752602
0.405842
0.925872
0.291164
1.15158
0.625361
0.880992
0.845737
0.446921
0.680286
0.75824
0.411527
1.11748
0.312686
1.18469
0.81767
0.683162
0.630788
0.607329
0.504863
0.927846
0.44252
1.05055
0.584504
0.632758
0.493599
0.375698
0.852571
0.925682
0.644484
1.26804
0.302229
1.0336
0.60557
0.547044
0.655886
0.548721
0.670206
0.963188
0.454904
1.06237
0.523038
0.717499
0.543911
0.6702
0.806834
0.97864
0.458766
1.00468
0.0586334
0.921257
0.373135
0.896584
1.0091
0.775167
0.70472
0.930316
0.280569
0.995338
0.369874
0.848348
0.569362
0.731196
0.565676
0.798364
0.352117
0.960199
0.251707
1.15647
0.585997
0.940142
0.869544
0.558286
0.403691
0.627433
0.54653
1.26311
0.425836
1.13237
0.642285
0.76568
0.425294
0.783924
0.398838
1.10814
0.373517
1.01194
0.454073
0.723826
0.491267
0.504791
0.642993
0.947581
0.550533
1.37713
0.369316
1.01316
0.516361
0.564068
0.399228
0.733679
0.56734
1.18896
0.463816
0.999199
0.508992
0.698594
0.485203
0.71219
0.71822
0.997864
0.331505
1.00069
0.261563
0.967646
0.383672
0.995196
0.936097
0.839852
0.61563
0.83995
0.281878
0.896925
0.496685
0.727921
0.608851
0.682968
0.625831
0.848232
0.408019
0.999952
0.390486
0.912128
0.567236
0.817285
0.944654
0.487639
0.577401
0.508731
0.292199
0.916646
0.554386
0.975153
0.93149
0.715442
0.604089
0.54633
0.31339
0.853432
0.48773
0.957906
0.763423
0.519491
0.739458
0.267693
0.748374
0.722612
0.649881
1.06663
0.570889
0.705057
0.552245
0.350554
0.574688
0.666441
0.655147
1.0208
0.651118
0.810996
0.671939
0.414448
0.676115
0.47338
0.835531
0.835883
0.457634
0.846305
0.136579
0.736922
0.497538
0.750632
0.936252
0.794422
0.624145
0.74789
0.253822
0.667726
0.534209
0.630395
0.793708
0.597893
0.717567
0.806774
0.405882
0.954301
0.253046
0.939962
0.593874
0.684714
0.822642
0.606634
0.485204
0.612096
0.320548
0.845088
0.582894
0.862742
0.841059
0.789968
0.503965
0.751048
0.270386
0.952791
0.279165
0.955077
0.594952
0.769549
0.788183
0.502113
0.517561
0.694767
0.462112
1.04635
0.496048
0.907569
0.623166
0.520364
0.284419
0.674223
0.482953
1.18504
0.516098
0.974049
0.624392
0.569617
0.632285
0.486143
0.702939
0.898608
0.337679
0.957847
0.278333
0.891922
0.538859
0.625314
0.526505
0.797492
0.426062
0.978998
0.424113
0.804115
0.573987
0.479607
0.571989
0.533462
0.719852
0.924068
0.454783
1.0598
0.325493
0.879158
0.485748
0.66585
0.711814
0.68948
0.505141
0.799553
0.295968
0.763685
0.532786
0.679985
0.798801
0.656875
0.606161
0.77493
0.230487
0.918753
0.277861
1.01956
0.673961
0.648816
0.771127
0.55425
0.628383
0.744916
0.406476
0.890914
0.641406
0.617628
0.60433
0.411502
0.51921
0.780119
0.40763
1.05886
0.520242
0.829184
0.633846
0.512043
0.736342
0.497005
0.770428
0.695329
0.386909
0.819617
0.391928
0.78027
0.736982
0.617249
0.599743
0.67834
0.334461
0.878214
0.419506
0.756445
0.637797
0.452701
0.767486
0.423797
0.807324
0.814373
0.448204
0.907342
0.314935
0.777901
0.56692
0.539071
0.617145
0.628401
0.43245
0.84426
0.403237
0.818693
0.691181
0.441874
0.731068
0.499431
0.651794
0.776702
0.293953
0.887989
0.167817
0.854026
0.473915
0.756616
0.805553
0.676636
0.502759
0.744795
0.285454
0.790602
0.50809
0.650345
0.748801
0.616369
0.506281
0.761918
0.311051
1.07013
0.25001
0.96213
0.573332
0.648721
0.638202
0.438565
0.522618
0.774997
0.366172
0.931511
0.449753
0.823685
0.654713
0.614038
0.400054
0.784823
0.282649
1.10712
0.344253
0.918492
0.590842
0.578684
0.633733
0.458771
0.637124
0.820024
0.322119
0.91179
0.289773
0.851682
0.494509
0.61878
0.449403
0.794854
0.42622
1.13615
0.50117
0.884184
0.658141
0.505971
0.651999
0.501926
0.757043
0.911001
0.269154
0.860202
0.202935
0.867503
0.473377
0.82383
0.696333
0.718597
0.417934
0.801028
0.336794
0.844571
0.599139
0.689813
0.813622
0.513727
0.663708
0.770199
0.192419
0.877147
0.201952
1.01267
0.646175
0.791475
0.836452
0.471838
0.431094
0.547751
0.32244
0.936994
0.732504
0.73738
0.835209
0.425142
0.532156
0.577803
0.327532
1.02688
0.458798
1.01139
0.854773
0.535044
0.807695
0.268792
0.637265
0.546915
0.510932
0.859335
0.694738
0.658942
0.723273
0.311041
0.490255
0.528162
0.52814
1.04517
0.641604
0.905543
0.92028
0.323581
0.686516
0.374549
1.003
0.769563
0.670558
0.779514
0.465259
0.46007
0.457394
0.557486
0.81791
0.742826
0.698106
0.798423
0.561815
0.514585
0.543094
0.541047
0.944373
0.46081
1.08154
0.776783
0.418786
0.638175
0.112679
0.782313
0.700204
0.777121
1.00119
0.556106
0.449087
0.373609
0.316584
0.684448
0.691828
0.619366
0.970503
0.411442
0.713298
0.560867
0.419512
0.82046
0.253236
0.948273
0.696988
0.636213
0.85194
0.299717
0.501808
0.486309
0.551706
0.867893
0.75634
0.654487
0.678956
0.288763
0.461736
0.55023
0.560553
1.05674
0.39974
0.899516
0.604249
0.502325
0.679102
0.402875
0.860879
0.739231
0.549407
0.777228
0.366196
0.60981
0.477862
0.505517
0.559158
0.706697
0.491008
0.92359
0.364483
0.747549
0.501108
0.64106
0.803411
0.42466
0.864728
0.673602
0.405019
0.723871
0.222841
0.877302
0.640386
0.692564
0.655764
0.571714
0.43086
0.691552
0.400435
0.777904
0.67299
0.53071
0.775021
0.300117
0.78056
0.54438
0.484686
0.792057
0.257057
0.888327
0.628412
0.673939
0.802746
0.391166
0.554464
0.482263
0.52624
0.761153
0.777632
0.5778
0.869544
0.171556
0.607738
0.406616
0.61529
0.899814
0.41121
0.798932
0.63747
0.530873
0.768929
0.341611
0.844177
0.547552
0.737654
0.666901
0.668003
0.441464
0.604923
0.231386
0.712779
0.628182
0.728441
0.876435
0.445034
0.592226
0.479099
0.572535
0.882979
0.421335
1.03164
0.531383
0.495762
0.425122
0.442296
0.642852
0.670979
0.653124
0.810563
0.594756
0.519232
0.595379
0.377743
0.700377
0.612185
0.51432
0.904895
0.25192
0.878739
0.500275
0.555124
0.662918
0.349062
0.718596
0.53226
0.636652
0.678989
0.485572
0.488112
0.55742
0.542039
0.713541
0.680069
0.559573
0.777516
0.284317
0.725486
0.50849
0.569351
0.826691
0.218711
0.790479
0.391691
0.65105
0.619677
0.479216
0.60248
0.49915
0.534991
0.681519
0.581768
0.621805
0.614481
0.384018
0.628496
0.60662
0.580335
0.965736
0.264513
0.872629
0.437179
0.615285
0.62879
0.384327
0.631024
0.483666
0.534378
0.689327
0.529355
0.679946
0.443519
0.495979
0.462423
0.688852
0.570188
0.926778
0.372799
0.772283
0.419021
0.646334
0.672309
0.508035
0.878741
0.586484
0.495432
0.568754
0.256397
0.678542
0.39402
0.714609
0.551083
0.673036
0.497823
0.686799
0.396092
0.695997
0.503051
0.718875
0.848076
0.436106
0.836853
0.455615
0.417169
0.588032
0.260026
0.86136
0.548375
0.789724
0.689481
0.436923
0.429858
0.480029
0.483772
0.648025
0.686107
0.623596
0.779056
0.303629
0.625506
0.334743
0.582324
0.72469
0.439413
0.967643
0.648105
0.621932
0.680001
0.279071
0.554608
0.469678
0.719359
0.639314
0.773305
0.488487
0.553477
0.234766
0.576033
0.535501
0.748387
0.859657
0.494176
0.690621
0.44272
0.567662
0.660264
0.49668
0.924316
0.43594
0.761816
0.515953
0.551971
0.431897
0.449073
0.427117
0.520426
0.587339
0.61891
0.687624
0.495304
0.552003
0.375066
0.637051
0.794257
0.536298
1.03184
0.474286
0.61945
0.460147
0.380185
0.58555
0.500341
0.71442
0.616749
0.612329
0.5456
0.531997
0.470091
0.493525
0.491891
0.55451
0.751237
0.42029
0.805168
0.358401
0.580591
0.583374
0.468462
0.869475
0.55281
0.784544
0.638706
0.388051
0.376582
0.454885
0.576907
0.606194
0.727024
0.514585
0.586894
0.333248
0.58371
0.46335
0.69109
0.797349
0.440089
0.771356
0.367353
0.586379
0.479612
0.581357
0.767855
0.588274
0.817635
0.54637
0.656959
0.43053
0.449134
0.410664
0.539695
0.602862
0.624047
0.681004
0.370502
0.598682
0.314379
0.736474
0.741624
0.635336
0.988554
0.436324
0.634536
0.290897
0.455582
0.498742
0.587036
0.719631
0.625234
0.675013
0.541848
0.543031
0.433016
0.562756
0.520883
0.680589
0.843826
0.435113
0.819853
0.189008
0.521643
0.388462
0.658981
0.860246
0.783225
0.795677
0.581941
0.388769
0.351791
0.563553
0.703064
0.631891
0.803631
0.459501
0.690762
0.245786
0.72674
0.343036
0.74293
0.566551
0.541111
0.653391
0.448944
0.509904
0.469187
0.511759
0.678868
0.561813
0.876049
0.509012
0.883906
0.342976
0.635878
0.260698
0.673444
0.429467
0.72298
0.559193
0.477057
0.537207
0.399105
0.564303
0.685592
0.527909
0.900096
0.385488
0.827704
0.257626
0.682306
0.233322
0.62988
0.505582
0.790581
0.673788
0.738769
0.568108
0.448774
0.39824
0.450004
0.555869
0.812946
0.437207
0.864967
0.184203
0.600547
0.204145
0.82483
0.612786
0.859291
0.782656
0.606507
0.536653
0.360489
0.409913
0.576734
0.582658
0.740981
0.528233
0.74244
0.27174
0.671416
0.209496
0.794104
0.600374
0.699813
0.710456
0.4596
0.528329
0.286175
0.538787
0.544364
0.743364
0.86092
0.634201
0.730008
0.387605
0.492748
0.316375
0.653028
0.49419
0.70155
0.671772
0.402356
0.634268
0.292715
0.67588
0.490514
0.697614
0.623742
0.5418
0.621392
0.414776
0.576521
0.357982
0.574076
0.552582
0.662081
0.757955
0.578536
0.739044
0.309547
0.619401
0.22274
0.672393
0.509847
0.598877
0.629497
0.42289
0.552952
0.412877
0.673594
0.574104
0.66953
0.741427
0.450747
0.675712
0.312439
0.550774
0.314053
0.639956
0.492903
0.733848
0.687059
0.50475
0.692808
0.352789
0.615711
0.412437
0.58552
0.576686
0.514602
0.607744
0.391822
0.676429
0.468587
0.699526
0.60139
0.61153
0.738371
0.472896
0.678045
0.288867
0.629355
0.294589
0.64536
0.471034
0.613643
0.673512
0.59119
0.671658
0.496181
0.580355
0.50764
0.520006
0.667056
0.415101
0.744646
0.274693
0.641288
0.327431
0.771558
0.550036
0.765446
0.639651
0.488459
0.539718
0.357912
0.502536
0.491967
0.563454
0.669263
0.421426
0.731485
0.389733