
1692.58
-305.564
-959.804
362.254
361.646
-961.863
776.194
-56.9702
47.0235
-114.325
-81.496
167.383
-172.498
-27.2663
-48.9953
334.045
-319.822
187.117
-85.1122
50.0662
-40.1968
-122
115.816
86.5581
-212.168
158.658
-8.16494
-37.2013
3.34676
-35.53
34.4913
24.2001
-100.264
48.4826
112.96
-165.755
129.299
-67.7466
-14.9169
119.044
-206.922
166.069
8.11016
-136.471
158.479
-84.989
34.9612
20.6383
-63.8932
78.9049
-3.65769
-64.182
101.299
-30.0826
0.744381
71.4473
-74.8969
63.0003
38.9199
-111.426
166.631
-82.5889
38.083
73.0354
-81.6059
113.085
-27.2302
-15.4037
90.5086
-47.421
49.7758
13.0423
15.9757
20.654
41.819
-53.3956
84.922
-24.5695
-4.37013
74.5776
-40.8728
50.7807
26.8775
-52.8824
96.2139
-53.9601
24.5634
30.8803
-18.158
34.3938
6.99042
-10.3787
41.6715
-9.11028
-9.40706
37.2184
-19.7697
8.72075
46.3111
-50.6516
71.3914
-33.5505
-1.20891
40.5694
-45.6851
40.6002
-0.0648337
-17.1133
45.7212
-30.6024
14.2513
16.0335
-17.4011
10.0461
10.3179
-16.8044
31.0699
-9.16322
-3.07199
28.9761
-28.1462
11.7144
5.269
-19.9905
34.3851
-21.2854
10.2302
12.8927
-21.1437
20.4805
-8.77895
-0.126613
9.97852
-7.26711
-0.563631
14.2089
-8.12189
4.44317
2.5907
-12.2082
10.8769
-9.5915
-1.27761
16.9457
-15.5377
11.5268
-1.17922
-7.22733
8.02351
-7.43222
1.55327
6.79484
-10.6985
7.32242
-0.612014
-3.52564
4.3792
-3.61873
-7.4757
9.42615
-12.975
7.87312
5.53165
-9.23158
8.83572
-7.992
-0.0461677
7.14366
-13.9767
6.92961
0.26694
-5.65838
3.77003
-3.0578
-1.50499
4.40634
-9.70573
3.90881
-0.869444
-5.59772
8.54213
-4.3979
0.94484
3.47942
-10.0545
6.05683
-4.63401
-5.816
8.85723
-6.47133
0.321476
0.98006
-5.94683
7.27021
-3.71602
-3.89399
3.47888
-4.65682
0.470751
5.837
-5.61284
4.35798
-3.7911
-4.41778
3.53482
-7.87158
3.56144
1.40055
-4.85801
5.07664
-3.40221
-0.626242
1.83871
-4.87279
2.57665
0.602496
-5.86761
5.80436
-2.66776
-3.50327
3.89141
-4.9807
-2.01704
-0.413968
-5.69957
6.75982
-2.46039
-1.70055
4.02076
-6.98869
1.94982
-0.125518
-4.39237
3.37842
-5.34177
-1.03727
3.72487
-4.93261
-0.929492
0.887022
-7.80614
3.3284
-3.39749
-1.8447
4.96278
-6.48015
2.53539
1.94029
-8.81507
3.01149
-4.00501
-2.98405
3.38152
-5.81014
0.421337
0.440219
-6.77519
2.50571
-2.52256
-4.59032
2.17967
-2.89381
-0.575051
2.54058
-5.61443
2.50459
-4.8525
-4.1332
2.43826
-6.74474
0.517588
0.374493
-5.99886
3.20824
-3.69975
-2.96722
1.80514
-5.35494
-0.47957
1.46368
-5.79314
2.96285
-2.14935
-4.18095
1.343
-5.05152
-2.66338
0.315548
-6.30069
3.29327
-1.7539
-3.08505
1.50651
-4.86176
-0.35158
0.0857397
-5.01763
1.41114
-1.93896
-2.14687
0.294972
-3.71367
-2.29569
-0.477976
-6.3049
2.37671
-2.25519
-4.18562
2.99835
-1.51805
-3.03612
1.132
-4.42831
0.206281
-1.92914
-3.25276
1.02559
-2.11963
-3.12945
0.243058
-3.26991
-1.26296
-2.51294
-1.15786
-0.0732986
-2.08554
-1.17118
2.2305
-4.09722
0.0630774
-1.6665
-2.68339
-0.301245
-2.63988
-1.70813
0.270827
-4.25655
0.928891
-1.33967
-3.23802
-0.505388
-1.14719
-1.85798
0.713479
-2.32851
1.19243
-1.61491
-2.17629
-1.07189
-2.20258
-2.62953
-0.0340747
-2.77989
0.140537
-1.97275
-1.10104
-0.306979
-2.21064
-1.01559
-0.267932
-2.15343
0.889372
-2.45071
-0.217698
-0.172281
-3.16257
-1.20434
-0.512892
-4.153
0.470564
-2.15658
-0.556343
0.380125
-2.49081
-0.513249
0.329064
-3.36225
0.807379
-1.07738
-2.3092
-0.420185
-1.07912
-1.35696
-0.370397
-3.17312
-0.542979
-2.60326
-1.48462
-0.0103488
-1.03983
-0.85185
0.701085
-2.5077
0.455186
-2.5193
-1.45429
0.060583
-2.20592
-1.79514
0.738528
-3.26483
-0.425214
-1.48575
-1.86106
-0.678907
-2.17166
-1.26745
1.45028
-2.69447
1.30291
-0.894634
-2.35079
-1.10104
-2.20752
-1.33374
0.0323151
-3.27482
0.792533
-1.85341
-2.25301
-0.310519
-1.13068
-1.6811
-0.312509
-2.38275
1.32951
-1.13639
-1.5612
0.567391
-2.0744
-2.33154
-0.266994
-3.79536
0.580349
-1.40946
-1.65015
0.505601
-1.48239
-2.22635
0.786716
-2.27534
-0.235328
-0.49537
-0.884809
-0.364687
-0.879971
-1.95593
0.468701
-2.74664
-1.38576
-1.2935
-1.54722
-0.408813
0.0285356
-1.07337
0.439211
-2.24708
0.121589
-1.00329
-0.838576
-0.742418
0.0178259
-1.37885
-0.127347
-1.71526
-0.813214
-0.992624
-1.31321
-1.64135
-0.312565
-1.14521
0.905052
-0.860034
0.315501
-0.924587
-0.302221
-1.30134
-0.730298
-1.07291
0.354221
-1.35109
0.178707
-1.61321
-0.711244
-0.925691
-0.674639
-1.30163
0.536595
-1.19018
0.30519
-0.0796663
-0.14396
-0.148267
-0.167417
-1.76322
-0.171817
-1.66159
0.11314
-1.0516
0.116586
-0.738671
-0.30193
-0.852856
-0.142818
-1.33283
0.674265
-0.819155
0.384965
0.135595
-0.0597173
-0.916402
0.294754
-1.91096
-0.0302774
-1.3706
-0.432495
-0.266171
-0.146481
-0.463762
0.765106
-1.4629
0.183309
-0.930975
0.187508
-0.325979
0.456671
-0.728992
0.453736
-1.28478
-0.210446
-1.00031
-0.710525
-1.18861
-0.0541539
-0.738523
0.684923
-0.630728
0.737388
-1.08793
0.399061
-0.908153
-0.265882
-0.559257
-0.000680018
-0.826044
0.723929
-1.30778
-0.3511
-1.1871
-0.600885
-1.24486
0.577906
-0.92557
0.674221
-0.21747
0.131573
-0.44024
-0.0123317
-1.37103
-0.0181463
-1.18377
0.0221713
-0.844767
0.245175
-1.30664
0.0677235
-1.22965
-0.362948
-0.795529
-0.162977
-0.585774
0.71981
-0.541166
0.377567
-0.834701
0.0166806
-1.55149
-0.170908
-1.24564
-0.371158
-0.645309
-0.0679489
-0.904046
0.256996
-1.20272
0.0504293
-1.06946
0.244996
-0.594557
0.486957
-0.800978
0.761708
-0.999665
-0.536651
-0.832793
-0.782623
-1.39435
0.218042
-0.944178
0.639812
-0.835094
0.257224
-0.760079
-0.247105
-0.566516
0.475016
-1.03201
0.465984
-0.310383
0.0748305
-0.76653
-0.0932802
-1.42531
0.0328216
-1.53906
0.403537
-0.354348
-0.0502552
0.227729
0.495106
-0.842823
0.530348
-1.14283
0.396415
-0.426829
0.202945
-0.637909
0.700415
-1.19546
0.186208
-0.719714
-0.106509
-0.632894
-0.0748527
-0.256317
1.15871
-0.382229
1.047
-0.633662
0.36316
-0.854465
-0.122504
-0.0208146
0.228572
-1.01775
1.08134
-0.792311
-0.0558031
-0.424363
0.320531
-0.725329
0.729607
-0.746845
1.31987
-0.368536
0.201076
0.538738
-0.210475
-1.02202
0.325202
-1.31796
0.609786
-0.612912
0.564415
-0.478583
0.0868903
-0.663353
0.475289
-0.822934
0.709909
-0.403619
0.371675
-0.287513
0.2858
-0.552066
0.343851
-1.43998
0.159779
-1.3147
-0.0319294
-0.106712
-0.134604
-0.0144675
0.370279
-1.32196
0.815687
-1.15142
0.11053
-0.339439
0.172818
-0.705999
0.27903
-1.13403
0.173213
-1.31956
-0.406532
-0.611373
-0.400979
-0.87454
0.651991
-0.836464
0.720497
-1.14352
0.269261
-0.9439
-0.688003
-0.376159
0.0692902
-1.23193
0.259171
-1.31254
0.19457
-1.58087
-0.347867
-0.612204
-0.221861
-1.20626
0.789212
-0.812652
0.170157
-0.506694
-0.514825
-0.907837
-0.28924
-1.55793
0.554401
-1.55551
0.0861046
-0.898941
-0.311144
-0.96668
-0.45308
-0.930472
0.216241
-1.16273
0.599125
-0.789987
-0.0818287
-0.676641
-0.242901
-1.6215
0.290129
-1.66673
-0.319176
-0.424314
-0.627332
-0.538549
0.116699
-1.65889
0.499661
-1.19356
0.0430308
-0.546176
0.113736
-0.887407
0.236893
-1.13261
-0.15829
-1.06634
-0.417089
-1.09021
-0.158258
-0.834114
0.381702
-1.14379
0.523829
-0.844975
-0.234813
-0.497284
-0.120075
-0.770533
0.216841
-0.797413
0.267933
-1.23702
0.084288
-1.26587
-0.126006
-1.00332
0.192621
-0.795262
0.357416
-0.753389
0.209982
-0.404861
-0.126992
-0.843319
0.233325
-1.17182
0.509654
-0.975627
0.160039
-0.921101
-0.297039
-0.705537
-0.0668778
-1.0419
0.424226
-0.826472
0.473154
-0.713805
0.439081
-0.837336
0.12689
-1.11895
0.272334
-0.8537
-0.343052
-0.468585
-0.0407172
-1.08478
0.277982
-1.03565
0.129773
-1.08052
0.500534
-0.764829
0.273555
-0.654948
0.178057
-0.902384
0.0292764
-1.19871
0.0289581
-1.07291
-0.145423
-0.799504
0.404738
-1.37727
0.291046
-0.925179
-0.264292
-0.453301
-0.126484
-0.665112
0.451591
-1.28127
0.277947
-1.07485
-0.180689
-1.21792
-0.0255433
-1.17052
-0.0360808
-0.87967
0.132851
-0.839052
-0.11561
-0.847239
0.0985726
-1.11825
0.249896
-0.970903
0.280237
-1.14941
-0.185213
-0.947425
-0.461515
-1.03579
-0.0936334
-1.30822
0.180266
-1.00172
0.154621
-0.80976
0.164664
-1.3205
0.212053
-1.12493
-0.181219
-0.745978
-0.0391772
-0.991544
-0.206298
-1.30111
0.000977026
-1.43446
0.0499849
-0.959783
0.113393
-0.860724
0.0738329
-0.759422
0.01754
-1.05538
0.0738192
-1.12958
-0.174401
-0.962627
0.313601
-1.24442
0.272392
-1.28504
-0.169237
-0.983434
-0.0544054
-0.725614
0.220545
-0.76268
0.328359
-0.985126
0.232998
-1.05463
-0.0148982
-1.09194
-0.00804383
-1.04137
0.167032
-0.792329
0.146506
-0.863985
-0.0381735
-1.14246
0.230081
-0.866541
0.425982
-0.705963
0.495355
-0.947213
-0.155559
-0.817233
-0.170693
-0.952735
0.126434
-0.996767
0.275453
-0.762636
0.14418
-0.758829
0.382545
-1.32947
0.35135
-0.734864
0.0356545
-0.33903
0.251349
-0.928192
0.393425
-1.38317
0.0174891
-0.874588
-0.084793
-0.627579
0.361043
-0.69391
0.403292
-0.875779
0.280767
-0.713767
-0.13883
-0.704685
0.306613
-0.856997
0.682077
-0.983296
0.325173
-1.07839
-0.304556
-0.714405
0.0855019
-0.7074
0.604825
-0.673718
0.542554
-0.821183
0.11639
-0.694181
-0.135132
-0.879959
0.498825
-0.894964
0.315678
-0.659349
0.134143
-0.787382
-0.0975046
-1.03407
0.390015
-1.15567
0.874143
-0.571819
0.221803
-0.415452
-0.0885572
-0.952579
0.171606
-1.29495
0.313961
-0.700786
0.109591
-0.426605
0.057671
-0.904585
0.159114
-1.37358
0.367092
-0.764855
0.0777745
-0.23141
0.217915
-0.904928
0.349592
-1.52872
0.164538
-1.21402
-0.165006
-0.402193
0.108027
-0.80945
0.357813
-1.07733
0.0277973
-1.0111
-0.126733
-0.866482
0.167001
-0.618979
0.372711
-1.08495
0.292333
-1.31907
-0.284378
-0.952557
-0.242766
-0.871619
0.479605
-0.926609
0.398767
-0.839409
-0.153379
-1.02287
-0.242064
-1.00494
0.163815
-0.721699
0.267717
-0.809401
0.151941
-1.26564
-0.275609
-1.12285
-0.0838019
-0.907426
0.639977
-0.81687
0.344592
-0.715194
-0.182924
-1.13465
-0.0162523
-1.18418
0.162969
-0.74845
0.240884
-0.577884
0.0587146
-1.08979
-0.0311219
-1.26435
0.00401009
-0.719912
0.326067
-0.592926
0.551693
-0.928003
0.227648
-1.23519
-0.0765006
-1.03108
-0.0511811
-0.625963
0.486512
-0.754195
0.395124
-0.909289
-0.040428
-1.05306
-0.126579
-0.719265
0.486993
-0.604341
0.705737
-0.694923
0.0304413
-1.03211
-0.135113
-1.10225
0.373803
-0.974611
0.627847
-0.466547
0.271754
-0.671724
0.183864
-1.21453
0.0928157
-0.897963
0.313618
-0.324197
0.398317
-0.560319
0.395028
-1.32411
-0.055148
-0.986244
0.00291191
-0.720702
0.537261
-0.476059
0.483873
-0.903337
0.260544
-1.08821
-0.0589349
-1.00346
0.217811
-0.620921
0.476648
-0.577224
0.370467
-1.12689
-0.19493
-1.17311
-0.11641
-0.701747
0.410276
-0.626628
0.700359
-0.94166
-0.0176621
-1.00233
-0.151983
-1.23015
0.151232
-0.818092
0.517604
-0.733332
0.379528
-1.00397
-0.266684
-1.20767
-0.22185
-0.915072
0.415356
-0.699576
0.5537
-0.639629
-0.225386
-1.07988
-0.246007
-1.37996
0.258508
-1.00833
0.395389
-0.532355
0.104601
-0.892404
0.0416174
-1.49231
-0.126183
-1.14119
0.201503
-0.547427
0.433694
-0.671562
-0.00274206
-1.2379
-0.281788
-1.33833
-0.0572433
-0.830814
0.263791
-0.619509
0.416603
-1.0173
0.0469259
-1.38243
-0.133424
-1.24014
0.0882895
-0.559432
0.371671
-0.728177
0.344806
-1.22176
-0.331762
-1.18134
-0.263556
-0.85606
0.468524
-0.693614
0.53299
-0.763287
-0.121271
-1.08644
-0.161633
-1.28096
0.29764
-0.80512
0.489967
-0.476693
0.408745
-1.1089
0.0737998
-1.28331
-0.21781
-0.737285
0.421889
-0.558375
0.69182
-0.581501
0.109837
-0.979455
-0.0708587
-1.25806
0.411916
-0.766445
0.493908
-0.13089
0.364083
-0.82434
0.319846
-1.33159
0.0660776
-0.799542
0.313801
-0.271205
0.719098
-0.535599
0.572996
-1.10765
-0.0143792
-0.894463
0.010206
-0.448109
0.601307
-0.311755
0.739022
-0.824651
0.465928
-1.10023
-0.0285145
-0.710388
0.244559
-0.38059
0.871511
-0.509941
0.696163
-0.898535
-0.0508836
-0.865025
0.00565097
-0.694761
0.765786
-0.485393
0.871163
-0.547266
0.121833
-0.783132
-0.172851
-1.00369
0.491461
-0.558127
0.767159
-0.435269
0.622556
-0.764526
-0.0571856
-0.969064
0.0467777
-0.899282
0.667394
-0.472811
0.7582
-0.430715
0.101718
-0.888274
0.0453605
-1.25032
0.388705
-0.65247
0.577163
-0.200627
0.39086
-0.61009
0.158252
-1.34294
0.126168
-0.929258
0.403337
-0.47515
0.674689
-0.460356
0.255613
-0.91798
0.0262033
-1.27724
0.145922
-0.636341
0.450604
-0.227883
0.520305
-0.759488
0.326423
-1.36734
-0.078111
-0.806391
0.0164342
-0.34981
0.702193
-0.680303
0.598644
-1.0435
-0.0986963
-0.981584
-0.0175507
-0.784463
0.597048
-0.542957
0.673833
-0.57918
0.155594
-1.00142
-0.195494
-1.01434
0.188819
-0.581076
0.787627
-0.541063
0.564593
-0.740723
-0.0993865
-0.952731
0.0172282
-0.853939
0.638581
-0.550583
0.719322
-0.419122
0.194487
-0.889344
-0.018508
-1.14594
0.294793
-0.657428
0.71899
-0.164251
0.451769
-0.522937
0.0658065
-1.0942
0.174816
-0.922359
0.62348
-0.406667
0.530101
-0.251366
0.386603
-1.04761
0.345351
-1.17223
0.177261
-0.504002
0.438565
-0.0407669
0.698994
-0.741027
0.593352
-1.12583
-0.118603
-0.572852
0.240179
-0.364631
0.791984
-0.473108
0.639148
-0.84128
0.0530464
-0.810711
0.202584
-0.811723
0.748841
-0.265273
0.768118
-0.484114
0.474904
-0.903941
-0.172311
-0.755098
0.289274
-0.418287
0.865499
-0.457401
0.679884
-0.613007
-0.0141441
-0.796395
0.345426
-0.918481
0.758811
-0.282508
0.608194
-0.260582
0.435445
-0.998916
0.299864
-1.06614
0.228035
-0.414984
0.663476
-0.26215
0.700146
-0.499825
0.114617
-0.8386
0.148425
-0.802611
0.633202
-0.477607
0.777961
-0.366729
0.418411
-0.89998
0.220113
-1.12917
0.190731
-0.517361
0.551501
-0.213702
0.757564
-0.662575
0.322222
-0.989897
0.0822987
-0.832784
0.314855
-0.450592
0.641195
-0.526015
0.473917
-0.833126
0.0617891
-1.10055
0.20835
-0.82756
0.60262
-0.439061
0.6961
-0.597714
0.231244
-0.915324
-0.0891491
-0.96522
0.148389
-0.661041
0.674847
-0.653122
0.46502
-0.757337
-0.0354682
-1.03242
0.0774118
-0.903359
0.476705
-0.468072
0.593744
-0.512901
0.242775
-1.12474
0.0417031
-1.14919
0.0877558
-0.634349
0.527343
-0.627914
0.453866
-0.661299
-0.0379269
-0.943894
0.0958553
-1.04413
0.546562
-0.638397
0.534648
-0.42767
0.161053
-1.00879
0.0904485
-1.20868
0.037852
-0.654643
0.441118
-0.532605
0.589968
-0.763922
0.264987
-1.0282
0.057462
-0.875882
0.288521
-0.60719
0.499815
-0.446554
0.308261
-0.94419
0.137097
-1.23242
0.148256
-0.820394
0.528623
-0.36127
0.568597
-0.629336
0.351798
-1.01825
0.0792939
-0.896167
0.317776
-0.630678
0.486611
-0.575372
0.595083
-0.922753
0.160808
-0.887846
0.0253614
-0.708123
0.490107
-0.328286
0.731106
-0.619548
0.516452
-0.953892
0.0801674
-0.893247
0.308833
-0.617422
0.550635
-0.480398
0.537135
-0.686142
0.219794
-0.759425
0.164637
-0.739669
0.6113
-0.573464
0.82267
-0.414302
0.41746
-0.744166
-0.0417265
-0.853925
0.240629
-0.731053
0.804154
-0.568724
0.567032
-0.554324
0.251139
-0.772588
0.326298
-0.830143
0.583842
-0.496488
0.471044
-0.194585
0.305533
-0.822238
0.262605
-1.14367
0.301866
-0.757996
0.603445
-0.335042
0.530809
-0.47043
0.282621
-0.846789
0.285502
-0.8632
0.510792
-0.559453
0.45483
-0.499703
0.516992
-0.941578
0.336354
-0.977196
-0.0164833
-0.5281
0.340318
-0.346795
0.817331
-0.733546
0.500566
-0.917179
0.123009
-0.828207
0.340762
-0.639283
0.501487
-0.633854
0.418452
-0.762259
0.121609
-0.821742
0.10438
-0.787472
0.564744
-0.684626
0.853314
-0.557721
0.216623
-0.608933
-0.183822
-0.937543
0.356914
-0.859378
0.631351
-0.687074
0.358242
-0.68969
0.19084
-0.923209
0.360317
-0.821679
0.451095
-0.522012
0.473425
-0.370041
0.264602
-0.824225
0.229435
-1.23655
0.33528
-0.796452
0.469075
-0.342732
0.308074
-0.49717
0.279105
-0.9681
0.45964
-0.79637
0.502514
-0.476172
0.451795
-0.475972
0.53462
-0.942675
0.309805
-0.934491
0.0042478
-0.41178
0.379821
-0.337785
0.837587
-0.730773
0.577429
-0.773132
0.280803
-0.619023
0.496673
-0.427412
0.568505
-0.492595
0.511174
-0.741009
0.353073
-0.820985
0.384012
-0.570165
0.564579
-0.353894
0.925282
-0.44932
0.530781
-0.479595
0.105322
-0.539877
0.481783
-0.589114
0.89425
-0.666946
0.593307
-0.515721
0.215926
-0.594092
0.450006
-0.656731
0.762189
-0.320148
0.720266
-0.186268
0.431161
-0.62981
0.407349
-0.944542
0.570888
-0.594416
0.551268
-0.213454
0.363473
-0.490921
0.401513
-0.831171
0.633434
-0.678343
0.671808
-0.291246
0.577567
-0.383136
0.571643
-0.823436
0.360083
-0.820128
0.134113
-0.40493
0.433492
-0.38179
0.771559
-0.757372
0.56274
-0.73442
0.244078
-0.448121
0.470464
-0.410314
0.652668
-0.558644
0.49136
-0.796324
0.202386
-0.864908
0.229973
-0.664854
0.586157
-0.471426
0.758587
-0.600628
0.392168
-0.593823
0.103255
-0.587222
0.454314
-0.650047
0.742625
-0.779946
0.426492
-0.74396
0.080472
-0.800248
0.256525
-0.665712
0.582681
-0.567999
0.764561
-0.495804
0.345616
-0.654215
0.192543
-0.889946
0.472934
-0.787033
0.623004
-0.515179
0.152971
-0.543943
0.141598
-0.943691
0.51039
-0.793832
0.615766
-0.409329
0.596363
-0.417237
0.456742
-0.873142
0.250303
-0.863132
0.277379
-0.669362
0.537513
-0.497472
0.438625
-0.705386
0.356557
-0.852298
0.419712
-0.605118
0.569378
-0.305818
0.495313
-0.407809
0.447906
-0.865458
0.352473
-0.979866
0.312044
-0.671138
0.474587
-0.365059
0.654239
-0.625654
0.456532
-0.735683
0.295883
-0.498896
0.521141
-0.412833
0.720272
-0.618471
0.513868
-0.763624
0.153578
-0.759379
0.273197
-0.685172
0.670172
-0.393367
0.74204
-0.491466
0.539158
-0.698251
0.36339
-0.719343
0.641155
-0.529574
0.598537
-0.380937
0.325895
-0.700428
0.283262
-0.886379
0.516624
-0.64549
0.614929
-0.256861
0.690512
-0.40786
0.649174
-0.689609
0.299989
-0.721863
0.38361
-0.547927
0.712246
-0.57349
0.549935
-0.662921
0.272492
-0.756292
0.417619
-0.537411
0.635817
-0.237886
0.692547
-0.377569
0.571442
-0.80776
0.340961
-0.864331
0.314883
-0.612523
0.565397
-0.439638
0.547881
-0.6018
0.327137
-0.750581
0.39596
-0.626305
0.69118
-0.351848
0.657798
-0.49391
0.470336
-0.776701
0.134655
-0.82609
0.164016
-0.610187
0.463537
-0.506299
0.753714
-0.663088
0.446253
-0.722314
0.260721
-0.636374
0.497969
-0.501664
0.690598
-0.614626
0.375096
-0.758756
0.0699626
-0.963036
0.246172
-0.73232
0.565567
-0.491918
0.633256
-0.410594
0.357575
-0.72648
0.271758
-0.802973
0.443115
-0.681509
0.647794
-0.604379
0.318915
-0.752852
0.163272
-0.993425
0.291523
-0.681326
0.551634
-0.352122
0.622839
-0.385019
0.479813
-0.797161
0.270191
-0.829438
0.289035
-0.669294
0.493975
-0.502822
0.390759
-0.687588
0.342008
-1.00759
0.453001
-0.70326
0.574518
-0.239461
0.630737
-0.396085
0.614551
-0.907405
0.267391
-0.821517
0.0764117
-0.502851
0.472557
-0.546348
0.687996
-0.662051
0.416162
-0.703433
0.317539
-0.544985
0.59295
-0.395316
0.804388
-0.469921
0.601678
-0.768412
0.182997
-0.783406
0.143049
-0.599123
0.63399
-0.5011
0.833249
-0.437681
0.430855
-0.426569
0.290355
-0.585748
0.731969
-0.551891
0.834795
-0.404061
0.501509
-0.548078
0.224062
-0.845323
0.444567
-0.733698
0.763499
-0.268692
0.801248
-0.152016
0.57247
-0.469409
0.447289
-0.687396
0.694239
-0.551867
0.713216
-0.265559
0.445534
-0.418194
0.37471
-0.865167
0.635194
-0.737523
0.78905
-0.0331521
0.680957
-0.0591093
0.801187
-0.752952
0.649782
-0.772663
0.416498
-0.324359
0.454963
-0.251454
0.71482
-0.676016
0.681056
-0.772067
0.51442
-0.385425
0.521598
-0.0453899
0.868196
-0.36276
0.973563
-0.748344
0.402364
-0.63769
0.112676
-0.433149
0.673431
-0.598655
0.999553
-0.544825
0.448442
-0.356266
0.275984
-0.427405
0.669873
-0.441261
0.951791
-0.40912
0.635985
-0.542931
0.213656
-0.783693
0.231902
-0.728916
0.692471
-0.505147
0.850899
-0.298621
0.435081
-0.443754
0.4091
-0.751961
0.752956
-0.640563
0.674592
-0.277489
0.306838
-0.521508
0.298352
-0.999464
0.396251
-0.800106
0.505252
-0.249852
0.672578
-0.270004
0.731305
-0.736102
0.518613
-0.771598
0.362018
-0.536827
0.476965
-0.431907
0.490709
-0.669029
0.443056
-0.895896
0.308834
-0.593149
0.449531
-0.275591
0.796969
-0.327839
0.789063
-0.671548
0.369113
-0.706713
0.217678
-0.668816
0.640164
-0.604019
0.655293
-0.549863
0.429674
-0.623152
0.395017
-0.586097
0.643565
-0.326013
0.774679
-0.218925
0.70998
-0.544076
0.402598
-0.770501
0.256882
-0.686502
0.60698
-0.478945
0.795427
-0.351612
0.551844
-0.395025
0.500622
-0.591495
0.776861
-0.491046
0.859595
-0.171493
0.543802
-0.392455
0.442727
-0.869664
0.404775
-0.675714
0.569496
-0.263195
0.768508
-0.169501
0.776416
-0.517209
0.707332
-0.649769
0.665571
-0.423198
0.604301
-0.176363
0.573964
-0.593615
0.660351
-0.875615
0.405207
-0.529509
0.418622
-0.143836
0.863576
-0.319153
0.995682
-0.486348
0.467589
-0.423604
0.356441
-0.539217
0.634629
-0.592548
0.796402
-0.593803
0.508205
-0.590768
0.373076
-0.599558
0.603101
-0.335849
0.903008
-0.247802
0.816118
-0.449896
0.419567
-0.662698
0.293322
-0.658273
0.526046
-0.579666
0.676633
-0.483853
0.464081
-0.523191
0.505745
-0.652816
0.679795
-0.526687
0.777269
-0.28178
0.652836
-0.478492
0.379716
-0.825038
0.19591
-0.73918
0.387954
-0.543215
0.619652
-0.445108
0.585472
-0.488021
0.481962
-0.649495
0.574122
-0.601432
0.61429
-0.380958
0.538681
-0.606574
0.438017
-0.965692
0.263094
-0.838408
0.34408
-0.468271
0.620536
-0.326406
0.606896
-0.476251
0.473626
-0.66955
0.518153
-0.671722
0.443246
-0.474117
0.41005
-0.647848
0.519715
-0.921609
0.346434
-0.735677
0.304067
-0.389279
0.671174
-0.373191
0.862633
-0.578846
0.489741
-0.567424
0.239348
-0.617965
0.390479
-0.625758
0.550303
-0.636484
0.497823
-0.65784
0.386689
-0.587372
0.491464
-0.514744
0.841613
-0.397318
0.835974
-0.420068
0.379725
-0.586924
0.213937
-0.750501
0.545681
-0.726651
0.632271
-0.419968
0.416311
-0.372197
0.48101
-0.501461
0.686029
-0.553186
0.764403
-0.292923
0.618523
-0.331508
0.470216
-0.710516
0.410941
-0.915356
0.569326
-0.572461
0.559145
-0.12845
0.54756
-0.332978
0.692016
-0.591444
0.77251
-0.488263
0.540743
-0.200759
0.504599
-0.476586
0.669286
-0.858238
0.483006
-0.679601
0.339068
-0.336435
0.656256
-0.289936
0.916585
-0.433355
0.753787
-0.512087
0.551737
-0.431867
0.444738
-0.400727
0.485634
-0.544945
0.59992
-0.679746
0.490241
-0.529995
0.363396
-0.380191
0.792566
-0.430452
1.02957
-0.430388
0.610477
-0.431835
0.324825
-0.559874
0.472058
-0.677294
0.616745
-0.604638
0.542523
-0.522929
0.466513
-0.449879
0.491859
-0.435083
0.751069
-0.391783
0.80134
-0.333943
0.491022
-0.583277
0.372355
-0.84225
0.551766
-0.771728
0.565693
-0.385625
0.369647
-0.343604
0.56282
-0.536126
0.726844
-0.510865
0.584198
-0.321429
0.552838
-0.447235
0.609224
-0.797295
0.439656
-0.76931
0.288763
-0.475991
0.466112
-0.371116
0.762613
-0.538948
0.81757
-0.546364
0.653227
-0.42743
0.448975
-0.389579
0.509749
-0.578225
0.614529
-0.680914
0.363558
-0.570856
0.302021
-0.498201
0.740325
-0.516367
0.983552
-0.42438
0.63003
-0.28315
0.418205
-0.466227
0.542462
-0.695418
0.625077
-0.67076
0.527952
-0.534201
0.423037
-0.488459
0.518951
-0.544029
0.828713
-0.412185
0.803155
-0.165486
0.480195
-0.362281
0.534966
-0.821364
0.783202
-0.792447
0.47906
-0.383945
0.336989
-0.37378
0.701141
-0.57241
0.790849
-0.452185
0.661728
-0.203069
0.719965
-0.337009
0.712738
-0.563525
0.534332
-0.653235
0.427012
-0.475703
0.452411
-0.354718
0.678493
-0.449242
0.87604
-0.493476
0.87476
-0.331688
0.634827
-0.258295
0.653738
-0.426649
0.707436
-0.549298
0.476389
-0.53499
0.394428
-0.445405
0.684617
-0.434803
0.898035
-0.38307
0.823968
-0.245419
0.678656
-0.224842
0.553006
-0.487694
0.754055
-0.673614
0.738186
-0.536626
0.440982
-0.394255
0.449133
-0.45873
0.812218
-0.42896
0.849593
-0.0928842
0.564435
-0.197354
0.676389
-0.61064
0.817206
-0.756322
0.602497
-0.498376
0.359987
-0.388695
0.556881
-0.558353
0.740801
-0.528004
0.732206
-0.261989
0.666693
-0.198028
0.674748
-0.588177
0.659658
-0.668075
0.458587
-0.500967
0.263895
-0.503673
0.506482
-0.691679
0.860907
-0.626434
0.710808
-0.328259
0.489848
-0.315794
0.604271
-0.489087
0.657587
-0.611005
0.371579
-0.622854
0.266824
-0.656708
0.48708
-0.682316
0.618087
-0.540785
0.616511
-0.413439
0.575631
-0.353458
0.515698
-0.552394
0.610618
-0.751953
0.576529
-0.700453
0.307408
-0.61727
0.221695
-0.622155
0.504258
-0.56921
0.617764
-0.419645
0.552855
-0.401077
0.649363
-0.574011
0.650369
-0.721642
0.450438
-0.664969
0.297781
-0.546183
0.31388
-0.588862
0.492871
-0.68721
0.655326
-0.488588
0.674406
-0.352204
0.615117
-0.412309
0.569284
-0.576025
0.510913
-0.607028
0.390581
-0.662183
0.465299
-0.667587
0.576915
-0.576048
0.70697
-0.469847
0.639808
-0.285338
0.628722
-0.292913
0.625656
-0.471034
0.586598
-0.673395
0.591182
-0.670534
0.476531
-0.576222
0.472727
-0.475935
0.643009
-0.38605
0.731855
-0.274229
0.64033
-0.316815
0.74696
-0.549235
0.762229
-0.593673
0.486171
-0.526709
0.352429
-0.483815
0.490705
-0.521812
0.656635
-0.393778
0.729648
-0.377352