
0
0
0
0
0
0
0
0
0
0
0
0
0
0
0
0
0
0
0
0
0
0
0
0
0
0
0
0
0
0
0
0
0
0
0
0
0
0
0
0
0
0
0
0
0
0
0
0
0
0
0
0
0
0
0
0
0
0
0
0
0
0
0
0
0
0
0
0
0
0
0
0
0
0
0
0
0
0
0
0
0
0
0
0
0
0
0
0
0
0
0
0
0
0
0
0
0
0
0
0
0
0
0
0
0
0
0
0
0
0
0
0
0
0
0
0
0
0
0
0
0
0
0
0
0
0
0
0
0
0
0
0
0
0
0
0
0
0
0
0
0
0
0
0
0
0
0
0
0
0
0
0
0
0
0
0
0
0
0
0
5.99603e-08
3.16636e-07
8.13936e-07
1.51991e-06
2.46114e-06
3.59275e-06
4.94302e-06
6.42826e-06
8.1363e-06
1.00422e-05
1.20667e-05
1.41961e-05
1.64741e-05
1.88288e-05
2.11798e-05
2.36705e-05
2.62816e-05
2.90034e-05
3.17868e-05
3.45552e-05
3.78413e-05
4.08092e-05
4.38368e-05
4.67314e-05
4.96231e-05
5.23681e-05
5.49528e-05
5.74175e-05
5.95926e-05
6.17112e-05
6.37064e-05
6.5604e-05
6.73731e-05
6.91164e-05
7.07465e-05
7.23443e-05
7.38063e-05
7.51399e-05
7.65963e-05
7.77228e-05
7.88142e-05
7.98129e-05
8.08504e-05
8.17373e-05
8.25186e-05
8.32333e-05
8.38613e-05
8.44152e-05
8.49287e-05
8.53439e-05
8.56851e-05
8.59631e-05
8.61917e-05
8.63672e-05
8.65049e-05
8.6612e-05
8.66897e-05
8.67481e-05
8.67901e-05
8.68218e-05
8.68491e-05
8.68798e-05
8.69188e-05
8.69758e-05
8.70577e-05
8.71666e-05
8.73166e-05
8.74989e-05
8.77207e-05
8.79638e-05
8.82425e-05
8.85627e-05
8.89012e-05
8.92965e-05
8.97041e-05
9.01586e-05
9.06461e-05
9.12016e-05
9.17704e-05
9.24296e-05
9.31033e-05
9.37926e-05
9.45055e-05
9.52489e-05
9.59794e-05
9.67545e-05
9.7551e-05
9.83459e-05
9.91573e-05
9.99494e-05
0.000100799
0.000101635
0.000102493
0.000103292
0.000104106
0.000104848
0.000105603
0.00010637
0.00010709
0.00010782
0.000108576
0.000109293
0.000110015
0.000110708
0.00011137
0.000111971
0.000112537
0.000113105
0.000113687
0.000114253
0.000114873
0.00011549
0.000116119
0.000116785
0.000117471
0.000118139
0.000118762
0.000119336
0.000119896
0.000120434
0.000121002
0.000121611
0.000122251
0.000122913
0.000123625
0.000124348
0.000125025
0.000125707
0.000126342
0.000126971
0.00012763
0.000128236
0.00012895
0.000129704
0.000130523
0.000131399
0.000132506
0.000133508
0.000134159
0.000134695
0.000135135
0.000135534
0.000135946
0.000136444
0.000137037
0.000137767
0.000138605
0.000139449
0.00014026
0.000140929
0.000141429
0.000141715
0.000141869
0.000142059
0.000142546
0.000143577
0.00014538
0.000147784
0.000150986
0.000154924
0.000160323
0.000166318
0.000172402
0.000178757
0.000185517
0.000192284
0.000198793
0.000204854
0.000210316
0.000215536
0.000220663
0.000225938
0.000231091
0.00023661
0.000241598
0.000246633
0.000251399
0.00025591
0.000260347
0.000264583
0.000268718
0.000272604
0.000276219
0.000280046
0.000283726
0.00028721
0.000290472
0.000293686
0.000296618
0.00029942
0.000301968
0.000304326
0.000306495
0.000308566
0.000310458
0.000312214
0.000313809
0.000315282
0.000316587
0.000317718
0.000318684
0.000319501
0.000320131
0.000320624
0.000320975
0.000321224
0.000321376
0.000321436
0.000321404
0.000321275
0.000321036
0.000320689
0.000320237
0.000319692
0.000319077
0.000318398
0.000317681
0.000316912
0.000316079
0.000315257
0.000314471
0.000313643
0.000312812
0.000311968
0.000311077
0.000310219
0.00030938
0.000308535
0.00030775
0.000307041
0.000306399
0.000305817
0.000305273
0.000304728
0.000304286
0.000303902
0.000303595
0.000303339
0.000303143
0.000303012
0.000302976
0.000303053
0.000303261
0.00030349
0.000303783
0.000304125
0.000304526
0.000304919
0.000305323
0.000305739
0.000306169
0.000306638
0.000307106
0.000307583
0.000308147
0.00030863
0.000309107
0.00030957
0.000310029
0.000310473
0.000310913
0.000311333
0.000311755
0.000312154
0.000312491
0.000312812
0.000313085
0.000313311
0.000313495
0.00031362
0.000313696
0.000313733
0.000313735
0.000313711
0.000313671
0.000313625
0.000313588
0.000313571
0.000313575
0.000313605
0.000313658
0.000313736
0.000313829
0.000313938
0.000314047
0.000314173
0.000314289
0.000314412
0.000314536
0.000314655
0.000314772
0.000314884
0.000314995
0.000315123
0.000315243
0.000315361
0.000315486
0.00031561
0.000315747
0.000315892
0.000316045
0.000316204
0.000316367
0.00031654
0.000316709
0.000316867
0.000317016
0.000317164
0.000317309
0.00031747
0.000317632
0.000317796
0.000317958
0.00031812
0.000318277
0.000318427
0.000318571
0.000318706
0.000318826
0.000318937
0.000319048
0.000319153
0.000319254
0.00031935
0.000319435
0.000319505
0.000319556
0.000319585
0.000319597
0.000319596
0.00031959
0.000319584
0.000319585
0.000319594
0.000319611
0.000319627
0.000319636
0.000319629
0.00031961
0.000319579
0.000319552
0.000319537
0.000319536
0.00031955
0.000319574
0.000319604
0.000319631
0.000319649
0.000319656
0.000319643
0.000319622
0.000319607
0.000319608
0.000319629
0.000319679
0.000319744
0.000319813
0.000319881
0.000319933
0.000319954
0.000319936
0.000319885
0.000319809
0.000319712
0.000319613
0.000319508
0.000319393
0.000319265
0.000319103
0.000318901
0.000318631
0.000318291
0.000317903
0.000317497
0.000317098
0.000316713
0.000316382
0.000316126
0.000315924
0.000315769
0.00031562
0.000315458
0.00031526
0.000315035
0.00031481
0.000314622
0.000314508
0.000314503
0.000314628
0.000314878
0.000315226
0.000315635
0.000316094
0.000316578
0.000317082
0.000317634
0.000318379
0.000319366
0.000320725
0.000322609
0.000324976
0.000327978
0.000331457
0.000335411
0.000340657
0.000346867
0.000354555
0.000363818
0.000374481
0.000388692
0.00040535
0.000426173
0.000449964
0.000478434
0.00051094
0.000550755
0.000597848
0.000650147
0.000716026
0.000776828
0.000845394
0.000918973
0.000995926
0.0010742
0.00116027
0.00126021
0.00135592
0.00145843
0.00156061
0.00166862
0.00179491
0.00192398
0.00205105
0.00218947
0.00232558
0.00247712
0.00262809
0.00278564
0.00294654
0.00311268
0.00327813
0.00345032
0.00362982
0.00381508
0.00400887
0.00420589
0.0044012
0.00460099
0.00481578
0.00503703
0.00525873
0.00547948
0.0057078
0.00596986
0.00623724
0.00651747
0.00680863
0.0071387
0.00749333
0.00786789
0.00822629
0.00858669
0.0089539
0.00930828
0.00964533
0.00997556
0.0103267
0.0106834
0.0110606
0.0114495
0.0118371
0.0122349
0.012648
0.0130605
0.0134904
0.0139027
0.0143479
0.0147951
0.0152459
0.0157079
0.016197
0.0166958
0.0171646
0.0176609
0.0181515
0.0186764
0.0191936
0.019704
0.0202045
0.02072
0.0212403
0.0217778
0.0223162
0.0228733
0.0234488
0.0240406
0.0246285
0.0252336
0.0258301
0.0264245
0.0270408
0.0276662
0.0282809
0.0289447
0.0296192
0.0302957
0.0309819
0.0317025
0.0323953
0.033105
0.0339179
0.0346621
0.0355151
0.0363178
0.037104
0.0378682
0.0386115
0.0393955
0.0401931
0.0409946
0.0418173
0.0426273
0.0434409
0.0443732
0.0452479
0.0461236
0.0469889
0.0479063
0.0487887
0.0497333
0.0506402
0.0515384
0.0524679
0.0534036
0.054344
0.0552896
0.0562544
0.0572012
0.0582268
0.0592615
0.0602816
0.0613605
0.06243
0.0634614
0.0645107
0.0656244
0.0667049
0.067796
0.068885
0.070007
0.0711038
0.0721943
0.0733296
0.0744523
0.0756366
0.0767812
0.0779125
0.0790664
0.0802453
0.0814075
0.0826434
0.0838421
0.085038
0.0862698
0.0874809
0.0891614
0.0905942
0.0922799
0.0938515
0.09531
0.0968012
0.0982618
0.0995718
0.100893
0.102228
0.103545
0.104951
0.106483
0.107891
0.109258
0.110638
0.112036
0.113593
0.115065
0.116504
0.118044
0.119552
0.121063
0.122544
0.124067
0.125587
0.127065
0.128705
0.130213
0.131747
0.133412
0.135061
0.136625
0.13822
0.140002
0.141643
0.143295
0.144914
0.14666
0.148345
0.149976
0.151634
0.153353
0.155131
0.156835
0.158601
0.160299
0.16213
0.164056
0.166035
0.167944
0.169845
0.171791
0.173707
0.175601
0.177624
0.179606
0.181575
0.183482
0.185344
0.187403
0.189323
0.191475
0.193432
0.195407
0.197399
0.199431
0.201399
0.203391
0.205425
0.207459
0.209451
0.211526
0.21366
0.215772
0.217917
0.22005
0.222128
0.22425
0.226426
0.228754
0.230955
0.233205
0.235426
0.237717
0.239934
0.242171
0.244357
0.24659
0.248903
0.251276
0.253568
0.255881
0.258133
0.260475
0.262838
0.265246
0.2676
0.269847
0.272147
0.274449
0.276755
0.279097
0.281312
0.283703
0.286571
0.289141
0.291977
0.294695
0.297707
0.30073
0.303354
0.30581
0.308161
0.310619
0.312993
0.3154
0.317841
0.320313
0.322713
0.325152
0.327574
0.330381
0.332946
0.33538
0.337883
0.340399
0.342881
0.345352
0.348169
0.350818
0.353375
0.355983
0.358564
0.361011
0.363626
0.36631
0.369096
0.371762
0.374373
0.376971
0.379744
0.382416
0.385001
0.387596
0.390353
0.392989
0.395615
0.398233
0.401207
0.404014
0.406731
0.409473
0.412151
0.414885
0.417725
0.420429
0.423163
0.425944
0.429508
0.432474
0.435516
0.438573
0.44186
0.4449
0.4482
0.451276
0.45419
0.457145
0.460052
0.462979
0.46595
0.469159
0.472299
0.475357
0.47855
0.48182
0.485077
0.488146
0.491275
0.49436
0.497275
0.500436
0.503525
0.506478
0.509523
0.512977
0.516133
0.519169
0.522234
0.525342
0.528582
0.531683
0.534738
0.537761
0.541047
0.544368
0.547495
0.550608
0.553698
0.557006
0.560532
0.563901
0.567111
0.570604
0.57397
0.577349
0.580497
0.583884
0.587329
0.590645
0.594527
0.59858
0.603143
0.606974
0.610839
0.61543
0.620203
0.623828
0.627278
0.630682
0.634103
0.637719
0.641176
0.644815
0.648337
0.652044
0.655718
0.659335
0.663273
0.666935
0.670664
0.674337
0.678005
0.681713
0.685629
0.689393
0.693449
0.697201
0.701214
0.705531
0.710112
0.714438
0.718627
0.722606
0.726561
0.730593
0.734504
0.738274
0.742081
0.7462
0.75037
0.754263
0.758317
0.76221
0.765995
0.77002
0.773924
0.777881
0.781849
0.786104
0.790121
0.794131
0.798114
0.802542
0.806559
0.810632
0.81532
0.819534
0.823493
0.827501
0.83152
0.835757
0.839833
0.843899
0.848392
0.85275
0.856793
0.861016
0.865132
0.869271
0.87345
0.8776
0.881885
0.885852
0.889887
0.894238
0.898352
0.902446
0.906655
0.910846
0.915099
0.919239
0.923545
0.927808
0.932044
0.936155
0.940291
0.944451
0.949075
0.953168
0.957484
0.96169
0.966037
0.97022
0.974392
0.978691
0.982946
0.987507
0.991942
0.996467
1.00094
1.00531
1.0099
1.01538
1.02061
1.02597
1.03083
1.03603
1.04115
1.04649
1.05103
1.05541
1.05987
1.06417
1.06853
1.07286
1.07726
1.08186
1.08627
1.09074
1.09522
1.09956
1.1043
1.10875
1.11345
1.11789
1.12244
1.12686
1.1312
1.13558
1.14013
1.14473
1.14928
1.15393
1.1584
1.16271
1.16721
1.17174
1.17627
1.18082
1.18551
1.19023
1.19492
1.19953
1.20415
1.20865
1.21327
1.21777
1.22244
1.22699
1.23155
1.23605
1.24061
1.24508
1.24974
1.25459
1.25967
1.26442
1.26944
1.27413
1.27901
1.28378
1.28854
1.29335
1.29828
1.30305
1.30785
1.3126
1.3174
1.32224
1.32731
1.33218
1.33712
1.34185
1.34673
1.35134
1.35621
1.36082
1.36558
1.37049
1.37549
1.38059
1.3855
1.39113
1.39619
1.40138
1.40621
1.41102
1.41594
1.42088
1.42582
1.43075
1.43578
1.44066
1.4455
1.45047
1.45531
1.46026
1.46512
1.47009
1.47518
1.48035
1.48551
1.49058
1.49572
1.50074
1.50591
1.51126
1.5167
1.52189
1.52823
1.53386
1.54049
1.54672
1.55324
1.55924
1.56526
1.57151
1.57688
1.58206
1.58719
1.59216
1.59719
1.6028
1.60807
1.61321
1.61848
1.62357
1.62901
1.63572
1.64169
1.64702
1.65282
1.65853
1.66384
1.66927
1.67467
1.68029
1.68551
1.69067
1.69613
1.70167
1.70687
1.71258
1.71792
1.72351
1.72908
1.73451
1.73988
1.74555
1.75109
1.75648
1.76225
1.76754
1.77332
1.77845
1.78383
1.78933
1.79479
1.80019
1.80563
1.81144
1.81695
1.82275
1.82864
1.83422
1.83977
1.84556
1.85127
1.85745
1.86293
1.86892
1.8747
1.88029
1.88626
1.89187
1.89743
1.90329
1.90923
1.91474
1.92026
1.92555
1.93113
1.93684
1.94231
1.94788
1.9535
1.95899
1.96457
1.97024
1.97606
1.98203
1.9878
1.99358
1.99933
2.005
2.01078
2.01661
2.02221
2.02799
2.03383
2.03966
2.04516
2.05105
2.05691
2.06284
2.06853
2.07432
2.08016
2.08608
2.09162
2.09743
2.10355
2.10943
2.11546
2.12113
2.12686
2.13319
2.14055
2.14793
2.15437
2.16101
2.16741
2.17417
2.18119
2.18716
2.19374
2.19972
2.20549
2.21156
2.2188
2.22516
2.23099
2.23775
2.24378
2.24989
2.25602
2.26215
2.26867
2.27477
2.28117
2.28706
2.29305
2.29892
2.30504
2.31099
2.31718
2.32299
2.32907
2.33506
2.34102
2.34697
2.3531
2.35898
2.36527
2.37152
2.37769
2.38389
2.38983
2.39575
2.40257
2.40945
2.41563
2.42179
2.42814
2.43444
2.44096
2.44739
2.4538
2.4624
2.46867
2.4751
2.48141
2.48776
2.49393
2.50037
2.50668
2.51317
2.5196
2.52605
2.53261
2.53924
2.54555
2.55187
2.55823
2.56481
2.57143
2.57789
2.58422
2.59076
2.59747
2.6056
2.61257
2.61926
2.62608
2.63264
2.6394
2.64652
2.65303
2.65967
2.66629
2.67294
2.67964
2.68824
2.69474
2.70131
2.70777
2.71483
2.72208
2.72903
2.73619
2.7438
2.75056
2.75773
2.76469
2.77148
2.77845
2.78564
2.79274
2.80045
2.8095
2.8168
2.82395
2.83163
2.83998
2.84956
2.8582
2.86646
2.87541
2.88311
2.89075
2.89791
2.90603
2.91403
2.9213
2.92836
2.93589
2.94369
2.95168
2.95907
2.96674
2.97494
2.98246
2.99046
2.99838
3.00668
3.01444
3.02276
3.03086
3.0397
3.04847
3.0573
3.06536
3.07362
3.08205
3.0909
3.0992
3.10745
3.11618
3.12471
3.13354
3.142
3.15065
3.15903
3.16809
3.17677
3.18525
3.19405
3.20266
3.21168
3.22123
3.22999
3.23857
3.24776
3.25637
3.26511
3.27471
3.28413
3.29346
3.30282
3.31207
3.32154
3.33095
3.34055
3.34982
3.3592
3.36893
3.3791
3.38953
3.39896
3.40833
3.41776
3.42745
3.43758
3.44779
3.45757
3.46728
3.47808
3.48791
3.49782
3.50795
3.5182
3.52815
3.53858
3.54886
3.55924
3.56987
3.58038
3.59032
3.6007
3.61097
3.62197
3.63234
3.64301
3.65385
3.66418
3.67497
3.68818
3.69958
3.71553
3.72635
3.74065
3.75157
3.76287
3.77381
3.78511
3.79723
3.80806
3.82016
3.83363
3.8464
3.85961
3.87274
3.885
3.89762
3.91059
3.92198
3.93321
3.94436
3.9561
3.96798
3.97984
3.99089
4.00256
4.01429
4.02659
4.03826
4.04955
4.06287
4.0745
4.08746
4.0994
4.11141
4.12359
4.13551
4.14708
4.1589
4.17075
4.1827
4.19524
4.20755
4.21988
4.23261
4.24686
4.25888
4.27157
4.28432
4.29659
4.30889
4.32145
4.33424
4.34637
4.35884
4.3708
4.38377
4.39629
4.40913
4.42186
4.43495
4.44736
4.46186
4.4742
4.48673
4.4996
4.51284
4.52547
4.53852
4.55164
4.56476
4.57786
4.59098
4.6046
4.61797
4.63153
4.64577
4.65929
4.67221
4.6861
4.69966
4.71304
4.72781
4.74251
4.76028
4.77516
4.78987
4.80368
4.81765
4.83169
4.84832
4.86254
4.87705
4.89129
4.90557
4.91959
4.93371
4.94751
4.9626
4.97696
4.99204
5.00751
5.02176
5.0366
5.05094
5.06589
5.08167
5.09606
5.11027
5.12443
5.13986
5.15514
5.17002
5.18469
5.20009
5.21779
5.23504
5.25238
5.26865
5.28592
5.30168
5.31936
5.33736
5.35922
5.37538
5.39032
5.40721
5.42252
5.4374
5.4524
5.46961
5.48524
5.50044
5.51566
5.52993
5.54489
5.55999
5.57502
5.58948
5.60477
5.62056
5.6354
5.65124
5.66605
5.6809
5.6966
5.7141
5.73247
5.74787
5.76541
5.78282
5.79821
5.81345
5.82946
5.84666
5.86234
5.87892
5.89463
5.91008
5.92553
5.94093
5.9586
5.97526
5.99787
6.01386
6.03004
6.04628
6.06222
6.07972
6.09657
6.11244
6.12805
6.14377
6.15921
6.17532
6.19142
6.2088
6.22536
6.2415
6.25732
6.27462
6.2919
6.30867
6.32525
6.34136
6.35723
6.37425
6.39149
6.40885
6.42636
6.44383
6.46158
6.47818
6.49487
6.51208
6.53032
6.54763
6.56527
6.58225
6.59939
6.61798
6.63719
6.65417
6.67074
6.68835
6.7057
6.72419
6.74344
6.76083
6.7802
6.79776
6.81582
6.83329
6.85032
6.86826
6.88517
6.90197
6.92024
6.93856
6.95759
6.97505
6.99636
7.01597
7.04278
7.06989
7.09398
7.11371
7.13386
7.15213
7.17131
7.18943
7.20815
7.22739
7.24717
7.26618
7.28448
7.30363
7.32237
7.33985
7.35841
7.37677
7.39631
7.41594
7.43498
7.45682
7.47545
7.49523
7.51806
7.53793
7.55695
7.57567
7.59491
7.614
7.63553
7.65462
7.67416
7.69577
7.71539
7.73404
7.75406
7.77453
7.79395
7.81238
7.8322
7.85193
7.87285
7.89242
7.91206
7.93158
7.94995
7.96874
7.99216
8.01231
8.03203
8.05162
8.07096
8.09092
8.11151
8.13068
8.15156
8.1726
8.19341
8.21486
8.23463
8.25462
8.28203
8.30266
8.32465
8.34476
8.36534
8.38534
8.40462
8.42509
8.44618
8.46587
8.48624
8.50826
8.52965
8.55038
8.57118
8.5947
8.61585
8.63615
8.65704
8.67796
8.6981
8.71755
8.73745
8.758
8.77889
8.80053
8.82115
8.84285
8.86482
8.8859
8.90748
8.9283
8.95058
8.97112
8.99148
9.01206
9.03217
9.05278
9.07461
9.0964
9.12172
9.14952
9.1746
9.20102
9.22589
9.25071
9.27406
9.29822
9.32006
9.34072
9.36145
9.38327
9.40554
9.42748
9.44945
9.47336
9.49515
9.51669
9.53902
9.56604
9.58748
9.60909
9.64127
9.66424
9.68668
9.70961
9.732
9.75513
9.77679
9.7993
9.82184
9.84504
9.86803
9.89069
9.91231
9.93456
9.95671
9.98247
10.0049
10.0278
10.0501
10.0725
10.095
10.1178
10.1396
10.1612
10.1902
10.2132
10.235
10.2577
10.28
10.3034
10.328
10.3507
10.3737
10.3972
10.4208
10.4432
10.4718
10.5025
10.525
10.5482
10.5709
10.5947
10.6182
10.641
10.6641
10.6892
10.7132
10.7365
10.7677
10.7926
10.8149
10.8384
10.862
10.885
10.909
10.9336
10.9572
10.9809
11.0037
11.0263
11.0513
11.075
11.0987
11.1225
11.1464
11.1707
11.1937
11.2172
11.2402
11.2645
11.2881
11.3123
11.3362
11.3611
11.3851
11.4094
11.4337
11.4575
11.4861
11.5134
11.5396
11.5642
11.5918
11.6203
11.6506
11.6769
11.7042
11.7306
11.7589
11.788
11.8146
11.8409
11.8653
11.8936
11.9186
11.9424
11.9696
11.9962
12.0215
12.0466
12.0707
12.0966
12.1215
12.1462
12.1706
12.1968
12.2224
12.2523
12.2791
12.3089
12.334
12.3614
12.3919
12.4186
12.4455
12.4729
12.5003
12.5261
12.553
12.5796
12.6059
12.632
12.6607
12.6873
12.7135
12.7384
12.7639
12.7952
12.8202
12.8465
12.8724
12.8991
12.9293
12.9551
12.9831
13.0111
13.0348
13.0574
13.0998
13.1401
13.1796
13.2183
13.2548
13.2926
13.3302
13.3711
13.4111
13.4493
13.4892
13.5298
13.5695
13.5917
13.6347
13.6565
13.6805
13.7056
13.7356
13.7614
13.7854
13.8092
13.8328
13.8568
13.8808
13.905
13.93
13.9542
13.9804
14.0065
14.0304
14.0549
14.0794
14.1044
14.1298
14.1549
14.1796
14.2045
14.2292
14.2645
14.2955
14.3223
14.3572
14.3846
14.411
14.4374
14.4604
14.4829
14.5071
14.5307
14.5545
14.5776
14.6005
14.6235
14.6483
14.6737
14.6983
14.7226
14.746
14.7701
14.7943
14.8198
14.8447
14.8703
14.8961
14.9209
14.9475
14.972
14.9967
15.0257
15.0502
15.0751
15.0993
15.1245
15.1493
15.1746
15.1997
15.2257
15.2511
15.2773
15.3027
15.3283
15.3544
15.3788
15.4034
15.4286
15.4543
15.4845
15.5099
15.5353
15.5607
15.5859
15.6116
15.6362
15.661
15.6869
15.7116
15.7365
15.7622
15.7875
15.8115
15.8367
15.8619
15.8887
15.9142
15.9392
15.9641
15.9933
16.0167
16.042
16.0667
16.0924
16.1173
16.1409
16.1658
16.1904
16.216
16.2405
16.265
16.2898
16.3146
16.3405
16.3655
16.3893
16.4144
16.4379
16.463
16.4877
16.5113
16.5359
16.5609
16.586
16.6119
16.6379
16.6647
16.6931
16.7197
16.7445
16.7685
16.7938
16.8204
16.8508
16.8789
16.9109
16.9418
16.9704
17
17.0292
17.0545
17.0798
17.1062
17.1299
17.1551
17.1785
17.2089
17.2488
17.2929
17.3346
17.3752
17.4069
17.4393
17.4801
17.5219
17.5529
17.5782
17.6043
17.6297
17.655
17.6802
17.7053
17.7307
17.7554
17.779
17.8033
17.8289
17.8523
17.8771
17.9091
17.9336
17.9587
17.9834
18.0071
18.0322
18.0567
18.0806
18.1046
18.1289
18.1564
18.1804
18.2044
18.2309
18.2546
18.2779
18.3018
18.3265
18.3503
18.3744
18.3986
18.4221
18.4468
18.4718
18.4964
18.521
18.5467
18.5737
18.5975
18.6223
18.6464
18.6713
18.6955
18.719
18.7434
18.7683
18.7933
18.8188
18.8426
18.8661
18.8901
18.9147
18.9406
18.966
18.9907
19.0143
19.0384
19.0617
19.0846
19.108
19.1304
19.1533
19.1766
19.1991
19.2236
19.2476
19.2732
19.2985
19.3226
19.3504
19.3873
19.4137
19.4421
19.466
19.4905
19.5142
19.5374
19.5756
19.6119
19.6477
19.6837
19.7228
19.7432
19.7788
19.8156
19.8502
19.8836
19.9164
19.9503
19.9849
20.0175
20.0507
20.0868
20.1188
20.1509
20.1836
20.2163
20.2493
20.279
20.3115
20.3425
20.3769
20.4086
20.438
20.4688
20.5001
20.5315
20.5622
20.5931
20.6236
20.6538
20.6854
20.7164
20.7475
20.7783
20.8091
20.8413
20.8731
20.9027
20.9329
20.9641
20.9959
21.0279
21.0577
21.0887
21.1198
21.1511
21.1811
21.2133
21.2444
21.277
21.3074
21.3377
21.3676
21.3978
21.4275
21.4606
21.4914
21.5217
21.5528
21.5849
21.6155
21.6463
21.6661
21.6853
21.7255
21.7614
21.7822
21.817
21.8377
21.8682
21.8985
21.9305
21.9619
21.9924
22.0239
22.0547
22.0849
22.1169
22.1488
22.1808
22.2118
22.2441
22.2769
22.3081
22.3386
22.37
22.4013
22.4322
22.4632
22.4977
22.5301
22.5617
22.5921
22.6237
22.6558
22.6856
22.7151
22.7464
22.7765
22.8079
22.8393
22.8742
22.9062
22.9385
22.9702
23.0023
23.0337
23.0668
23.0983
23.1295
23.1605
23.1953
23.2272
23.2589
23.2899
23.3222
23.3545
23.386
23.4177
23.4486
23.4798
23.5113
23.5429
23.5764
23.6059
23.636
23.6683
23.6992
23.7302
23.76
23.7932
23.8113
23.8295
23.8534
23.8945
23.9124
23.9468
23.9783
24.0101
24.0417
24.0723
24.1031
24.1343
24.1647
24.1956
24.228
24.2454
24.2763
24.3093
24.3427
24.3603
24.3933
24.4278
24.4623
24.4803
24.5145
24.5318
24.5491
24.5666
24.5998
24.6327
24.6669
24.6847
24.7187
24.7523
24.7697
24.788
24.8056
24.8297
24.8527
24.8704
24.8881
24.9056
24.9244
24.9589
24.9775
24.9968
25.0151
25.034
25.0534
25.0735
25.0941
25.1133
25.1332
25.1528
25.1721
25.1926
25.2116
25.231
25.2509
25.2709
25.292
25.3128
25.332
25.3522
25.3722
25.3924
25.4126
25.4321
25.4538
25.4736
25.4925
25.5127
25.5319
25.552
25.5726
25.593
25.6122
25.6317
25.6509
25.6718
25.6934
25.7148
25.7362
25.7567
25.778
25.8006
25.8204
25.8401
25.8599
25.8826
25.9078
25.9324
25.9562
25.9788
26.0011
26.0236
26.0461
26.0658
26.0858
26.1057
26.1259
26.1465
26.1677
26.1883
26.2103
26.2313
26.2528
26.2739
26.2949
26.3164
26.3376
26.3609
26.3841
26.4058
26.429
26.4518
26.4741
26.497
26.5192
26.5415
26.5642
26.5876
26.6091
26.6307
26.653
26.6763
26.6974
26.7183
26.7391
26.7613
26.7832
26.8067
26.836
26.8582
26.8808
26.902
26.9228
26.9431
26.9655
26.9869
27.0077
27.0292
27.052
27.0746
27.0969
27.1202
27.1443
27.1671
27.1914
27.2167
27.2399
27.2644
27.2881
27.3136
27.3372
27.3614
27.3853
27.4087
27.4324
27.4542
27.4774
27.5
27.5246
27.5478
27.5695
27.5923
27.6158
27.6401
27.6624
27.6855
27.707
27.7295
27.7513
27.7741
27.7963
27.8191
27.8407
27.8647
27.8866
27.9089
27.9312
27.9536
27.9754
27.9992
28.0215
28.0442
28.0664
28.089
28.1111
28.133
28.1546
28.1832
28.2095
28.2359
28.2633
28.2913
28.3158
28.3418
28.3639
28.3871
28.4102
28.4329
28.4559
28.4785
28.5014
28.5258
28.5493
28.573
28.5959
28.621
28.646
28.6712
28.6966
28.7206
28.7463
28.7743
28.7988
28.8239
28.8468
28.8711
28.8969
28.9222
28.9492
28.9741
28.9981
29.0235
29.0487
29.0727
29.0973
29.1222
29.1481
29.1718
29.1964
29.221
29.245
29.2698
29.2948
29.3206
29.345
29.3699
29.394
29.4199
29.4448
29.4709
29.4968
29.5236
29.5489
29.5743
29.5991
29.6235
29.6481
29.6738
29.7
29.724
29.7491
29.7747
29.799
29.8241
29.8485
29.8764
29.901
29.9269
29.9545
29.9801
30.0054
30.0325
30.0583
30.0853
30.1101
30.1353
30.1608
30.1848
30.2103
30.2344
30.26
30.2859
30.3102
30.3363
30.3615
30.3872
30.4123
30.4374
30.4623
30.4878
30.5133
30.5396
30.5649
30.5913
30.6154
30.6402
30.667
30.697
30.727
30.7568
30.79
30.8193
30.8477
30.8758
30.9016
30.9275
30.9533
30.9793
31.0055
31.0318
31.0578
31.0839
31.111
31.137
31.1625
31.1897
31.2166
31.2434
31.2707
31.296
31.3251
31.3517
31.3781
31.4043
31.431
31.4595
31.4842
31.5098
31.5394
31.5662
31.5915
31.6168
31.6421
31.6678
31.6933
31.7187
31.7443
31.7697
31.7949
31.8204
31.8457
31.8716
31.8974
31.9245
31.9509
31.982
32.0135
32.0442
32.0716
32.0986
32.1241
32.1492
32.1758
32.2017
32.228
32.2538
32.2852
32.3095
32.3365
32.363
32.3889
32.415
32.442
32.4687
32.494
32.5193
32.5447
32.5698
32.5961
32.6219
32.6479
32.6761
32.704
32.7314
32.7568
32.784
32.81
32.8364
32.863
32.8896
32.9145
32.941
32.9687
32.9947
33.0206
33.0466
33.0729
33.0985
33.1254
33.153
33.1796
33.2051
33.2299
33.2549
33.2816
33.3095
33.3353
33.3643
33.3975
33.4292
33.4624
33.4922
33.5235
33.5528
33.5815
33.6081
33.6351
33.6604
33.6861
33.7119
33.7394
33.7675
33.7998
33.8261
33.8527
33.8799
33.9073
33.9337
33.9619
33.9899
34.0182
34.0466
34.0766
34.1082
34.1365
34.1655
34.1999
34.2326
34.2611
34.2901
34.3182
34.346
34.3723
34.3984
34.4234
34.4485
34.4735
34.4978
34.5245
34.5501
34.5763
34.6019
34.6272
34.6535
34.6831
34.7089
34.7341
34.7602
34.7868
34.8144
34.8406
34.8668
34.8922
34.9171
34.9673
35.0161
35.0413
35.0662
35.0939
35.1192
35.1444
35.1717
35.1968
35.2251
35.25
35.2759
35.3233
35.3692
35.4163
35.4418
35.4924
35.5402
35.5907
35.64
35.6856
35.7339
35.7862
35.8392
35.8878
35.936
35.9633
35.9894
36.0384
36.0663
36.0935
36.141
36.1898
36.2387
36.2897
36.3184
36.3454
36.3745
36.4021
36.4316
36.4613
36.4903
36.5193
36.5479
36.5979
36.6248
36.6744
36.724
36.7759
36.8257
36.8524
36.9038
36.9556
37.008
37.0599
37.1097
37.137
37.1684
37.1962
37.247
37.2749
37.3313
37.3588
37.3889
37.4412
37.4924
37.5208
37.5743
37.6254
37.6756
37.7278
37.7782
37.8306
37.8825
37.9337
37.9846
38.0392
38.0938
38.1448
38.1965
38.2473
38.2985
38.3495
38.4016
38.4543
38.5063
38.5363
38.5905
38.6434
38.6932
38.747
38.7998
38.8537
38.9063
38.9613
39.017
39.0691
39.126
39.1832
39.2128
39.2671
39.3213
39.3783
39.4353
39.4656
39.5216
39.5785
39.6419
39.6742
39.7094
39.7449
39.7784
39.8137
39.8437
39.8792
39.9135
39.9438
40.0011
40.0586
40.0896
40.1205
40.1539
40.1841
40.243
40.3006
40.3307
40.3637
40.4201
40.4766
40.5356
40.5953
40.6557
40.7134
40.7715
40.8053
40.8648
40.9237
40.9828
41.0139
41.0467
41.0782
41.1088
41.1686
41.1997
41.259
41.3203
41.3515
41.4106
41.4438
41.5034
41.5353
41.5666
41.5984
41.6596
41.7226
41.7824
41.8151
41.8742
41.9353
41.9965
42.0563
42.1146
42.1469
42.2083
42.2714
42.3329
42.391
42.452
42.4837
42.527
42.5875
42.6191
42.6558
42.7161
42.7768
42.8089
42.8444
42.8795
42.9384
42.9699
43.0334
43.0968
43.1295
43.1896
43.251
43.283
43.3205
43.3563
43.3901
43.4269
43.4774
43.512
43.5477
43.5846
43.619
43.651
43.6834
43.7453
43.7769
43.8096
43.8427
43.8776
43.9162
43.9767
44.0096
44.0411
44.0742
44.1081
44.1395
44.1993
44.2308
44.2648
44.2963
44.3608
44.3951
44.4278
44.4608
44.4944
44.532
44.5647
44.5976
44.6305
44.6935
44.7251
44.7891
44.8202
44.8656
44.8985
44.9612
44.9931
45.0252
45.0573
45.1198
45.152
45.1842
45.2171
45.2501
45.2866
45.3206
45.353
45.3854
45.4183
45.4805
45.5134
45.547
45.5792
45.6125
45.645
45.6779
45.7117
45.744
45.7751
45.808
45.8394
45.8717
45.9038
45.9357
45.9669
46.0003
46.0322
46.0649
46.0967
46.1294
46.1614
46.194
46.225
46.2596
46.2939
46.3269
46.3581
46.389
46.42
46.451
46.4819
46.5128
46.5436
46.5747
46.6057
46.6371
46.6695
46.7011
46.7322
46.764
46.7944
46.8247
46.8562
46.8863
46.9159
46.9461
46.9768
47.0145
47.0521
47.0903
47.1297
47.1631
47.1958
47.2309
47.266
47.2958
47.3544
47.4133
47.4442
47.5047
47.5353
47.5678
47.5988
47.6278
47.6573
47.6883
47.7188
47.7486
47.7788
47.8158
47.8492
47.8791
47.9078
47.9639
48.0199
48.0531
48.0823
48.1122
48.1413
48.1716
48.2289
48.2583
48.2879
48.3177
48.3478
48.3766
48.4309
48.4604
48.5177
48.5467
48.5758
48.6045
48.6338
48.6625
48.6939
48.7251
48.755
48.7844
48.8146
48.8447
48.8737
48.902
48.9579
49.0156
49.0451
49.0751
49.104
49.1333
49.1703
49.2268
49.2572
49.2875
49.3168
49.3451
49.3741
49.4304
49.4593
49.4888
49.5441
49.5733
49.6316
49.6879
49.7182
49.7472
49.7856
49.816
49.8455
49.8779
49.9077
49.9365
49.9924
50.0207
50.049
50.0829
50.1115
50.1399
50.1978
50.228
50.2577
50.2874
50.3169
50.3463
50.3806
50.4128
50.4479
50.4855
50.5207
50.5537
50.5873
50.6183
50.6533
50.69
50.7204
50.7491
50.7772
50.817
50.8737
50.9023
50.9308
50.9689
51.024
51.0524
51.0805
51.1369
51.1985
51.252
51.2801
51.3078
51.3372
51.3654
51.4196
51.4478
51.4769
51.5052
51.5331
51.5613
51.6154
51.6449
51.6726
51.7258
51.7803
51.8081
51.862
51.917
51.9447
51.9733
52.0013
52.0289
52.0824
52.1107
52.1389
52.1697
52.1976
52.2581
52.3118
52.3393
52.3668
52.3955
52.4493
52.4782
52.5129
52.5411
52.5699
52.5986
52.6283
52.6577
52.6864
52.7156
52.7452
52.7758
52.8038
52.8329
52.8899
52.9187
52.9483
52.9783
53.034
53.0629
53.0923
53.1222
53.1517
53.1815
53.2103
53.2398
53.2698
53.3002
53.3545
53.3824
53.4103
53.4383
53.4662
53.4945
53.5224
53.5757
53.6307
53.686
53.7443
53.779
53.8098
53.8419
53.8719
53.9046
53.9342
53.9634
53.9963
54.0254
54.078
54.1318
54.1861
54.2393
54.2964
54.3512
54.4061
54.4601
54.5141
54.5678
54.6297
54.6836
54.7386
54.7925
54.8223
54.8545
54.9082
54.9379
54.9932
55.0224
55.0778
55.1353
55.1652
55.2198
55.2786
55.3328
55.3628
55.3924
55.4225
55.4591
55.4892
55.5444
55.6001
55.6545
55.7101
55.7762
55.833
55.8911
55.9209
55.9771
56.0335
56.0634
56.0941
56.1245
56.1842
56.2441
56.3009
56.3576
56.4151
56.4738
56.5311
56.587
56.6207
56.6516
56.7092
56.7683
56.8281
56.8892
56.9471
57.0077
57.0684
57.1279
57.1853
57.2484
57.2867
57.3193
57.3596
57.3944
57.4268
57.4586
57.4902
57.5223
57.5818
57.6403
57.6976
57.7562
57.8145
57.871
57.9032
57.9633
58.0242
58.0834
58.1149
58.147
58.2064
58.2395
58.3008
58.334
58.3952
58.4546
58.5248
58.5879
58.6487
58.7094
58.7673
58.8304
58.8909
58.9528
59.0129
59.0444
59.1043
59.1641
59.2223
59.288
59.3474
59.407
59.4666
59.5255
59.5848
59.643
59.7022
59.761
59.826
59.886
59.9436
60.0018
60.0621
60.1235
60.1808
60.2401
60.2963
60.3527
60.4109
60.4689
60.5254
60.5843
60.641
60.698
60.7571
60.7921
60.8488
60.9042
60.9593
60.9922
61.0271
61.0614
61.0938
61.1259
61.1612
61.1946
61.2281
61.258
61.313
61.3691
61.4221
61.4757
61.5299
61.5841
61.6383
61.6917
61.7433
61.7973
61.848
61.8998
61.9539
62.0047
62.0558
62.1078
62.162
62.1907
62.2426
62.2706
62.3183
62.3659
62.4092
62.4536
62.4966
62.5394
62.5801
62.6194
62.6587
62.7004
62.7394
62.7772
62.8149
62.8552
62.8925
62.9286
62.9657
63.0035
63.0395
63.0736
63.1079
63.1429
63.1769
63.2104
63.243
63.2749
63.307
63.3391
63.3718
63.4028
63.4323
63.4646
63.4948
63.5235
63.5513
63.5798
63.6107
63.6386
63.6662
63.6938
63.7296
63.7591
63.785
63.8111
63.8379
63.8644
63.8908
63.9194
63.9462
63.9709
63.9962
64.0223
64.0469
64.0708
64.1023
64.1344
64.1698
64.1967
64.2218
64.2482
64.2709
64.2925
64.3147
64.336
64.3562
64.3774
64.4004
64.4217
64.4425
64.4627
64.4831
64.5029
64.5223
64.5407
64.5593
64.5795
64.5976
64.6164
64.6359
64.6536
64.6727
64.6907
64.7084
64.7261
64.7432
64.7602
64.7769
64.7963
64.8129
64.8305
64.847
64.8672
64.8851
64.9023
64.918
64.9329
64.9487
64.9634
64.9782
64.993
65.008
65.0254
65.0398
65.0557
65.07
65.0839
65.0983
65.1114
65.1252
65.1385
65.1515
65.1648
65.1794
65.1917
65.205
65.2179
65.2308
65.2426
65.2545
65.2669
65.2791
65.2911
65.3027
65.3141
65.3262
65.3379
65.3487
65.3602
65.3717
65.3826
65.3934
65.4046
65.417
65.428
65.4401
65.452
65.4633
65.4734
65.4849
65.4947
65.5039
65.5142
65.524
65.5341
65.5435
65.5527
65.5627
65.572
65.5813
65.5922
65.6018
65.6118
65.621
65.6306
65.6417
65.6518
65.6609
65.6714
65.6802
65.6889
65.698
65.7069
65.7158
65.7246
65.7335
65.7421
65.7509
65.7597
65.7686
65.7767
65.7854
65.7935
65.8018
65.81
65.8189
65.8269
65.835
65.8434
65.8533
65.8625
65.871
65.8794
65.8889
65.898
65.9064
65.9156
65.9241
65.9334
65.9418
65.9505
65.9601
65.9689
65.9773
65.9857
65.9946
66.0038
66.0124
66.0217
66.0305
66.0393
66.0482
66.0576
66.0667
66.0761
66.0862
66.095
66.1044
66.1138
66.1231
66.1322
66.1417
66.151
66.1604
66.1699
66.1793
66.1893
66.1993
66.2096
66.2199
66.2295
66.2401
66.2502
66.2619
66.2736
66.2849
66.2968
66.3099
66.3212
66.3335
66.3453
66.3573
66.3711
66.3838
66.4001
66.4104
66.4192
66.4496
66.4606
66.4781
66.4887
66.4964
66.5041
66.5138
66.5215
66.532
66.54
66.5483
66.5564
66.5647
66.5803
66.5887
66.597
66.605
66.6133
66.6222
66.6307
66.6389
66.6548
66.6635
66.6722
66.6805
66.6889
66.6971
66.7057
66.7145
66.7231
66.7316
66.7404
66.749
66.7579
66.7699
66.7794
66.7881
66.7975
66.8063
66.8152
66.825
66.8344
66.8436
66.8528
66.8619
66.8712
66.88
66.8893
66.899
66.9088
66.9181
66.9274
66.9368
66.9466
66.9565
66.9664
66.9785
66.9884
66.9975
67.0063
67.015
67.0243
67.0334
67.0427
67.0518
67.0612
67.0705
67.0806
67.0897
67.0993
67.1087
67.1182
67.1274
67.1385
67.1483
67.1579
67.1673
67.1771
67.1872
67.1973
67.2071
67.2168
67.2259
67.2353
67.2447
67.2543
67.2646
67.2743
67.2832
67.2923
67.3021
67.3113
67.3285
67.346
67.363
67.3716
67.3885
67.397
67.4062
67.4222
67.4324
67.4408
67.4495
67.4647
67.4731
67.4816
67.4898
67.498
67.5135
67.5271
67.541
67.5545
67.5674
67.5804
67.5944
67.6024
67.6149
67.6271
67.6394
67.6508
67.6625
67.6693
67.6805
67.6921
67.7024
67.7123
67.7216
67.7316
67.7406
67.7508
67.7602
67.7688
67.7773
67.7851
67.7925
67.7998
67.8066
67.8138
67.8209
67.8273
67.8333
67.8387
67.8437
67.8485
67.8529
67.857
67.861
67.8648
67.868
67.871
67.8735
67.8756
67.8772
67.8787
67.8797
67.8803
67.8805
67.8804
67.8799
67.879
67.8778
67.8763
67.8744
67.8721
67.8697
67.8669
67.8639
67.8601
67.8562
67.8522
67.8479
67.8432
67.8383
67.8331
67.8276
67.822
67.8157
67.8085
67.7996
67.7911
67.7818
67.7724
67.7626
67.7522
67.743
67.7338
67.7239
67.7132
67.7022
67.6907
67.6788
67.6674
67.6554
67.6425
67.6295
67.6166
67.6039
67.5897
67.575
67.5615
67.5478
67.5334
67.5191
67.5041
67.4885
67.4732
67.4556
67.4387
67.4208
67.4041
67.3871
67.3688
67.3509
67.3318
67.3121
67.2932
67.2758
67.2578
67.2389
67.2199
67.2016
67.1831
67.1647
67.1446
67.1254
67.1055
67.0837
67.0613
67.0405
67.0192
66.9977
66.9753
66.9541
66.9326
66.9103
66.8887
66.8667
66.844
66.8219
66.7987
66.7746
66.7511
66.7285
66.7039
66.6806
66.6569
66.632
66.6061
66.5415
66.5082
66.4834
66.4577
66.4321
66.4028
66.3774
66.3521
66.3247
66.2932
66.2617
66.2363
66.2009
66.1683
66.1452
66.1048
66.0824
66.0613
66.0256
65.9916
65.9437
65.9211
65.8872
65.8644
65.8415
65.8172
65.7945
65.7706
65.749
65.7104
65.6733
65.6364
65.6003
65.5635
65.5272
65.4902
65.4541
65.4178
65.3829
65.3484
65.3136
65.2805
65.2474
65.2157
65.1835
65.1524
65.1188
65.1013
65.0711
65.0553
65.026
64.9977
64.9705
64.9442
64.919
64.8915
64.8679
64.8445
64.8206
64.7977
64.7769
64.7561
64.7347
64.7154
64.6958
64.6772
64.6597
64.6425
64.6265
64.6112
64.5985
64.5868
64.5745
64.5625
64.5508
64.5394
64.5277
64.5162
64.5057
64.4949
64.4846
64.4744
64.4645
64.4546
64.4443
64.4346
64.4248
64.4155
64.4065
64.3977
64.3888
64.3801
64.37
64.3605
64.3523
64.3429
64.3348
64.3262
64.3177
64.3094
64.3018
64.2941
64.2844
64.2748
64.2648
64.2565
64.2478
64.2397
64.2308
64.2228
64.2158
64.2085
64.1997
64.1926
64.1856
64.1782
64.1708
64.1633
64.1557
64.1489
64.1414
64.1348
64.127
64.1191
64.1125
64.1052
64.0976
64.0908
64.0835
64.0764
64.0696
64.0627
64.0558
64.0482
64.0416
64.0346
64.0273
64.0203
64.0126
64.0044
63.9963
63.9862
63.9769
63.9664
63.9566
63.9465
63.9365
63.9265
63.9164
63.9063
63.8958
63.8852
63.8742
63.8635
63.8528
63.8418
63.831
63.8202
63.8098
63.7974
63.7867
63.7762
63.7655
63.7555
63.7453
63.7356
63.7259
63.7168
63.7077
63.699
63.6903
63.6816
63.6732
63.6644
63.6563
63.6483
63.6403
63.6318
63.6235
63.6155
63.6077
63.5989
63.5912
63.5832
63.5749
63.567
63.5586
63.549
63.5399
63.5314
63.5229
63.5144
63.5052
63.4967
63.4888
63.4807
63.4715
63.4629
63.4541
63.4458
63.4368
63.4284
63.419
63.4098
63.4018
63.394
63.3861
63.3783
63.3708
63.3628
63.3554
63.348
63.3406
63.3331
63.3253
63.3179
63.3105
63.303
63.2956
63.2883
63.2812
63.274
63.2664
63.2587
63.2508
63.2432
63.2358
63.2287
63.2206
63.2131
63.2059
63.1981
63.1909
63.1835
63.1764
63.169
63.1618
63.1546
63.1475
63.1404
63.1319
63.1246
63.1166
63.1091
63.102
63.0952
63.0881
63.0807
63.074
63.0672
63.0603
63.0542
63.0472
63.0404
63.0335
63.0271
63.0203
63.0138
63.0071
63.0006
62.9944
62.9879
62.9815
62.9752
62.9688
62.9625
62.9555
62.9487
62.9418
62.9354
62.9294
62.9231
62.9171
62.91
62.9033
62.8971
62.8912
62.8852
62.8793
62.8736
62.8673
62.8608
62.8549
62.8493
62.843
62.837
62.8295
62.8225
62.8166
62.811
62.8051
62.7991
62.7927
62.787
62.7816
62.7761
62.7707
62.7652
62.7597
62.7544
62.7479
62.741
62.734
62.7274
62.7212
62.715
62.7081
62.7019
62.6966
62.691
62.6857
62.6802
62.6749
62.6695
62.6636
62.6571
62.6507
62.645
62.6398
62.6334
62.6273
62.6221
62.6168
62.6112
62.6062
62.6013
62.5962
62.5912
62.5862
62.5811
62.5759
62.5706
62.5659
62.561
62.5562
62.5509
62.546
62.541
62.5359
62.5305
62.5256
62.5209
62.5162
62.5114
62.5064
62.502
62.4971
62.492
62.4875
62.4833
62.4789
62.474
62.4695
62.4648
62.4604
62.4559
62.4515
62.4473
62.443
62.4384
62.4341
62.4301
62.4257
62.4215
62.4175
62.4135
62.4098
62.4056
62.4007
62.3969
62.3931
62.3893
62.3852
62.3813
62.3772
62.3735
62.3701
62.3662
62.3628
62.3596
62.3563
62.3532
62.3498
62.3466
62.3434
62.3404
62.3374
62.3345
62.3314
62.3284
62.3255
62.3228
62.3201
62.3175
62.3146
62.312
62.3096
62.307
62.3047
62.3024
62.3001
62.2979
62.2957
62.2936
62.2913
62.2888
62.2866
62.2847
62.2825
62.2807
62.2789
62.2772
62.2755
62.2741
62.2727
62.2714
62.27
62.2687
62.2676
62.2664
62.2653
62.2643
62.2633
62.2624
62.2615
62.2606
62.2597
62.2589
62.2581
62.2574
62.2568
62.2562
62.2555
62.255
62.2545
62.254
62.2536
62.2532
62.2528
62.2525
62.2522
62.252
62.2518
62.2516
62.2515
62.2514
62.2513
62.2513
62.2513
62.2513
62.2513
62.2514
62.2515
62.2517
62.2518
62.252
62.2522
62.2525
62.2528
62.253
62.2533
62.2536
62.2539
62.2542
62.2545
62.2549
62.2554
62.2558
62.2564
62.2568
62.2572
62.2576
62.2582
62.2587
62.2592
62.2597
62.2601
62.2608
62.2615
62.2621
62.2626
62.2632
62.2637
62.2643
62.2651
62.2657
62.2663
62.2669
62.2674
62.2681
62.2687
62.2695
62.2702
62.2709
62.2716
62.2723
62.2731
62.274
62.275
62.2758
62.2765
62.2773
62.2782
62.279
62.2798
62.2806
62.2815
62.2825
62.2836
62.2846
62.2859
62.2868
62.2877
62.2889
62.2898
62.2908
62.2918
62.293
62.294
62.2949
62.2958
62.2968
62.2978
62.2988
62.2998
62.3008
62.3019
62.303
62.3041
62.3051
62.3063
62.3075
62.3086
62.3098
62.3109
62.3121
62.3132
62.3145
62.3157
62.3169
62.3181
62.3194
62.3206
62.3219
62.3232
62.3245
62.3258
62.3271
62.3285
62.3298
62.3317
62.3337
62.335
62.3365
62.3381
62.3395
62.341
62.3425
62.3439
62.3453
62.3469
62.3483
62.3499
62.3515
62.3531
62.3547
62.3563
62.358
62.3596
62.3615
62.3634
62.3652
62.3673
62.3695
62.3715
62.3736
62.3759
62.3782
62.3805
62.3831
62.3856
62.3883
62.391
62.3938
62.3967
62.3999
62.4031
62.4065
62.4099
62.4137
62.4176
62.4214
62.4257
62.4297
62.4345
62.4407
62.4458
62.4513
62.4572
62.4645
62.4729
62.4807
62.487
62.4944
62.5016
62.5085
62.5173
62.5254
62.5329
62.5409
62.5489
62.5585
62.5681
62.5806
62.5918
62.6029
62.6127
62.6238
62.6347
62.6448
62.6552
62.6651
62.6759
62.6866
62.6972
62.709
62.7251
62.7375
62.7492
62.7621
62.7759
62.7922
62.8053
62.8175
62.8314
62.8451
62.8603
62.8766
62.8955
62.9119
62.9281
62.9445
62.9609
62.9778
62.9954
63.0131
63.0301
63.0479
63.0655
63.0836
63.1024
63.1218
63.1432
63.1671
63.1876
63.2116
63.2414
63.2691
63.2932
63.3182
63.3434
63.3686
63.3952
63.4203
63.4492
63.4788
63.5058
63.5338
63.563
63.5916
63.621
63.654
63.6857
63.7186
63.7519
63.7862
63.8225
63.8594
63.8976
63.9382
63.9764
64.0164
64.0578
64.098
64.1398
64.1826
64.2254
64.2713
64.3182
64.3665
64.4129
64.46
64.4901
64.5404
64.5948
64.6473
64.6991
64.7547
64.8069
64.8609
64.9238
64.957
64.9911
65.0358
65.0672
65.101
65.1326
65.1667
65.2049
65.2663
65.3004
65.3589
65.4139
65.4448
65.503
65.5617
65.6202
65.6795
65.7377
65.7951
65.8256
65.8837
65.9424
66.0006
66.0311
66.0907
66.1266
66.1583
66.1885
66.2198
66.2511
66.282
66.3138
66.3451
66.3776
66.411
66.4436
66.4772
66.5093
66.5479
66.5939
66.6295
66.6625
66.6952
66.7277
66.7611
66.7929
66.8233
66.8563
66.8878
66.9183
66.9496
66.9809
67.0117
67.0428
67.073
67.1049
67.1384
67.17
67.2027
67.2336
67.2636
67.2943
67.3242
67.355
67.3866
67.4181
67.4488
67.4795
67.5119
67.5465
67.577
67.6066
67.6367
67.6672
67.6971
67.7276
67.757
67.7865
67.8167
67.8466
67.8755
67.9059
67.9346
67.9634
67.9921
68.0225
68.0505
68.0798
68.1086
68.1388
68.1681
68.1964
68.226
68.2563
68.2861
68.3146
68.3488
68.3893
68.4245
68.4558
68.4886
68.5216
68.5615
68.5985
68.6277
68.6561
68.6833
68.7124
68.7413
68.7699
68.7973
68.8251
68.8529
68.8834
68.9134
68.9442
68.9713
68.9998
69.0288
69.0581
69.0869
69.1166
69.1463
69.1772
69.2048
69.2324
69.2598
69.2893
69.3181
69.347
69.3747
69.4034
69.432
69.4613
69.4892
69.518
69.546
69.5733
69.601
69.6284
69.6564
69.6858
69.7131
69.7406
69.7689
69.7977
69.8327
69.8632
69.891
69.9191
69.9497
69.9793
70.009
70.0375
70.0667
70.0961
70.1243
70.1525
70.1809
70.2096
70.2386
70.2668
70.295
70.3229
70.3515
70.3792
70.4086
70.4364
70.4654
70.4938
70.5222
70.5499
70.5785
70.6069
70.636
70.6657
70.6941
70.7278
70.7571
70.7851
70.8135
70.847
70.8768
70.9059
70.935
70.9646
70.9942
71.023
71.0522
71.0797
71.1086
71.1393
71.1675
71.1959
71.223
71.2516
71.2813
71.3098
71.3382
71.3666
71.3957
71.4245
71.4569
71.4916
71.5257
71.5569
71.5871
71.6197
71.6517
71.6818
71.7094
71.7366
71.765
71.7934
71.8217
71.8505
71.8777
71.9055
71.9339
71.9637
71.9919
72.0208
72.0491
72.0789
72.1085
72.138
72.1671
72.1959
72.2258
72.2544
72.2839
72.3118
72.34
72.3705
72.3998
72.4288
72.4583
72.4876
72.5164
72.5462
72.5734
72.6013
72.6284
72.6571
72.6872
72.7159
72.7431
72.7733
72.802
72.8312
72.8611
72.8883
72.9181
72.948
72.9786
73.0115
73.0439
73.0746
73.104
73.1332
73.1622
73.1914
73.2204
73.2503
73.2816
73.3109
73.3413
73.3709
73.3999
73.4289
73.463
73.4969
73.5278
73.5593
73.591
73.6247
73.6543
73.6873
73.7178
73.7488
73.7816
73.8117
73.8404
73.8698
73.899
73.927
73.9556
73.9831
74.0115
74.04
74.0695
74.0977
74.1265
74.1538
74.1818
74.2096
74.2383
74.2659
74.2948
74.3238
74.351
74.3794
74.4081
74.4356
74.4626
74.4923
74.5207
74.5551
74.5847
74.6181
74.6507
74.6814
74.7136
74.7445
74.7722
74.7999
74.8259
74.8536
74.8803
74.9067
74.9328
74.9841
75.0158
75.043
75.0694
75.0954
75.1217
75.148
75.1743
75.2013
75.228
75.2806
75.3072
75.3336
75.3619
75.3893
75.4177
75.4504
75.4789
75.5094
75.5478
75.5779
75.62
75.6577
75.6922
75.7242
75.7527
75.7806
75.8094
75.8364
75.8665
75.9027
75.9321
75.9605
75.9892
76.017
76.0481
76.0781
76.1077
76.1363
76.1663
76.1942
76.2223
76.2505
76.2798
76.309
76.3376
76.3663
76.3972
76.4255
76.4533
76.4809
76.5091
76.5363
76.5654
76.5931
76.6212
76.6483
76.6758
76.7037
76.7322
76.7596
76.7881
76.8156
76.8425
76.8697
76.8992
76.928
76.9557
76.9836
77.0113
77.0389
77.068
77.0969
77.1256
77.1539
77.1825
77.2102
77.2407
77.2712
77.301
77.3306
77.3599
77.3882
77.418
77.4457
77.4744
77.5031
77.5318
77.5604
77.5899
77.6239
77.6613
77.6931
77.73
77.7635
77.7957
77.8298
77.8645
77.894
77.9244
77.9539
77.9833
78.0131
78.0435
78.0723
78.1024
78.1307
78.1602
78.1879
78.2188
78.2485
78.2868
78.327
78.3597
78.4032
78.4421
78.4795
78.5151
78.5581
78.5895
78.6184
78.6472
78.6747
78.7043
78.7342
78.7639
78.7928
78.8226
78.8645
78.8939
78.924
78.959
78.9928
79.0244
79.0538
79.0819
79.1156
79.145
79.1794
79.2139
79.2487
79.2785
79.3095
79.3395
79.3675
79.3965
79.4243
79.4531
79.4826
79.5108
79.5379
79.566
79.5932
79.6202
79.6487
79.6776
79.706
79.7336
79.7625
79.7922
79.8256
79.8532
79.881
79.9114
79.9403
79.9676
79.9967
80.0245
80.0517
80.0817
80.1099
80.1368
80.1646
80.1927
80.2198
80.2486
80.277
80.3048
80.3327
80.3622
80.3892
80.4189
80.4467
80.4746
80.5028
80.5305
80.5583
80.5866
80.614
80.6412
80.6684
80.6964
80.7316
80.7635
80.8011
80.8298
80.8602
80.8925
80.9229
80.9541
80.982
81.0094
81.0375
81.0653
81.0937
81.122
81.1494
81.1779
81.2059
81.234
81.262
81.29
81.3176
81.3454
81.3731
81.4009
81.4286
81.4562
81.485
81.512
81.5401
81.5676
81.5954
81.6247
81.6525
81.6812
81.7094
81.7377
81.7656
81.7943
81.8217
81.8488
81.8772
81.9048
81.9327
81.9605
81.9882
82.0242
82.0523
82.0792
82.1063
82.1345
82.1613
82.1891
82.2163
82.2457
82.2741
82.3055
82.3356
82.3632
82.3918
82.4203
82.4492
82.4768
82.5041
82.5322
82.559
82.5881
82.6157
82.6425
82.6695
82.6968
82.7241