
3193.78
3018.19
2544
1978.32
1749.43
1870.03
1705.51
1028.18
259.26
475.191
558.723
501.977
422.893
147.337
397.875
662.934
645.355
539.693
454.476
325.704
408.209
552.775
517.493
371.303
267.289
269.413
289.78
227.342
137.343
178.4
221.696
227.452
215.212
221.635
281.266
318.134
333.931
370.463
413.854
481.075
550.227
553.133
477.848
365.585
253.366
161.17
114.515
131.832
183.055
225.492
251.046
253.348
213.073
148.611
113.675
124.945
161.5
205.908
270.083
337.352
354.884
334.256
321.553
300.143
263.994
234.853
199.706
152.642
112.248
92.4662
88.9203
84.2718
76.4569
89.1394
102.746
97.6419
93.8856
117.652
156.737
172.158
171.043
191.125
209.351
200.441
182.782
161.036
119.182
72.1347
48.6161
46.2056
54.1151
66.888
85.9558
96.2706
86.1498
69.1153
68.7681
82.9348
93.4343
99.4745
127.315
155.284
153.733
148.572
150.346
133.843
108.153
89.5311
69.6246
47.4122
39.3867
50.7225
67.2669
70.4112
64.3957
70.5396
68.3744
49.5873
38.5921
43.9789
56.0115
59.0413
61.8407
81.7242
91.5356
85.8135
83.3188
76.8208
58.6892
39.3596
22.7234
7.06735
12.8188
28.1075
42.9386
49.6078
39.4526
31.5663
33.2298
20.5123
6.10736
10.3483
29.3194
43.031
44.8901
48.3983
50.7958
44.4782
36.411
32.2925
24.1099
9.93165
3.47241
16.1818
26.5963
29.0953
32.8848
38.8557
33.1658
23.1645
21.648
16.2435
17.1486
19.7896
23.3828
32.9984
37.9386
43.7309
44.5611
35.1853
23.132
11.8724
6.95009
8.00297
12.7971
19.4841
30.1441
34.0469
31.4315
35.1621
30.7588
18.1909
16.4834
10.0067
5.12835
12.0155
20.0684
32.1235
36.5807
33.135
28.3812
25.6654
24.6605
18.5422
5.80166
7.05187
13.7974
17.5774
26.8135
31.409
24.4053
24.6693
26.5268
15.9455
12.1078
9.00638
4.75437
12.1034
15.755
21.4339
23.0943
22.705
22.3694
21.2731
17.4306
9.81504
2.63273
7.61261
17.6621
21.3511
23.9522
26.2214
19.5205
18.3854
22.4823
14.0337
1.90444
2.56234
7.97906
16.3264
19.8588
22.3052
22.0692
21.9477
22.2447
17.8655
9.23218
2.32537
8.79693
11.5497
20.8589
23.8118
21.4865
26.6914
25.3907
19.0654
17.0385
9.45368
5.72993
10.2303
13.1315
19.2934
22.7733
22.8528
22.0261
20.1796
14.6689
7.13851
2.69752
7.81695
15.0566
15.1583
18.3272
23.2299
18.7804
19.0346
20.5345
12.8306
7.43666
2.94692
5.76641
11.0699
15.2447
19.2513
20.4359
20.0294
17.5824
15.0514
9.88236
2.15849
3.87651
8.68921
16.4317
17.5444
17.8669
20.7137
16.6446
13.4946
13.7257
6.51873
2.61929
5.8318
8.71103
13.1618
15.9347
17.7387
17.1979
15.1371
10.6417
8.60476
6.84388
3.95495
9.19952
8.70647
15.6416
19.7951
18.3662
19.2089
14.1956
4.8389
5.24912
4.76665
8.03655
10.1365
12.495
15.1413
16.4066
14.6685
10.4307
8.9446
7.0322
8.51779
9.40028
6.01099
9.66012
10.8189
14.2166
17.1517
12.5244
10.3981
9.18528
5.48907
6.17114
4.7909
7.77278
9.48796
12.5609
14.578
14.1665
11.9791
7.17003
7.81214
6.06449
6.52149
7.91428
6.20535
11.9221
11.8921
10.4877
12.5459
9.55588
7.88246
8.06749
6.26659
6.60857
6.09246
7.52663
9.32409
11.0195
10.9623
10.6626
11.9035
9.9651
9.63361
7.40146
2.88079
6.82869
7.10574
11.9609
12.4499
10.2365
12.8765
11.5741
9.16756
6.80206
3.83906
5.37633
7.96392
11.3154
11.6063
10.7599
9.38109
9.15112
9.61466
6.11272
6.86693
6.41347
4.83924
9.62365
8.77386
10.1
11.867
9.00445
9.94485
9.29528
6.22024
4.47762
4.31339
7.58073
9.53333
11.3654
10.2411
9.72798
9.3703
7.44671
8.24829
3.91045
4.55497
6.33841
6.82852
12.1505
10.9659
8.6795
10.8201
9.85332
8.26274
6.51222
4.1266
3.66531
6.80283
9.12868
8.92886
9.20748
8.55856
9.90096
10.4274
5.95331
5.11709
3.02756
5.41579
8.55934
6.98146
10.7761
11.5267
9.72519
9.90371
7.5831
4.82446
3.67017
6.06302
6.93711
8.26714
9.07074
7.56839
8.89414
8.0807
6.58011
6.28101
4.11443
6.78308
6.83177
6.5176
8.63543
7.55651
7.30554
8.08089
7.2251
6.78612
6.28523
6.31841
6.45405
6.85153
6.90023
6.64119
7.03751
6.63448
6.69511
6.60154
6.5322
6.6897
6.6192
6.71092
6.42492
6.7223
6.36915
6.5057
6.62127
6.13813
6.4545
6.60483
6.71869
6.47353
7.06439
6.6593
6.29913
6.4779
5.54988
6.49178
6.26754
6.69925
7.26485
6.33814
7.19321
6.53881
5.64464
6.43108
5.90944
5.83628
6.19972
5.91025
5.98556
6.28808
6.30686
6.37057
6.82634
6.34578
5.95189
6.20485
5.05961
5.94425
6.16665
5.90962
7.16506
6.19207
6.58418
6.70385
5.58203
6.03184
5.35162
5.27145
5.83001
6.24882
5.91857
6.10568
6.50942
5.577
6.12208
5.76008
5.30637
6.06433
5.54599
6.29676
6.35078
5.54248
6.49923
5.98125
5.75993
6.43142
5.73083
5.95082
5.68836
5.2814
5.44505
5.44092
5.54275
5.85386
6.53747
5.51599
5.84962
5.82935
4.6891
6.02676
5.40709
5.84209
6.40444
5.52855
6.17513
5.66791
5.22314
5.64882
5.4513
5.47682
5.75743
5.69997
5.28356
5.43531
5.24448
5.031
5.60508
5.18534
5.63774
6.06924
5.02853
5.79391
5.42877
5.20731
6.15659
5.29924
5.76454
5.59832
5.03595
5.29551
5.00134
5.20487
5.18259
5.53844
5.08783
5.40952
5.62522
4.88199
5.50172
4.66491
4.93716
5.78251
5.18937
6.05148
5.83775
4.98536
5.6516
5.25777
4.95913
5.23201
4.88858
4.82824
5.10398
5.52309
5.41945
5.4747
4.92814
4.76624
5.31657
4.46541
5.33956
5.13524
4.88596
6.10289
5.35977
5.72343
5.54774
4.52513
4.93082
4.74272
4.66271
4.86012
5.28806
5.19219
5.21338
5.1351
4.40947
4.75628
4.68432
4.7474
5.09521
4.49809
5.42463
5.62575
4.73433
5.56994
5.02936
4.76308
5.40152
4.59952
4.38322
4.2177
4.66084
5.13775
5.4611
5.26869
4.59919
4.89717
4.36999
4.72818
4.5228
4.14506
5.16872
4.97986
5.83281
5.89765
4.76113
5.1237
4.78688
4.29222
4.7539
4.6099
4.42563
4.69424
4.92831
4.84411
4.94651
4.96034
4.45225
4.69619
4.41022
4.45327
4.64619
4.17532
5.2304
4.80151
4.88354
5.66847
4.7539
4.96436
4.73088
4.00105
3.93676
4.04489
4.34516
4.62972
5.08827
4.62749
4.72348
4.73599
4.27855
4.63238
4.069
4.07851
4.56622
4.4249
5.16793
4.95668
4.48779
5.14422
4.65831
4.64817
4.72129
3.8988
3.78333
4.00429
4.44187
4.3258
4.5535
4.39196
4.64527
5.26299
4.49071
4.54568
3.91766
3.87991
4.73469
4.22165
4.89974
4.9873
4.63903
4.97663
4.64178
4.21995
3.98966
3.8885
3.93944
4.18603
4.20533
4.03093
4.53662
4.57534
4.49692
4.89252
4.19174
4.16824
4.14516
3.61782
4.5254
4.40334
4.8683
5.16907
4.51734
4.5139
4.01019
3.67431
3.46974
3.93743
4.12605
4.21828
4.70846
4.14511
4.325
4.17774
3.83589
4.29159
3.93618
4.25764
4.40346
4.00077
4.49284
4.5039
4.35844
4.47599
3.97363
3.79748
3.76541
3.83424
3.9505
4.05141
4.05305
3.81871
4.37095
4.05292
4.1915
4.45931
3.79326
4.32405
4.03573
4.00428
4.23376
4.02632
4.55745
4.39458
4.24053
4.1645
4.01782
3.80898
3.71377
3.97152
3.6461
3.82584
4.08686
4.05215
4.41154
4.16509
4.00744
4.25598
3.87021
4.17298
4.1314
3.78734
4.24843
4.16614
4.37232
4.15613
3.76134
3.66032
3.52682
3.88367
3.74914
3.99595
3.66288
3.63812
4.0931
3.73423
4.15019
3.95668
3.84157
4.13972
3.75732
3.85078
3.80944
3.70423
4.12215
4.28995
4.07992
3.84744
3.67607
3.42723
3.34993
3.57305
3.44274
3.8815
4.15447
3.90523
4.18258
3.68349
3.77155
3.94709
3.6757
4.12506
3.75132
3.81229
3.95982
3.91934
3.95912
3.70134
3.76503
3.50848
3.8023
3.6652
3.34303
3.70482
3.50409
3.80555
3.97319
3.86133
4.09125
3.76909
3.69021
3.83097
3.47437
3.81938
3.99784
3.90588
3.99285
3.75505
3.58286
3.48147
3.76258
3.45211
3.42874
3.65334
3.32589
3.92603
3.69821
3.63668
3.85848
3.57433
3.94303
3.73787
3.66336
3.69297
3.50242
3.68881
3.92011
3.88388
3.60116
3.74456
3.50714
3.24695
3.5887
3.37139
3.37247
3.67066
3.37899
3.64557
3.69136
3.50954
3.83365
3.45084
3.615
3.64505
3.39136
3.7415
3.58994
3.54705
3.60234
3.66934
3.29018
3.43133
3.64836
3.18461
3.69956
3.37145
3.08294
3.59955
3.42435
3.63972
3.70587
3.54954
3.66514
3.50345
3.36747
3.47717
3.40592
3.67039
3.96299
3.74834
3.53426
3.50981
3.14292
3.05056
3.43755
3.11443
3.65438
3.87295
3.44077
3.878
3.41703
3.32427
3.54678
3.23126
3.38169
3.31042
3.42683
3.67982
3.76782
3.52355
3.65107
3.5805
3.09889
3.49488
3.13017
2.85341
3.45255
3.21536
3.41203
3.72053
3.27449
3.58988
3.61479
3.24911
3.47972
3.05864
3.01899
3.36329
3.39828
3.48074
3.51179
3.37226
3.37839
3.59009
3.02427
3.18196
3.08042
2.57005
3.39962
3.21044
3.40648
3.79295
3.39529
3.55194
3.44654
2.96576
3.09096
3.10693
2.93459
3.38648
3.36297
3.30575
3.80054
3.56981
3.27895
3.39958
2.8339
2.83293
3.21293
2.7969
3.44191
3.5256
3.31923
3.96607
3.51063
3.20245
3.28698
2.9764
3.10169
3.28317
3.16385
3.31104
3.49091
3.06344
3.52677
3.54864
3.08987
3.48098
2.97439
2.82937
3.2022
2.88123
3.32718
3.58492
3.17563
3.48708
3.31321
2.8927
3.33756
3.00802
2.95102
3.34884
3.05114
3.03861
3.29056
2.87064
3.12242
3.52366
2.89702
3.37571
3.23506
2.56772
3.22571
2.88257
3.07328
3.51712
3.09783
3.1804
3.24268
2.83208
3.07424
3.12475
2.74529
3.31891
3.21945
2.98132
3.46658
3.01258
2.85902
3.25456
2.79221
3.09603
3.37513
2.84163
3.4148
3.30111
2.99418
3.51256
2.96345
2.85808
3.17877
2.86699
3.05805
3.31585
2.88665
3.24313
3.49681
2.79677
3.31893
3.07977
2.5839
3.35718
2.94291
2.9933
3.46706
3.05459
3.24453
3.3002
2.6624
3.00141
2.95494
2.76076
3.41455
3.06878
2.94478
3.40385
2.90244
2.80168
3.1048
2.47523
2.95637
3.37939
2.78151
3.33786
3.0662
2.68359
3.35296
2.88694
2.83987
3.06017
2.67456
2.9738
3.13671
2.6683
3.08711
3.09289
2.65616
3.37597
2.96904
2.61555
3.24456
2.65773
2.7049
3.1513
2.62727
3.13755
3.4018
2.73018
3.09861
2.83892
2.61643
3.23103
2.73058
2.78236
3.14261
2.65327
2.97668
3.31638
2.6805
3.14095
3.26019
2.51614
3.15752
2.74639
2.49112
3.30554
2.86549
3.04651
3.42326
2.84235
2.98944
3.06482
2.41354
2.90957
2.84289
2.68447
3.40458
2.8902
2.82116
3.33334
2.67388
2.82942
3.24789
2.51874
2.92777
3.09319
2.43739
3.18754
2.94123
2.69599
3.25075
2.65103
2.72752
3.0524
2.51683
2.79767
2.94996
2.33288
3.00832
3.03185
2.59568
3.30041
2.7389
2.46549
3.03752
2.42457
2.72526
3.16303
2.59582
3.03817
3.12277
2.38911
2.93193
2.64621
2.43754
3.12174
2.65575
2.82905
3.15904
2.44874
2.68811
2.93272
2.37662
3.14802
3.14012
2.49361
3.14717
2.62863
2.51787
3.15461
2.62367
2.92362
3.24376
2.57876
2.79174
2.77083
2.10727
2.93608
2.83299
2.67095
3.37827
2.75861
2.6826
3.06713
2.35415
2.63386
2.90747
2.29884
3.03377
3.10996
2.5605
3.27067
2.82599
2.54684
3.11807
2.49612
2.53324
2.77437
2.20586
2.73447
2.93052
2.46528
3.18961
2.94472
2.48557
3.15398
2.48795
2.3812
2.86538
2.2944
2.77188
3.08472
2.50176
3.06139
3.05274
2.34139
2.95223
2.47947
2.22841
2.98867
2.4541
2.61662
2.94235
2.35344
2.85574
3.06445
2.41855
2.96312
2.73528
2.20527
2.93682
2.39188
2.44569
3.06849
2.566
2.86956
3.0707
2.31977
2.69428
2.68579
2.07457
2.83067
2.48887
2.46922
3.21991
2.58685
2.65383
2.97226
2.36811
2.75999
2.93127
2.27878
2.7812
2.60735
2.22477
3.08721
2.61206
2.60104
3.15545
2.44406
2.60287
2.77953
1.9985
2.57612
2.72899
2.35271
3.19439
2.89546
2.49622
3.05194
2.38428
2.34754
2.7645
2.26806
2.68248
2.91711
2.36313
2.90001
2.75871
2.22755
2.97489
2.4277
2.34101
2.9036
2.17151
2.48826
2.80555
2.29858
2.83938
2.93223
2.33323
2.87409
2.61069
2.16656
2.76988
2.23745
2.44915
2.933
2.34226
2.74397
2.89325
2.18513
2.76966
2.62237
1.98011
2.7704
2.33061
2.30033
2.94293
2.38011
2.6153
2.96095
2.43782
2.62926
2.6229
1.9524
2.58215
2.48283
2.36835
3.10843
2.52324
2.68246
3.0893
2.26129
2.42229
2.45758
1.88779
2.70625
2.78359
2.3927
3.01657
2.62894
2.39184
2.89572
2.2695
2.33768
2.68922
2.29833
2.79141
2.83237
2.14456
2.77602
2.58862
2.31727
3.07424
2.358
2.2497
2.73942
2.06803
2.39699
2.65297
2.24028
2.77577
2.85694
2.23694
2.59
2.25146
2.0733
2.76975
2.33618
2.62164
2.93972
2.25059
2.52751
2.51845
1.92698
2.64358
2.4888
2.17576
2.80243
2.22533
2.21119
2.66643
2.16866
2.48789
2.72712
2.27061
2.64453
2.65717
2.04102
2.65717
2.39317
2.26825
2.99785
2.34677
2.51225
2.82044
2.06965
2.46322
2.57596
2.10065
2.6092
2.51369
2.20492
2.79023
2.43827
2.3253
2.72793
2.20448
2.46443
2.75076
2.204
2.60907
2.65222
2.09711
2.75532
2.47104
2.17993
2.74155
2.14455
2.33948
2.58137
2.01486
2.39739
2.55899
2.24541
2.66161
2.61078
2.11836
2.64687
2.29899
2.16552
2.74938
2.15082
2.46631
2.77333
2.10675
2.46969
2.45754
1.98121
2.62405
2.47684
2.2012
2.58631
2.1017
2.17581
2.5176
2.1935
2.53168
2.74239
2.28269
2.59658
2.54935
1.90856
2.52973
2.25328
2.25604
2.84807
2.20527
2.36353
2.5238
2.04238
2.40845
2.41246
2.08974
2.50027
2.41499
2.16032
2.59276
2.22
2.28593
2.74881
2.25374
2.49357
2.65808
2.03286
2.50713
2.47434
1.92355
2.5709
2.28042
2.2095
2.6949
2.18347
2.30925
2.48945
2.1819
2.34683
2.34327
2.02994
2.47941
2.52495
2.21021
2.741
2.30178
2.22131
2.75533
2.11861
2.30783
2.44932
1.92191
2.40698
2.42285
2.08175
2.47814
2.28665
2.16527
2.52429
2.18496
2.18636
2.38337
2.06462
2.33227
2.52602
2.17068
2.62712
2.5188
2.04055
2.69215
2.22615
2.05204
2.46808
1.88179
2.18421
2.40561
2.19293
2.43219
2.47118
2.18741
2.36331
2.26941
1.95158
2.34676
2.09222
2.3142
2.76405
2.27046
2.50822
2.60645
2.0217
2.46649
2.36969
1.92248
2.42164
2.11319
2.07239
2.437
2.14202
2.29003
2.48071
2.27119
2.28004
2.31428
1.94884
2.31194
2.32856
2.1798
2.82101
2.3612
2.3389
2.68806
1.96913
2.16428
2.27965
1.93052
2.31631
2.35193
2.0924
2.36299
2.28445
2.12205
2.38199
2.12634
2.09651
2.32813
2.01207
2.28937
2.48356
2.13298
2.69515
2.57186
2.08929
2.53892
1.97548
1.87378
2.25307
1.94739
2.1933
2.35626
2.24642
2.30497
2.38579
2.05812
2.18738
2.21051
1.97798
2.39348
2.0854
2.24373
2.61753
2.18204
2.51426
2.53205
1.97305
2.3179
2.16901
1.82068
2.19293
2.00429
2.07087
2.42771
2.30736
2.27915
2.43594
2.21293
2.16512
2.259
1.84612
2.33232
2.29993
2.1533
2.80059
2.30834
2.29293
2.51861
1.90444
2.05418
2.13075
1.94575
2.19841
2.30089
2.04493
2.25401
2.28826
2.08482
2.40353
2.19924
2.12931
2.41184
2.04094
2.19466
2.27536
1.92843
2.50666
2.36763
2.11147
2.48108
2.01
1.93624
2.09825
1.8683
1.96789
2.23
2.21304
2.29318
2.50551
2.09415
2.26127
2.16601
1.83068
2.34318
1.97901
2.1864
2.52783
2.121
2.40315
2.39884
1.98562
2.16356
2.04569
1.78858
2.09952
2.08923
2.04793
2.37335
2.31667
2.2244
2.46473
2.13569
2.08801
2.24684
1.81027
2.31454
2.22457
2.12157
2.63804
2.17875
2.22392
2.32502
1.88999
1.9566
2.03989
1.92335
2.11985
2.3666
2.07854
2.31592
2.31311
1.99002
2.37541
2.06537
2.03017
2.34526
1.90336
2.21457
2.31235
1.94112
2.41707
2.2939
2.08681
2.31606
2.00017
1.89908
2.03171
1.94007
1.90667
2.26091
2.14372
2.20267
2.46803
1.96476
2.3001
2.22443
1.91434
2.31296
1.83326
2.02169
2.26469
1.99982
2.31043
2.3285
2.08807
2.21336
2.16948
1.7838
1.92154
1.96337
1.88394
2.33856
2.2446
2.14764
2.44201
2.00766
2.14422
2.24938
1.74389
2.29352
2.13626
1.99945
2.33731
1.97959
2.09241
2.24925
2.10992
2.03966
2.19821
1.98126
1.95794
2.23733
1.81418
2.18412
2.2134
2.01335
2.49099
2.13217
2.1582
2.35208
1.89271
2.16083
2.12589
1.81831
2.24889
2.18025
2.03142
2.2765
2.14547
1.93316
2.12377
2.01057
1.84413
2.25312
1.96086
2.15101
2.40389
1.88805
2.33288
2.05991
1.86235
2.32874
1.9157
2.07063
2.18493
1.9419
2.10523
2.23245
1.98596
1.97731
2.0925
1.74342
2.08486
2.14311
1.89354
2.35322
2.14417
2.06888
2.33399
1.8241
2.0681
2.11221
1.83
2.34494
2.05497
1.97118
2.23006
1.93131
1.91158
2.08699
2.0339
1.96742
2.29993
1.96329
2.00651
2.26469
1.76344
2.29072
2.15242
1.96004
2.43523
1.96582
2.06777
2.21738
1.83015
2.11846
2.13226
1.87848
2.11694
2.102
1.87539
2.11431
2.09532
1.87038
2.27883
2.10271
1.89492
2.29802
1.83916
2.16132
2.29637
1.82863
2.37145
2.06269
2.00762
2.26521
1.81343
1.92712
2.03374
1.91454
1.98659
2.2107
1.95478
2.08484
2.2837
1.78567
2.1265
1.99731
1.77173
2.31441
1.91951
2.00637
2.28878
1.84888
2.20848
2.1236
1.76303
2.12542
1.92871
1.8785
2.05742
1.92907
1.87705
2.19203
2.0972
1.94698
2.28996
1.76417
2.01067
2.19078
1.67691
2.27579
1.97338
1.95759
2.34684
1.87776
2.04619
2.10164
1.87418
2.07003
2.07838
1.84077
1.98586
2.04547
1.8482
2.25661
2.21272
1.95677
2.38383
1.97906
1.87404
2.18482
1.58156
2.14477
2.17439
1.91716
2.46615
2.08601
2.01093
2.12464
1.84227
1.89376
2.03618
1.9438
1.92238
2.25247
1.8936
2.11748
2.24924
1.74595
2.28737
1.97966
1.75896
2.18236
1.66724
1.97777
2.16973
1.86234
2.27352
2.1864
1.94004
2.08918
1.87194
1.70522
1.91732
1.93002
1.85484
2.25124
2.01506
2.01137
2.36019
1.70635
2.07589
2.00112
1.57436
2.20006
1.76796
1.95609
2.22094
1.8876
2.14009
2.20012
2.02051
2.01346
2.04829
1.71488
1.85834
1.92506
1.6793
2.24246
2.09421
2.04796
2.52996
1.96351
1.96087
2.05536
1.42953
2.016
1.92076
1.89496
2.33163
2.09746
2.17373
2.21677
2.00848
1.81653
1.95163
1.7561
1.72361
2.08671
1.70115
2.26417
2.28927
1.94064
2.48256
1.9341
1.81023
2.04588
1.4937
1.90677
2.04075
1.96724
2.34447
2.29125
2.04082
2.06667
1.93222
1.68547
1.91787
1.8154
1.73614
2.21314
1.84269
2.07382
2.30837
1.69868
2.27148
2.00885
1.69834
2.13028
1.61793
1.86644
2.05222
1.95342
2.14288
2.23054
2.05724
1.93631
2.01614
1.56036
1.82804
1.88784
1.71467
2.30839
1.96969
2.01448
2.32638
1.69284
1.98925
1.94818
1.56115
2.08198
1.88059
1.94273
2.16699
1.96647
2.00502
2.08758
2.00989
1.85191
2.06535
1.71227
1.84841
2.12444
1.66042
2.28315
2.04762
1.85512
2.35427
1.76967
1.92046
1.99547
1.67425
2.05163
2.07754
1.96735
2.07426
2.05747
1.85767
2.00493
1.97752
1.76257
2.13263
1.92327
1.87922
2.21312
1.66625
2.03736
2.07992
1.66809
2.26884
1.86525
1.83112
2.07583
1.68593
1.91429
1.94413
1.95025
2.03163
2.16187
1.95684
1.95604
2.05046
1.52335
1.95799
1.83081
1.77008
2.32085
1.81489
2.01039
2.17093
1.66857
2.05193
1.8811
1.6585
1.97402
1.7869
1.8742
2.01941
1.98822
2.01796
2.19955
2.04418
1.79566
1.99512
1.52106
1.87375
1.98468
1.66879
2.37722
2.00046
2.0023
2.23628
1.62892
1.8569
1.78985
1.76327
1.99249
1.96765
1.98932
2.09927
2.12248
1.87304
2.05498
1.9134
1.75192
2.15278
1.74037
1.89498
2.14737
1.64311
2.16584
2.0298
1.7934
2.22207
1.82181
1.94225
1.96829
1.76394
1.90172
1.93925
2.0178
1.94848
2.12202
1.85655
1.96584
2.00292
1.58837
2.12366
1.77343
1.82374
2.19204
1.64369
1.98619
1.95621
1.72551
2.05618
1.862
1.88379
1.97279
1.80983
1.82158
1.88608
1.8794
1.8673
2.1227
1.88145
1.87297
2.06961
1.52713
2.00277
1.86932
1.65452
2.19885
1.70213
1.95006
2.0364
1.77305
2.05198
1.93593
1.98641
1.92996
1.8907
1.7659
1.81041
1.92335
1.81928
2.20514
1.9867
1.94019
2.19449
1.64922
1.91047
1.9056
1.57067
2.11121
1.89839
1.99075
2.1746
1.85379
2.03401
1.9155
1.87858
1.86827
1.88926
1.86818
1.81741
2.06615
1.78059
2.13899
2.04354
1.74009
2.20798
1.65366
1.80539
1.94019
1.55932
2.01356
1.91889
1.98336
2.14364
1.98103
1.94534
1.84405
1.83169
1.73502
1.79931
1.80436
1.82092
2.11838
1.84402
2.04109
2.09904
1.65519
2.11374
1.71955
1.63065
1.91017
1.49202
1.98099
1.94702
1.9684
2.10164
1.98989
2.03339
1.81465
1.83527
1.59209
1.78492
1.85704
1.8094
2.26543
1.92163
2.04238
2.14081
1.62194
1.96602
1.75665
1.65791
1.99256
1.73071
1.93847
1.95501
1.92073
2.05068
1.94666
2.04847
1.89442
1.94422
1.7894
1.76739
1.91433
1.6942
2.22218
1.98623
1.98118
2.27001
1.67495
1.94122
1.79342
1.63226
1.90726
1.74169
1.95355
1.94193
1.9655
1.96202
1.92656
1.98748
1.83586
1.96165
1.76777
1.76945
1.96182
1.65786
2.08129
1.99976
1.77118
2.15577
1.71473
1.80707
1.80279
1.53209
1.83375
1.74129
2.01247
1.96095
1.99702
2.02123
1.80633
1.91183
1.64258
1.90185
1.79175
1.83587
2.18909
1.79747
2.10438
2.02611
1.70674
1.99101
1.66043
1.7162
1.80473
1.70209
1.92773
1.84196
1.98764
2.01456
1.97827
2.0136
1.83236
1.91665
1.66019
1.87618
1.91202
1.77824
2.26994
1.89558
2.06277
2.132
1.65711
1.91159
1.59882
1.73818
1.81065
1.77041
2.01147
1.88325
2.04226
1.9401
1.95293
1.94264
1.76742
1.92251
1.63944
1.8377
1.93946
1.77595
2.2347
2.02225
1.98368
2.12153
1.66944
1.75618
1.53391
1.65282
1.83675
1.80872
2.15412
1.96219
2.0356
1.91481
1.81348
1.85525
1.60129
1.99256
1.74631
1.90046
2.06172
1.71992
2.09918
1.87953
1.84426
1.9533
1.65692
1.81347
1.67816
1.72882
1.80271
1.75784
2.00062
1.91755
2.00745
1.94066
1.83327
1.92438
1.643
1.95681
1.82214
1.81256
2.1564
1.79506
2.08761
1.95284
1.81775
1.96823
1.6411
1.899
1.66597
1.71589
1.87895
1.83309
2.08214
1.96086
2.12634
1.97172
1.8542
1.95108
1.59405
1.86316
1.80732
1.85718
2.21794
1.95967
2.0818
1.97963
1.72649
1.8412
1.52187
1.73233
1.69384
1.79056
2.03533
1.87223
2.0897
1.85693
1.93222
1.86385
1.63111
1.92985
1.55487
1.90943
1.96906
1.85178
2.1239
1.84584
1.98895
1.80064
1.64123
1.76509
1.50927
1.80488
1.82255
1.91805
2.08735
1.95215
2.05218
1.8549
1.87858
1.85585
1.64779
1.99794
1.76884
1.94534
2.07279
1.80892
2.08062
1.77674
1.88707
1.87353
1.69986
1.9354
1.61942
1.86948
1.81615
1.87147
2.05129
1.89655
2.14201
1.87473
1.94322
1.94837
1.63437
1.93247
1.74558
1.86116
1.97738
1.82368
2.00914
1.75949
1.82679
1.82622
1.60139
1.87912
1.67227
1.83482
1.8909
1.83496
2.0587
1.85217
2.0863
1.86892
1.81341
1.9857
1.63411
1.95282
1.74387
1.81986
1.95241
1.74846
2.00287
1.71974
1.84367
1.85503
1.71763
1.95185
1.72705
1.88102
1.89492
1.88672
2.06084
1.84211
2.03403
1.94262
1.83509
2.03795
1.74206
1.88722
1.76783
1.7428
1.91992
1.65977
2.00027
1.79699
1.84042
1.95754
1.64294
1.90577
1.68321
1.92204
1.95566
1.89927
2.16091
1.8235
2.02654
1.9061
1.75512
1.91984
1.66404
1.92026
1.8286
1.79239
1.90059