
-3193.78
791.34
2061.03
-1860.71
905.857
332.396
-1488.05
959.953
-226.06
454.789
-546.817
427.635
-183.455
-127.081
-209.447
661.002
-542.59
321.469
-154.009
88.2005
-164.728
-56.9604
398.659
-364.825
86.8027
199.073
-281.267
129.039
-69.0305
111.498
-58.268
-68.5229
200.65
-130.679
-149.349
309.045
-327.861
325.357
-291.261
216.495
-13.1582
-277.077
427.323
-362.682
184.451
-22.1216
-49.9157
107.553
-183.055
184.332
-94.9547
-54.7762
163.441
-148.047
102.253
-43.1501
-77.6822
187.731
-269.273
274.483
-140.907
-6.42689
121.773
-215.033
245.854
-234.477
162.813
-40.594
-55.2902
90.145
-76.0032
30.9683
2.43683
-36.4422
95.3239
-81.5608
12.089
60.0621
-147.13
165.985
-134.073
104.256
-27.606
-64.8796
125.328
-153.194
114.414
-48.0699
8.64756
30.608
-54.0205
52.5944
-29.4756
-29.8208
72.8533
-69.074
55.7952
-11.6552
-56.9388
91.244
-127.258
136.376
-84.9041
36.4264
20.831
-73.9501
88.6903
-87.4196
64.9738
-15.6634
-27.5085
50.5892
-49.4731
17.4186
4.93647
-26.8066
56.4987
-49.5824
32.3962
-2.60941
-46.7666
58.4038
-56.2894
60.7676
-33.2825
0.673861
23.3467
-48.2325
51.6697
-38.7248
22.421
-3.8804
-12.5786
20.9963
-16.6656
-7.25156
22.5281
-19.5263
28.7607
-20.0014
4.5489
1.25265
-27.9597
38.0049
-26.003
16.3598
0.696857
-15.5478
19.0058
-21.9951
21.7947
-9.91489
-3.10661
13.1831
-13.7764
6.65588
-3.27858
-10.1395
22.5543
-19.01
20.9217
-9.88386
-15.1116
18.3985
-20.4265
23.5729
-17.9408
8.76754
10.3244
-21.2748
18.5042
-9.82841
2.19248
2.80791
-7.88201
12.9631
-14.8527
3.78848
2.51104
-10.221
21.3185
-14.6613
13.1082
-9.98261
-4.81042
10.8252
-17.2976
19.9692
-7.2911
-4.81193
9.35853
-10.9859
15.0674
-16.3538
5.78317
5.20989
-7.3677
9.04617
-10.0985
-2.48927
9.04187
-7.78092
17.8367
-14.3154
9.46202
-8.99992
-4.4506
9.39701
-9.86318
9.07506
-2.92154
-1.53237
5.64963
-9.89539
12.6553
-8.65239
1.97424
7.09281
-12.2956
7.81537
-4.21624
-4.93297
9.30242
-5.61408
14.8565
-13.908
1.86056
0.598577
-7.65767
12.2706
-9.71938
5.56288
-0.0880935
-3.12455
9.17872
-13.0452
8.66404
1.30791
-5.13842
7.93975
-11.8286
3.44873
-0.637618
-3.83906
14.2871
-14.0533
15.5048
-8.45922
-5.56799
7.66073
-8.87657
9.94029
-4.49385
-2.00214
7.04477
-11.7275
12.1084
-6.32356
0.740672
6.05029
-7.28989
3.28347
-4.99845
-2.1779
7.38604
-6.73901
14.5254
-12.0892
6.92967
-2.85887
-5.58567
7.94367
-8.39
5.29227
0.497787
-6.05802
9.39432
-10.8652
9.25649
-1.79512
-1.94081
7.02655
-8.73155
2.46906
-0.738943
-5.44491
9.93812
-7.85837
11.2996
-6.47671
-2.06843
3.04151
-5.70782
6.62055
-4.59811
0.4211
4.29406
-7.39787
6.69357
-4.04213
4.2377
1.59655
-3.3501
3.57001
-7.63908
0.887854
4.17249
-9.63691
12.448
-4.23421
1.33923
0.601956
-3.21046
3.13699
-3.38675
1.40442
2.81198
-6.87517
5.81567
-4.1301
2.56647
-0.261058
2.76821
-0.433218
-2.292
1.1494
-1.79214
-5.0391
7.551
-5.31579
6.31832
-2.77745
1.85749
0.129061
-2.46432
2.41437
-2.50487
-1.33573
4.91897
-7.3295
4.32592
-2.72794
2.82983
0.630474
1.197
1.5957
-2.74568
-2.1633
1.23398
-3.79451
5.25688
-2.76732
3.41164
-2.05858
1.10517
-0.193126
-1.46931
1.51062
-0.520341
-1.56721
1.40841
-3.48596
4.59667
-4.51804
5.6094
0.00989909
-1.47099
2.25946
-3.25747
-1.97227
1.30435
-2.88858
6.09798
-5.52122
4.80527
-1.24063
-1.03356
2.67032
-1.45534
-1.82913
3.22187
-3.60843
2.78367
-4.78306
3.4639
-1.25821
2.86526
1.28634
-1.47376
-0.973884
-0.441989
-3.36848
3.68428
-3.37968
5.71216
-4.02388
2.24974
0.934724
-2.04376
1.36647
1.03006
-3.38344
3.23101
-4.85976
3.58205
-4.97462
3.42818
1.89337
-0.281216
2.96014
-1.91566
-3.36733
1.69239
-2.99044
5.12244
-4.93189
4.46343
-2.35518
-0.310495
2.27622
-0.565328
-0.969914
1.75453
-2.22035
2.39179
-6.26967
4.66112
-2.44011
1.74672
3.17812
-0.999024
0.809002
-1.58486
-3.03096
3.62851
-5.08241
5.40337
-3.19935
0.502138
0.762971
-0.0605096
0.198062
2.10046
-1.96035
2.28031
-4.05241
2.83379
-3.21011
0.92335
0.249163
1.53495
-0.00385758
1.10848
-2.45001
1.42411
-2.44509
2.77649
-2.48719
2.1278
-1.63293
1.50964
-1.46215
1.93765
-1.63108
1.88861
-2.00951
1.77552
-1.94725
1.65718
-1.81739
1.73993
-1.94129
1.76033
-1.81862
1.92848
-1.54839
2.01974
-1.64262
1.461
-1.55615
1.8022
-1.62858
1.80801
-2.44066
1.80371
-2.29803
1.5259
-1.22068
1.67694
-1.0703
2.26916
-1.92311
2.09161
-2.97973
1.75518
-1.93845
2.14179
-1.51163
1.7602
-1.72805
1.41325
-1.5138
1.67495
-1.56497
2.00154
-2.48068
1.87539
-2.33797
1.707
-0.867002
1.79316
-0.923919
1.80544
-2.24652
1.66607
-2.86445
2.12409
-2.11536
2.10091
-1.24371
1.1988
-1.57872
1.8153
-1.38625
2.24999
-1.93562
1.69192
-2.27174
1.27125
-1.6073
1.51065
-1.24247
2.2859
-1.53427
1.71169
-2.34929
1.4996
-2.1901
2.18933
-1.98516
2.33622
-1.771
1.68907
-1.5185
1.48173
-1.22003
2.12828
-2.23468
1.58539
-2.59334
1.27976
-1.39217
1.8599
-1.05662
2.2559
-1.8795
1.98585
-2.48864
1.70837
-1.83694
1.89058
-1.67353
1.82336
-2.16879
1.94899
-1.81222
1.97241
-1.39432
1.60994
-1.67865
1.19254
-2.25293
1.77613
-1.55679
2.21822
-1.19041
2.04684
-2.06052
1.78523
-2.48558
1.84091
-1.94771
1.73094
-1.65247
1.56664
-1.7899
1.85296
-1.42116
2.24611
-1.67777
1.86147
-1.91692
0.789312
-1.68257
1.50498
-1.59187
2.61558
-1.82205
1.94778
-2.33777
1.76627
-1.96166
1.88305
-1.529
1.36474
-1.69522
1.95331
-2.12767
2.22293
-1.41612
2.00133
-1.55969
1.24162
-2.04045
0.959341
-1.84778
2.1943
-1.99958
2.88203
-2.01372
1.84684
-1.91862
1.59273
-1.4308
1.6694
-1.97851
1.93774
-2.3646
1.83764
-1.54179
1.72655
-1.32255
1.7947
-1.40037
1.15243
-2.35228
1.71677
-1.90432
2.4554
-1.59348
2.31913
-2.28567
1.77527
-1.43861
1.07277
-1.41993
1.8106
-2.4354
1.91279
-1.98716
1.82212
-1.50446
1.9463
-0.909688
1.20438
-1.37277
1.49943
-2.83763
2.27352
-2.13386
2.47064
-1.74145
1.77311
-1.9585
1.61694
-1.52496
1.76057
-1.87417
1.86549
-2.2467
1.9412
-1.85088
1.94429
-1.46901
1.90488
-1.22816
1.47678
-2.0763
1.33186
-2.44588
2.4118
-2.20229
2.67603
-2.04664
1.65875
-1.33091
1.34184
-1.29841
1.87096
-2.02401
1.77729
-2.22355
1.78974
-1.9537
1.92235
-1.19009
1.52064
-1.32244
1.5865
-2.30907
1.67929
-2.09963
2.34822
-2.009
2.55487
-2.10224
1.5425
-1.27147
1.48657
-1.57174
1.55743
-1.70703
1.3088
-2.24883
2.26475
-2.10492
2.07817
-1.00822
1.67289
-1.54736
1.45857
-2.23184
1.96731
-2.29839
2.54726
-2.27082
2.01078
-1.74333
1.545
-1.54459
1.72911
-1.41917
1.46074
-1.89748
1.69419
-2.24714
2.24793
-1.7408
2.09296
-1.24335
1.36027
-1.67644
1.57896
-2.55652
2.42883
-2.47219
2.37202
-1.92495
1.47895
-1.24294
1.59048
-1.36142
1.98635
-1.99145
1.79186
-2.13043
1.53998
-1.77736
1.71228
-1.48702
1.99829
-1.64124
1.68162
-2.121
2.00374
-2.32339
2.21614
-1.84717
1.73264
-1.56252
1.62068
-1.60853
1.81516
-1.43437
1.64738
-1.87152
1.48841
-2.16209
1.70097
-1.72136
1.9838
-1.52945
1.87573
-1.57698
1.85363
-2.20241
2.0881
-2.16207
2.08244
-1.99596
1.64598
-1.82474
1.69538
-1.37738
1.65156
-1.56924
1.84416
-2.08898
1.74334
-2.03081
1.86804
-1.75617
2.1495
-1.66304
1.83187
-1.98438
2.13563
-2.43184
2.07521
-1.97786
1.59192
-1.74122
1.73188
-1.82588
1.92224
-1.36683
1.83246
-1.66723
1.73771
-2.03713
1.65566
-2.02529
1.91912
-1.76018
1.87111
-1.57286
1.68102
-2.11827
2.25048
-2.16244
2.06135
-1.86243
1.51609
-1.5527
1.40217
-1.27472
1.84716
-1.73516
2.01802
-1.98695
1.57233
-1.97402
1.62057
-1.91295
1.97554
-1.68009
1.94115
-1.89705
2.11322
-1.94232
1.97878
-1.78492
1.76443
-2.04704
1.52922
-1.65685
1.58488
-1.46164
1.83865
-1.75056
2.00985
-2.06795
1.75975
-1.99372
1.71429
-1.58254
1.96536
-1.94511
2.14803
-2.14106
2.00013
-1.75848
1.91453
-1.95517
1.53784
-1.86705
1.47523
-1.66156
1.97675
-1.60672
1.96722
-1.71707
1.88508
-2.05566
1.84392
-1.97883
1.76342
-1.70503
1.9268
-2.18753
2.00466
-2.05036
2.13558
-1.67329
1.81015
-1.85428
1.52882
-1.83173
1.71435
-1.617
1.95573
-1.67613
1.97577
-1.91163
1.71528
-2.03186
1.67433
-1.85958
1.96538
-1.84881
1.88154
-2.05629
1.90693
-1.59383
2.05948
-1.65058
1.79629
-2.06265
1.37677
-1.65554
1.68276
-1.64772
1.93883
-1.83253
1.92697
-1.97407
1.74495
-1.76269
1.67288
-1.63401
2.07786
-2.24171
2.08992
-2.12751
1.95927
-1.46897
1.72994
-1.53326
1.41246
-2.13224
1.78796
-2.09387
2.16854
-1.70223
2.03068
-1.79646
1.75695
-1.73287
1.62244
-1.80902
2.09789
-2.05267
2.03268
-2.33498
1.83847
-1.97154
2.07741
-1.36328
1.67145
-1.74261
1.51564
-2.05417
1.85438
-1.79722
2.22957
-1.88556
2.05769
-1.94011
1.48156
-1.67641
1.76579
-1.85729
1.98257
-1.9953
1.84799
-2.23597
1.98484
-1.73544
2.03676
-1.19358
1.43496
-1.69613
1.42385
-2.06086
1.98571
-1.99146
2.25606
-1.85002
1.66423
-1.78505
1.44365
-1.55257
1.83427
-1.56565
1.99053
-2.29458
1.98695
-2.18917
1.91926
-1.35994
1.75463
-1.39126
1.35655
-1.94862
1.54825
-2.13999
2.38171
-1.92659
2.06403
-1.80074
1.63334
-1.80685
1.77863
-1.68601
2.07192
-1.77096
1.78387
-2.32595
1.85576
-2.14217
2.08882
-1.49473
1.8215
-1.58711
1.50558
-2.11179
1.89422
-1.97965
2.27206
-1.70564
1.94529
-1.98429
1.55586
-1.93498
1.92985
-1.66082
1.97366
-1.78678
1.47551
-2.16168
1.81288
-1.81101
2.31824
-1.45848
1.71862
-1.76704
1.39912
-2.02994
1.95056
-1.80166
2.0845
-1.76779
1.64698
-1.97065
1.49998
-1.65525
2.03908
-1.59959
2.02643
-2.06638
1.53658
-1.93028
1.72438
-1.45638
2.06128
-1.63278
1.73562
-2.18429
1.66076
-2.15405
2.09826
-1.5874
1.92033
-1.75933
1.58827
-2.00821
1.78248
-1.62612
2.31852
-1.80664
1.87088
-2.24427
1.38577
-1.85128
1.94923
-1.49761
2.08745
-1.99173
1.90148
-2.33483
1.80478
-1.70051
1.95943
-1.45598
1.93073
-2.11385
1.66105
-2.1799
2.10769
-1.65526
2.06479
-1.63708
1.31522
-2.13299
1.72201
-1.89336
2.23774
-1.50268
2.0421
-2.0558
1.66596
-2.00769
1.71361
-1.62237
2.06133
-1.69053
1.67588
-2.12327
1.52633
-1.95869
2.22039
-1.47307
2.03072
-1.90941
1.38497
-1.95453
1.63897
-1.53021
2.302
-1.84022
1.87867
-2.05114
1.42671
-1.97051
1.90851
-1.49218
1.99266
-1.722
1.50771
-2.16687
1.78628
-1.68442
2.36211
-1.64197
1.87489
-2.05695
1.21502
-1.86855
1.90526
-1.62197
2.28917
-2.04076
1.84716
-2.25771
1.63968
-1.62482
1.93917
-1.40588
2.04635
-2.11815
1.58753
-2.24541
1.98317
-1.5778
2.26666
-1.81783
1.61421
-2.24733
1.54287
-1.83279
2.17945
-1.59395
2.19624
-2.00032
1.61468
-2.13342
1.78982
-1.62895
2.1138
-1.51196
1.58418
-2.16722
1.56045
-2.11657
2.18293
-1.43751
2.0227
-1.73344
1.38017
-2.092
1.76345
-1.74013
2.35279
-1.66121
1.8055
-1.98957
1.31787
-1.92284
1.87244
-1.59233
2.23596
-1.81122
1.50122
-2.03004
1.47198
-1.65434
2.34018
-1.6092
2.01868
-2.04043
1.35808
-2.03874
1.85022
-1.65775
2.34595
-1.95321
1.79839
-2.15297
1.33315
-1.54802
1.99247
-1.46216
2.21018
-2.16348
1.65882
-2.24885
1.79244
-1.49038
2.06461
-1.48713
1.58806
-2.27567
1.63855
-2.1207
2.27749
-1.61168
2.23976
-1.99171
1.6063
-2.0395
1.52704
-1.45813
2.05411
-1.54115
1.91726
-2.3254
1.60187
-2.21736
2.05586
-1.41585
1.99836
-1.60729
1.46982
-2.17694
1.73303
-1.86417
2.43722
-1.68441
2.02167
-2.05592
1.25885
-1.95947
1.83889
-1.51358
2.10162
-1.65623
1.61797
-2.29042
1.73635
-1.92699
2.24158
-1.41855
1.95138
-1.87348
1.30283
-2.04528
1.86269
-1.77139
2.38809
-1.80897
1.73797
-2.1499
1.36555
-1.7228
1.88366
-1.28666
2.1427
-2.01535
1.64034
-2.20929
1.76746
-1.6967
2.26459
-1.68035
1.78686
-2.07383
1.31154
-1.96454
2.05091
-1.55498
2.33521
-1.98404
1.71741
-2.22566
1.50414
-1.42506
1.9773
-1.41327
1.96731
-2.34012
1.69398
-2.2836
2.00977
-1.49119
2.01976
-1.66032
1.59409
-2.19094
1.7128
-1.90091
2.27449
-1.51188
2.0836
-2.0393
1.43589
-2.17057
1.72351
-1.45224
2.05835
-1.62192
1.73778
-2.30547
1.72468
-1.98798
2.2026
-1.47988
1.97776
-1.77142
1.40134
-2.13546
1.77174
-1.73997
2.32626
-1.66874
1.85137
-2.22755
1.35001
-1.83878
1.87997
-1.29875
2.0489
-1.82697
1.60726
-2.22976
1.92401
-1.85514
2.17497
-1.44045
1.57988
-1.88383
1.35942
-2.1297
2.0214
-1.71009
2.48906
-1.93053
1.70306
-2.01249
1.27574
-1.50912
2.0996
-1.60258
2.08897
-2.19219
1.63913
-2.22334
1.90205
-1.51745
2.0028
-1.67204
1.82454
-2.33076
1.62338
-1.8728
2.14934
-1.5293
2.32818
-2.09541
1.50355
-2.16366
1.68006
-1.51078
2.01893
-1.62283
1.81676
-2.35318
1.79151
-1.94083
1.91629
-1.28782
1.93185
-1.81279
1.6794
-2.36442
1.86759
-1.81612
2.1397
-1.41646
1.74391
-2.05663
1.47097
-2.07816
1.89256
-1.41129
1.99677
-1.6693
1.58129
-2.09158
1.73163
-1.80886
2.20917
-1.52894
1.80938
-1.9678
1.3925
-2.20852
1.96968
-1.68419
2.33058
-1.70783
1.6647
-2.0932
1.57063
-1.78424
2.04884
-1.53782
2.01077
-2.0351
1.62182
-2.12633
1.7941
-1.64282
2.19667
-1.75611
1.81622
-2.23473
1.58995
-1.98783
2.14889
-1.55567
2.16335
-1.83114
1.61157
-2.11856
1.60242
-1.60366
1.99892
-1.68386
1.89209
-2.20762
1.62993
-1.97339
1.98169
-1.45615
2.1265
-1.78881
1.63842
-2.29576
1.75154
-1.78463
2.09369
-1.47565
1.84231
-2.08912
1.64559
-2.05115
1.78221
-1.47587
1.91536
-1.67122
1.71092
-2.19878
1.85234
-1.93766
2.24408
-1.50342
1.82753
-1.89745
1.47789
-2.2509
1.90258
-1.71413
2.12042
-1.64025
1.74744
-1.9932
1.59447
-1.8089
2.00323
-1.59925
1.97481
-1.85626
1.54289
-2.15739
1.87497
-1.80752
2.2729
-1.68834
1.82933
-2.17154
1.47741
-1.8899
1.95129
-1.54649
2.15283
-1.86222
1.70339
-2.04138
1.77833
-1.79981
1.94642
-1.56406
1.73251
-2.08508
1.66606
-2.13361
2.04252
-1.58952
2.28115
-1.87209
1.72765
-2.11952
1.56042
-1.74053
2.05133
-1.63276
1.90325
-1.94873
1.634
-2.02255
1.86803
-1.65879
1.93784
-1.66373
1.65487
-2.04834
1.71359
-1.96361
2.23611
-1.59643
2.14737
-2.04135
1.54543
-2.08095
1.60989
-1.52548
1.91814
-1.72106
1.84725
-2.06522
1.81584
-1.8778
1.97406
-1.52732
1.79038
-1.69785
1.53542
-2.20395
1.92067
-1.90936
2.30026
-1.72216
1.92187
-2.1368
1.54955
-1.92113
1.84941
-1.52833
1.95074
-1.77007
1.72352
-2.02289
1.91746
-1.84418
1.98215
-1.59997
1.68603
-1.9368
1.56574
-2.21783
2.11777
-1.81275
2.38979
-1.80416
1.69423
-1.98591
1.57706
-1.75834
2.00035
-1.71085
1.87536
-1.96893
1.71361
-1.96336
1.8504
-1.63651
1.92122
-1.66333
1.6591
-2.06607
1.69517
-2.07479
2.35168
-1.77054
2.21208
-1.86708
1.43766
-1.86996
1.60819
-1.6417
1.90647
-1.85688
1.86376
-2.04932
1.78736
-1.74156
1.90827
-1.55319
1.89765
-1.77761
1.60782
-2.17571
1.85831
-1.9947
2.31014
-1.74295
1.92281
-1.99089
1.50375
-1.76147
1.69486
-1.5242
1.90349
-1.9352
1.84846
-2.05424
1.95302
-1.7923
1.98095
-1.5341
1.7272
-1.98202
1.59083
-2.29898
2.12139
-1.88246
2.30585
-1.75793
1.68927
-1.85471
1.61662
-1.72765
1.9619
-1.72962
1.79306
-1.97868
1.71368
-1.98235
1.95468
-1.72534
2.07766
-1.81201
1.76344
-2.01422
1.57063
-1.97818
2.1545
-1.77083
2.19807
-1.88702
1.62613
-1.82988
1.6023
-1.52809
1.7532
-1.82897
1.81899
-2.17508
1.87471
-1.89043
1.99169
-1.48234
1.92418
-1.73949
1.61663
-2.16675
1.84709
-1.98633
2.20309
-1.78884
1.869
-1.87034
1.50512
-1.67158
1.76369
-1.60881
1.89009
-2.00061
1.84994
-2.13855
1.96095
-1.74805
2.01621
-1.54362
1.80603
-1.97962
1.65622
-2.26985
2.01661
-1.89829
2.15164
-1.73988
1.66694
-1.76363
1.6268
-1.6517
2.01327
-1.80325
1.89827
-2.10054
1.70261
-2.03851
1.90556
-1.65506
2.07326
-1.69763
1.76633
-2.08458
1.65073
-2.00043
2.11192
-1.82249
2.08927
-1.86962
1.65954
-1.76599
1.7057
-1.54229
1.83507
-1.87263
1.77599
-2.20592
1.77654
-1.92068
2.07946
-1.6357
2.0548
-1.6924
1.59126
-1.98225
1.71408
-1.91928
2.10563
-1.87869
1.95525
-2.02897
1.63811
-1.61543
1.71565
-1.49784
1.87178
-1.9947
1.79509
-2.17302
1.86202
-1.79844
2.09236
-1.5213
1.88215
-1.96838
1.6632
-2.06881
1.80188
-1.7595
1.98899
-1.90894
1.79274
-1.94798
1.82626
-1.63196
1.99523
-1.61265
1.74324
-1.99291
1.65693
-2.15252
1.98303
-1.83947
2.17681
-1.74372
1.85801
-1.98353
1.57447
-1.89183
1.99295
-1.77497
2.013
-1.99922
1.74227
-1.87435
1.86488
-1.56406
1.94344
-1.78621
1.74112
-2.21154
1.70819
-2.02931
1.97377
-1.56123
2.08557
-1.77956
1.76391
-1.99673
1.75122
-1.82117
2.03131
-1.85134
1.74238
-1.92679
1.56697
-1.70909
1.94915
-1.60686
2.00833
-1.99628
1.78706
-2.16132
1.7147
-1.75441
1.96839
-1.56522
2.03801
-1.94007
1.70549
-2.03216
1.80023
-1.67638
1.83109
-1.84561
1.68942
-2.04003
1.84548
-1.68025
2.09057
-1.5785
1.91464
-2.02738
1.65689
-2.20408
1.8692
-1.79244
2.07838
-1.68175
1.84174
-1.98889
1.7002
-1.85914
1.95321
-1.69119
1.84375
-1.94375
1.64397
-1.98265
1.9948
-1.64334
2.08641
-1.71976
1.79558
-2.17015
1.63392
-2.10287
1.98184
-1.77006
2.13915
-1.72742
1.7086
-1.86007
1.74582
-1.73115
1.99953
-1.82257
1.80343
-2.15531
1.67512
-1.87427
1.91377
-1.51168
2.06505
-1.8256
1.70299
-2.13389
1.71735
-1.9523
2.04977
-1.60631
1.91992
-1.82376
1.67425
-1.86714
1.78473
-1.64732
1.92191
-1.97311
1.72471
-2.12857
1.69512
-1.68851
2.08378
-1.49734
1.9822
-1.88598
1.65309
-2.17641
1.78204
-1.81478
1.97641
-1.72294
1.85674
-1.95052
1.70668
-1.75308
1.8898
-1.63505
1.94622
-2.09305
1.75811
-2.19676
1.93816
-1.66083
2.07962
-1.4774
1.76854
-2.05539
1.66307
-2.24562
2.02616
-1.85142
2.03137
-1.75349
1.72692
-1.86726
1.82467
-1.69877
2.07554
-1.80046
1.85654
-2.17168
1.62261
-2.08199
1.9499
-1.56611
2.05479
-1.595
1.67159
-2.03391
1.6931
-2.0378
2.11014
-1.83297
1.98543
-1.81909
1.58306
-1.7241
1.79441
-1.6359
2.02181
-1.93194
1.77604
-2.2661
1.66162
-1.85474
1.96929
-1.38948
1.99323
-1.69449
1.65118
-2.07344
1.75258
-1.92168
2.08153
-1.93062
1.8962
-1.97635
1.65228
-1.66869
1.82371
-1.47067
1.93622
-1.98748
1.78792
-2.39482
1.94397
-1.81842
2.02729
-1.34564
1.73712
-1.81654
1.61333
-2.12042
1.986
-2.02037
2.13653
-1.96393
1.74579
-1.84912
1.70527
-1.5118
1.93393
-1.55704
1.91746
-2.2095
1.77349
-2.36136
1.92818
-1.67506
1.99795
-1.42854
1.6286
-1.88817
1.75152
-2.13063
2.21814
-1.97973
1.99885
-1.9013
1.61504
-1.78518
1.7521
-1.53118
2.03646
-1.77332
1.81516
-2.24665
1.62064
-2.09017
1.99756
-1.5609
2.04369
-1.57354
1.63423
-1.91613
1.80262
-1.976
2.13038
-2.01404
1.86311
-1.98039
1.52637
-1.63658
1.81099
-1.49962
2.09838
-1.91859
1.81312
-2.26917
1.66624
-1.83151
1.922
-1.43318
1.89207
-1.80094
1.74559
-2.04664
1.88087
-1.88637
1.98718
-1.95499
1.76451
-1.98249
1.67888
-1.63402
2.04559
-1.54398
2.05844
-2.02012
1.67635
-2.27074
1.75185
-1.77246
1.9496
-1.57137
1.86794
-1.98697
1.87003
-1.96807
1.99978
-1.79373
1.89635
-1.93227
1.66272
-2.00447
1.88868
-1.7329
2.15244
-1.63463
1.84878
-2.05346
1.55406
-2.14309
1.85258
-1.69424
2.02437
-1.63111
1.77838
-1.85155
1.83943
-1.91656
2.08111
-1.92481
1.86988
-2.03211
1.48671
-1.80242
1.79578
-1.56262
2.20808
-1.78903
1.84728
-2.14261
1.62381
-1.94151
1.86477
-1.5612
1.8724
-1.72118
1.73304
-1.90657
1.89359
-1.90932
2.11325
-2.02786
1.74386
-1.9605
1.49759
-1.66678
1.93715
-1.49792
2.20146
-1.98049
1.87041
-2.21684
1.61437
-1.76043
1.74454
-1.63651
1.87141
-1.87229
1.88665
-1.99513
2.07688
-1.82704
1.97839
-1.89561
1.6529
-2.08037
1.72294
-1.73301
2.10844
-1.5862
2.01
-2.0142
1.68652
-2.15739
1.80378
-1.85297
1.94078
-1.70754
1.82262
-1.85435
1.95394
-1.87968
2.06973
-1.8376
1.88412
-1.99414
1.52935
-2.03183
1.76556
-1.67349
2.15659
-1.62173
1.86907
-1.93717
1.64979
-1.98135
1.83284
-1.81008
1.93263
-1.77403
1.76062
-1.81895
1.82506
-1.7793
2.05379
-1.86638
1.78879
-2.05359
1.50249
-1.87239
1.86057
-1.51837
2.12263
-1.6827
1.80792
-2.00512
1.70277
-1.97368
1.89237
-1.93205
1.89826
-1.85495
1.73504
-1.72269
1.86625
-1.7198
2.10606
-1.97039
1.8568
-2.17757
1.64297
-1.81707
1.89656
-1.48452
1.99206
-1.86607
1.8762
-2.14324
1.82486
-1.98514
1.8977
-1.84021
1.83758
-1.84056
1.84092
-1.7426
2.01994
-1.74389
2.04543
-2.0412
1.68112
-2.18236
1.65361
-1.71108
1.92946
-1.50301
1.90504
-1.87954
1.8967
-2.10774
1.9637
-1.92948
1.82931
-1.81207
1.71224
-1.74811
1.76792
-1.73122
2.06347
-1.82383
1.96222
-2.09639
1.63065
-2.077
1.7184
-1.55264
1.89115
-1.44357
1.8419
-1.90412
1.88293
-2.06469
1.95944
-2.02082
1.80574
-1.8219
1.57641
-1.69013
1.81835
-1.69079
2.19426
-1.91121
1.97377
-2.13965
1.61303
-1.92163
1.7549
-1.5815
1.94721
-1.69956
1.85465
-1.9214
1.86074
-2.01476
1.9147
-2.02361
1.8823
-1.92268
1.78392
-1.71396
1.89215
-1.62695
2.13472
-1.98172
1.91154
-2.26778
1.67478
-1.90858
1.7934
-1.58654
1.87419
-1.70692
1.89332
-1.91376
1.92921
-1.94436
1.89976
-1.97534
1.82221
-1.94489
1.76518
-1.72235
1.94775
-1.63123
2.00751
-1.99866
1.73286
-2.144
1.71448
-1.77481
1.80238
-1.49843
1.7837
-1.6916
1.94042
-1.93869
1.95682
-2.0159
1.793
-1.90347
1.6294
-1.84958
1.78105
-1.74306
2.16463
-1.78694
2.05778
-2.02581
1.69281
-1.98196
1.6602
-1.67601
1.7889
-1.65784
1.88045
-1.80911
1.93337
-1.995
1.95403
-2.00726
1.82378
-1.90866
1.65314
-1.81428
1.90268
-1.70813
2.23363
-1.8946
2.02275
-2.12961
1.65592
-1.90606
1.59849
-1.6908
1.7959
-1.71751
1.97898
-1.86032
2.01582
-1.93444
1.93657
-1.94164
1.75745
-1.91611
1.63556
-1.77849
1.92842
-1.72719
2.19335
-2.02219
1.96786
-2.11956
1.6667
-1.7538
1.53347
-1.59194
1.80913
-1.74457
2.11743
-1.95633
2.02306
-1.91477
1.80456
-1.85515
1.58265
-1.96394
1.74397
-1.84309
2.05974
-1.70635
2.07824
-1.87921
1.82937
-1.9533
1.65548
-1.80379
1.67526
-1.69888
1.78777
-1.71839
1.96674
-1.90406
1.98877
-1.9397
1.82252
-1.92292
1.63493
-1.92259
1.82097
-1.75617
2.14627
-1.79106
2.06543
-1.95127
1.80751
-1.96819
1.6391
-1.88876
1.66591
-1.67364
1.86145
-1.79352
2.05801
-1.95025
2.11578
-1.97038
1.84946
-1.9505
1.59316
-1.83598
1.80364
-1.80512
2.20596
-1.95955
2.07848
-1.9684
1.72647
-1.83964
1.52186
-1.71115
1.68846
-1.73869
2.02249
-1.86063
2.08331
-1.85663
1.92602
-1.85844
1.622
-1.92768
1.55324
-1.85406
1.96725
-1.83019
2.12126
-1.84579
1.9877
-1.79033
1.63799
-1.76503
1.50143
-1.76155
1.80607
-1.87547
2.07693
-1.94698
2.05021
-1.85446
1.87374
-1.85476
1.63618
-1.98501
1.76821
-1.91184
2.07279
-1.80505
2.07946
-1.774
1.87919
-1.87046
1.69317
-1.93502
1.61879
-1.84705
1.81414
-1.84119
2.0476
-1.88908
2.14018
-1.87137
1.93955
-1.93913
1.6337
-1.92881
1.74544
-1.8457
1.97737
-1.82201
2.00913
-1.75554
1.82373
-1.82178
1.59779
-1.87429
1.67184
-1.81067
1.88915
-1.8175
2.05574
-1.85081
2.08358
-1.85977
1.80732
-1.98238
1.63406
-1.9484
1.74159
-1.80445
1.95214
-1.74541
2.00244
-1.7178
1.83503
-1.85406
1.71065
-1.95004
1.72685
-1.8675
1.89415
-1.87534
2.06041
-1.84207
2.03085
-1.93679
1.8335
-2.03596
1.73761
-1.88686
1.76151
-1.73667
1.91921
-1.65841
1.99526
-1.7927
1.83169
-1.95321
1.6426
-1.90375
1.68308
-1.90035
1.95566
-1.88814
2.16063
-1.82035
2.02604
-1.88862
1.75504
-1.91619
1.66366
-1.91791
1.82387
-1.79092
1.89799