
-0
-0
-0
-0
-0
-0
-0
-0
-0
-0
-0
-0
-0
-0
-0
-0
-0
-0
-0
-0
-0
-0
-0
-0
-0
-0
-0
-0
-0
-0
-0
-0
-0
-0
-0
-0
-0
-0
-0
-0
-0
-0
-0
-0
-0
-0
-0
-0
-0
-0
-0
-0
-0
-0
-0
-0
-0
-0
-0
-0
-0
-0
-0
-0
-0
-0
-0
-0
-0
-0
-0
-0
-0
-0
-0
-0
-0
-0
-0
-0
-0
-0
-0
-0
-0
-0
-0
-0
-0
-0
-0
-0
-0
-0
-0
-0
-0
-0
-0
-0
-0
-0
-0
-0
-0
-0
-0
-0
-0
-0
-0
-0
-0
-0
-0
-0
-0
-0
-0
-0
-0
-0
-0
-0
-0
-0
-0
-0
-0
-0
-0
-0
-0
-0
-0
-0
-0
-0
-0
-0
-0
-0
-0
-0
-0
-0
-0
-0
-0
-0
-0
-0
-0
-0
-0
-0
-0
-0
-0
-0
4.17254e-07
4.08307e-07
3.8296e-07
3.66631e-07
3.47997e-07
3.28028e-07
3.06389e-07
2.83676e-07
2.59307e-07
2.33753e-07
2.08873e-07
1.84306e-07
1.59587e-07
1.35084e-07
1.1106e-07
8.72144e-08
6.44014e-08
4.19425e-08
1.98064e-08
-1.56024e-09
-2.27812e-08
-4.26758e-08
-6.29732e-08
-8.26731e-08
-1.0034e-07
-1.15085e-07
-1.26613e-07
-1.34367e-07
-1.41148e-07
-1.45638e-07
-1.47504e-07
-1.47608e-07
-1.4829e-07
-1.49268e-07
-1.47328e-07
-1.46656e-07
-1.45188e-07
-1.42904e-07
-1.39912e-07
-1.35314e-07
-1.30486e-07
-1.26589e-07
-1.23815e-07
-1.22466e-07
-1.22024e-07
-1.21931e-07
-1.18236e-07
-1.16472e-07
-1.13127e-07
-1.08084e-07
-9.94991e-08
-8.8008e-08
-7.45125e-08
-6.29885e-08
-5.22735e-08
-4.21694e-08
-3.30676e-08
-2.39986e-08
-1.56124e-08
-6.81908e-09
3.13584e-09
1.4716e-08
2.72149e-08
3.93981e-08
4.95845e-08
5.63313e-08
5.88177e-08
5.73081e-08
5.28175e-08
4.70866e-08
4.26341e-08
4.19808e-08
4.5091e-08
5.21265e-08
6.16522e-08
7.23004e-08
7.70577e-08
7.81389e-08
6.30144e-08
5.45188e-08
4.25449e-08
3.34433e-08
2.61551e-08
2.21432e-08
2.20004e-08
2.43135e-08
2.77761e-08
2.9374e-08
2.43408e-08
1.45617e-08
9.83686e-10
-1.35997e-08
-2.55007e-08
-3.29035e-08
-3.3807e-08
-2.80885e-08
-1.79246e-08
-7.17217e-09
-5.11242e-10
-1.5756e-09
-1.10396e-08
-2.70569e-08
-4.77287e-08
-6.43246e-08
-6.9089e-08
-5.92381e-08
-3.68403e-08
3.49978e-09
2.39587e-08
4.88212e-08
6.3108e-08
6.06854e-08
3.93133e-08
5.32964e-09
-3.00325e-08
-5.66957e-08
-6.1917e-08
-4.56726e-08
-1.65457e-08
1.77935e-08
4.44628e-08
6.43144e-08
6.61432e-08
4.65464e-08
9.65858e-09
-2.32036e-08
-5.61535e-08
-7.31629e-08
-6.97703e-08
-3.97348e-08
8.43407e-09
5.86851e-08
9.33768e-08
9.86365e-08
6.91069e-08
1.07697e-08
-5.76422e-08
-1.20783e-07
-1.56207e-07
-1.44247e-07
-9.39453e-08
6.28175e-09
1.03783e-07
1.85113e-07
2.18132e-07
1.82691e-07
7.85612e-08
-7.18952e-08
-2.2829e-07
-3.38085e-07
-3.51898e-07
-2.35341e-07
2.73093e-08
4.18949e-07
8.90697e-07
1.37048e-06
7.55905e-07
1.52533e-06
7.84361e-07
1.22408e-06
1.25537e-06
1.02482e-06
6.28626e-07
1.88792e-07
-1.92499e-07
-4.52468e-07
-5.69674e-07
-5.51447e-07
-4.38377e-07
-2.80677e-07
-1.29046e-07
-2.62339e-08
7.79512e-09
-2.52494e-08
-1.06893e-07
-2.06669e-07
-2.92739e-07
-3.42841e-07
-3.48064e-07
-3.12722e-07
-2.53752e-07
-1.89173e-07
-1.39263e-07
-1.2126e-07
-1.38203e-07
-1.82281e-07
-2.39672e-07
-2.94442e-07
-3.32559e-07
-3.45341e-07
-3.31397e-07
-2.97778e-07
-2.56874e-07
-2.21198e-07
-2.01853e-07
-2.0137e-07
-2.17926e-07
-2.44635e-07
-2.71493e-07
-2.88691e-07
-2.89952e-07
-2.71752e-07
-2.40371e-07
-2.04033e-07
-1.72281e-07
-1.48552e-07
-1.43514e-07
-1.47519e-07
-1.53426e-07
-1.62945e-07
-1.68513e-07
-1.65665e-07
-1.52762e-07
-1.29462e-07
-1.0142e-07
-7.12019e-08
-4.58469e-08
-2.9083e-08
-2.13928e-08
-2.08448e-08
-2.44402e-08
-2.67519e-08
-2.45708e-08
-1.46808e-08
2.80634e-09
2.49525e-08
4.80208e-08
6.86237e-08
8.35502e-08
9.19542e-08
9.43449e-08
9.25586e-08
8.89565e-08
8.6147e-08
8.67699e-08
9.11514e-08
9.84499e-08
1.05651e-07
1.10474e-07
1.11433e-07
1.09629e-07
1.00855e-07
8.15759e-08
7.22807e-08
5.98239e-08
5.04115e-08
4.32251e-08
3.73415e-08
3.29346e-08
2.91978e-08
2.50549e-08
1.99266e-08
1.2032e-08
4.09868e-09
-3.10226e-09
-8.11962e-09
-1.15043e-08
-1.37568e-08
-1.54186e-08
-1.74321e-08
-2.12395e-08
-2.76231e-08
-3.59058e-08
-4.37672e-08
-5.44154e-08
-6.57332e-08
-7.50414e-08
-8.01835e-08
-7.95812e-08
-7.2702e-08
-5.07122e-08
-5.00221e-08
-4.02829e-08
-2.44896e-08
-5.30032e-09
1.2952e-08
2.71974e-08
3.64507e-08
4.02192e-08
3.97612e-08
3.46863e-08
2.62006e-08
1.75163e-08
9.68289e-09
4.34757e-09
5.80061e-09
3.71858e-09
7.67384e-11
-2.05547e-09
-4.98684e-09
-6.1176e-09
-5.46255e-09
-3.32641e-09
-1.11614e-10
4.3004e-09
9.24357e-09
1.27131e-08
1.44624e-08
1.40575e-08
1.24193e-08
9.40572e-09
4.92929e-09
1.32075e-10
-3.35506e-09
-5.19545e-09
-4.938e-09
-3.01135e-09
6.56388e-12
3.14835e-09
5.53693e-09
6.36436e-09
4.30051e-09
-1.94987e-10
-6.29547e-09
-1.16164e-08
-1.51647e-08
-1.69316e-08
-1.36898e-08
-1.07536e-08
-8.47534e-09
-5.45635e-09
-5.86228e-09
-9.76368e-09
-1.49754e-08
-2.36061e-08
-3.09379e-08
-3.46402e-08
-2.82989e-08
-1.99095e-08
-9.58522e-09
1.65568e-09
1.11215e-08
1.45866e-08
1.68549e-08
-1.25102e-09
-1.52428e-08
-2.30434e-08
-2.29878e-08
-1.56623e-08
3.71923e-09
2.25851e-08
1.54242e-08
3.00629e-08
1.79448e-08
6.59169e-09
-4.53006e-09
-1.45477e-08
-2.03137e-08
-1.88395e-08
-1.0049e-08
5.31112e-09
1.93079e-08
2.84324e-08
3.30071e-08
2.94695e-08
1.67878e-08
-3.61459e-09
-2.78498e-08
-4.91629e-08
-6.12886e-08
-5.15383e-08
-4.05514e-08
-2.50595e-08
-1.06908e-08
-2.92994e-09
-6.58396e-09
-2.23577e-08
-4.94318e-08
-7.75883e-08
-9.74553e-08
-1.01213e-07
-8.46024e-08
-4.81393e-08
5.89049e-10
5.18217e-08
9.16344e-08
1.09594e-07
9.91768e-08
6.38196e-08
1.56751e-08
-3.02841e-08
-5.10424e-08
-4.60948e-08
-1.14523e-08
4.73435e-08
1.16702e-07
1.79824e-07
2.12156e-07
2.02035e-07
1.62615e-07
1.04664e-07
4.85054e-08
1.724e-08
3.47576e-08
1.06594e-07
2.32918e-07
3.98702e-07
5.7497e-07
7.34451e-07
8.61838e-07
9.59229e-07
1.05111e-06
3.4182e-07
9.22986e-07
1.53498e-06
2.27758e-06
2.32948e-06
2.39921e-06
5.21559e-06
5.38262e-06
4.83341e-06
5.98321e-06
6.88302e-06
7.50325e-06
7.83803e-06
7.92417e-06
7.82881e-06
7.63252e-06
7.42346e-06
7.26603e-06
7.20445e-06
7.24964e-06
7.37895e-06
7.55419e-06
7.73157e-06
7.87006e-06
7.95315e-06
7.97375e-06
7.94821e-06
7.90149e-06
7.86759e-06
7.86229e-06
7.90261e-06
7.97682e-06
8.06986e-06
8.1557e-06
8.21472e-06
8.22949e-06
8.20254e-06
8.1472e-06
8.09008e-06
8.0508e-06
8.04802e-06
8.08871e-06
8.18438e-06
8.32253e-06
8.48843e-06
8.67819e-06
8.86632e-06
9.03142e-06
9.17128e-06
9.28737e-06
9.40052e-06
9.51658e-06
9.64714e-06
9.79752e-06
9.97166e-06
1.01623e-05
1.03557e-05
1.05332e-05
1.0688e-05
1.08264e-05
1.09561e-05
1.10653e-05
1.11626e-05
1.12532e-05
1.13478e-05
1.14512e-05
1.15585e-05
1.16686e-05
1.17802e-05
1.18912e-05
1.19957e-05
1.2087e-05
1.21696e-05
1.2249e-05
1.23263e-05
1.24035e-05
1.24765e-05
1.25514e-05
1.26351e-05
1.272e-05
1.28093e-05
1.28995e-05
1.29837e-05
1.30497e-05
1.3129e-05
1.31834e-05
1.3238e-05
1.32926e-05
1.33471e-05
1.33929e-05
1.34452e-05
1.35011e-05
1.35605e-05
1.36175e-05
1.36734e-05
1.37325e-05
1.37909e-05
1.38513e-05
1.39037e-05
1.39441e-05
1.39797e-05
1.40051e-05
1.40235e-05
1.40341e-05
1.40512e-05
1.40738e-05
1.41081e-05
1.4144e-05
1.41832e-05
1.42392e-05
1.43083e-05
1.43848e-05
1.44522e-05
1.45145e-05
1.45479e-05
1.45938e-05
1.46222e-05
1.46276e-05
1.46162e-05
1.45938e-05
1.45678e-05
1.45411e-05
1.45224e-05
1.45143e-05
1.45159e-05
1.45302e-05
1.46179e-05
1.46207e-05
1.46287e-05
1.4646e-05
1.46757e-05
1.46984e-05
1.47192e-05
1.47336e-05
1.47465e-05
1.47601e-05
1.47748e-05
1.47906e-05
1.48141e-05
1.47609e-05
1.47539e-05
1.4759e-05
1.4766e-05
1.47677e-05
1.47739e-05
1.478e-05
1.47854e-05
1.48011e-05
1.48041e-05
1.48062e-05
1.48127e-05
1.48256e-05
1.48489e-05
1.48738e-05
1.4905e-05
1.49362e-05
1.49669e-05
1.49902e-05
1.50058e-05
1.50173e-05
1.50176e-05
1.5008e-05
1.49943e-05
1.49761e-05
1.49569e-05
1.49445e-05
1.49434e-05
1.49474e-05
1.49447e-05
1.49433e-05
1.49468e-05
1.4951e-05
1.49516e-05
1.49481e-05
1.49381e-05
1.49363e-05
1.49298e-05
1.49172e-05
1.49017e-05
1.48891e-05
1.48848e-05
1.48855e-05
1.4884e-05
1.48961e-05
1.49187e-05
1.4958e-05
1.50061e-05
1.50417e-05
1.50877e-05
1.51085e-05
1.51307e-05
1.513e-05
1.51278e-05
1.51247e-05
1.50988e-05
1.507e-05
1.50406e-05
1.50089e-05
1.49812e-05
1.49789e-05
1.49872e-05
1.49951e-05
1.49886e-05
1.49746e-05
1.49579e-05
1.4944e-05
1.49326e-05
1.49278e-05
1.49343e-05
1.49587e-05
1.4989e-05
1.50204e-05
1.50426e-05
1.50508e-05
1.50437e-05
1.50252e-05
1.49981e-05
1.49651e-05
1.49299e-05
1.49018e-05
1.48968e-05
1.49062e-05
1.49574e-05
1.49836e-05
1.49855e-05
1.4951e-05
1.48894e-05
1.4789e-05
1.46761e-05
1.4564e-05
1.44697e-05
1.44123e-05
1.44088e-05
1.44659e-05
1.4574e-05
1.45323e-05
1.45227e-05
1.45639e-05
1.45967e-05
1.45708e-05
1.45053e-05
1.44095e-05
1.42477e-05
1.40426e-05
1.3889e-05
1.3701e-05
1.35377e-05
1.34188e-05
1.32728e-05
1.30113e-05
1.29033e-05
1.2672e-05
1.23719e-05
1.21803e-05
1.19609e-05
1.1834e-05
1.18235e-05
1.19548e-05
1.18025e-05
1.19652e-05
1.21998e-05
1.24812e-05
1.27552e-05
1.30352e-05
1.32532e-05
1.3413e-05
1.3501e-05
1.35873e-05
1.36326e-05
1.36663e-05
1.37196e-05
1.37747e-05
1.38428e-05
1.38948e-05
1.39266e-05
1.39317e-05
1.38924e-05
1.38191e-05
1.37468e-05
1.37105e-05
1.36346e-05
1.35591e-05
1.34998e-05
1.3476e-05
1.34688e-05
1.34803e-05
1.3501e-05
1.35218e-05
1.35287e-05
1.35167e-05
1.34995e-05
1.34762e-05
1.34545e-05
1.34414e-05
1.34342e-05
1.34351e-05
1.34415e-05
1.34526e-05
1.34637e-05
1.34747e-05
1.34849e-05
1.34925e-05
1.35007e-05
1.35115e-05
1.35323e-05
1.35622e-05
1.35976e-05
1.36343e-05
1.36704e-05
1.37043e-05
1.37344e-05
1.37597e-05
1.37777e-05
1.37886e-05
1.37991e-05
1.3808e-05
1.38113e-05
1.38112e-05
1.38065e-05
1.37971e-05
1.37838e-05
1.37664e-05
1.37518e-05
1.37426e-05
1.37315e-05
1.37276e-05
1.37298e-05
1.37297e-05
1.3731e-05
1.37305e-05
1.37346e-05
1.37394e-05
1.37434e-05
1.37468e-05
1.37531e-05
1.37651e-05
1.37848e-05
1.38031e-05
1.3828e-05
1.3854e-05
1.38848e-05
1.39177e-05
1.39468e-05
1.39695e-05
1.39837e-05
1.39942e-05
1.40038e-05
1.40133e-05
1.40256e-05
1.40397e-05
1.40543e-05
1.40691e-05
1.40826e-05
1.40924e-05
1.41007e-05
1.41003e-05
1.40949e-05
1.40915e-05
1.40903e-05
1.40926e-05
1.40962e-05
1.40984e-05
1.409e-05
1.40747e-05
1.40484e-05
1.40143e-05
1.39737e-05
1.39323e-05
1.38994e-05
1.3881e-05
1.38919e-05
1.39347e-05
1.40016e-05
1.40686e-05
1.413e-05
1.41323e-05
1.41478e-05
1.41509e-05
1.41346e-05
1.409e-05
1.40991e-05
1.40587e-05
1.40055e-05
1.39544e-05
1.39095e-05
1.3893e-05
1.38789e-05
1.38403e-05
1.37848e-05
1.37083e-05
1.3623e-05
1.35274e-05
1.34422e-05
1.33908e-05
1.33773e-05
1.33855e-05
1.33567e-05
1.33956e-05
1.34695e-05
1.35645e-05
1.3663e-05
1.37558e-05
1.38322e-05
1.38701e-05
1.38592e-05
1.37965e-05
1.36963e-05
1.35621e-05
1.34345e-05
1.33085e-05
1.31837e-05
1.30594e-05
1.29485e-05
1.28595e-05
1.27939e-05
1.2669e-05
1.25714e-05
1.25128e-05
1.25125e-05
1.25635e-05
1.26539e-05
1.27557e-05
1.2837e-05
1.29431e-05
1.30323e-05
1.3123e-05
1.31867e-05
1.32161e-05
1.32024e-05
1.31876e-05
1.31643e-05
1.31073e-05
1.30294e-05
1.29559e-05
1.2891e-05
1.2837e-05
1.28088e-05
1.27944e-05
1.27965e-05
1.28104e-05
1.28231e-05
1.28335e-05
1.28379e-05
1.283e-05
1.28206e-05
1.28036e-05
1.27727e-05
1.27298e-05
1.26742e-05
1.26121e-05
1.25566e-05
1.25157e-05
1.24778e-05
1.2439e-05
1.24023e-05
1.23702e-05
1.2343e-05
1.23257e-05
1.23072e-05
1.22883e-05
1.22704e-05
1.22641e-05
1.22705e-05
1.22695e-05
1.22714e-05
1.22833e-05
1.23111e-05
1.23399e-05
1.23769e-05
1.24062e-05
1.24347e-05
1.24522e-05
1.24549e-05
1.2449e-05
1.24178e-05
1.23924e-05
1.23703e-05
1.23514e-05
1.23396e-05
1.23301e-05
1.23149e-05
1.22973e-05
1.2279e-05
1.22635e-05
1.22667e-05
1.22751e-05
1.22731e-05
1.2274e-05
1.22789e-05
1.22931e-05
1.23142e-05
1.23381e-05
1.23612e-05
1.23838e-05
1.24039e-05
1.24249e-05
1.24412e-05
1.24511e-05
1.24546e-05
1.24491e-05
1.24353e-05
1.24184e-05
1.23992e-05
1.2379e-05
1.23675e-05
1.23684e-05
1.23886e-05
1.24196e-05
1.24578e-05
1.24937e-05
1.25284e-05
1.25554e-05
1.25656e-05
1.25481e-05
1.25062e-05
1.24396e-05
1.23463e-05
1.22253e-05
1.21031e-05
1.19515e-05
1.18405e-05
1.1737e-05
1.16716e-05
1.16186e-05
1.15907e-05
1.15743e-05
1.15713e-05
1.1574e-05
1.15758e-05
1.15771e-05
1.15866e-05
1.1586e-05
1.15791e-05
1.156e-05
1.15356e-05
1.15088e-05
1.14687e-05
1.14316e-05
1.13834e-05
1.13261e-05
1.1259e-05
1.11983e-05
1.11407e-05
1.10985e-05
1.10623e-05
1.10359e-05
1.10156e-05
1.10024e-05
1.09834e-05
1.09545e-05
1.09069e-05
1.08471e-05
1.07968e-05
1.07488e-05
1.07178e-05
1.07056e-05
1.07201e-05
1.07688e-05
1.08571e-05
1.09609e-05
1.10333e-05
1.1098e-05
1.11574e-05
1.11829e-05
1.12127e-05
1.11893e-05
1.11559e-05
1.10871e-05
1.10124e-05
1.09252e-05
1.08365e-05
1.07569e-05
1.06784e-05
1.06125e-05
1.05348e-05
1.0483e-05
1.04234e-05
1.03912e-05
1.03744e-05
1.03569e-05
1.03531e-05
1.03497e-05
1.03553e-05
1.03705e-05
1.03878e-05
1.04045e-05
1.04205e-05
1.04444e-05
1.0485e-05
1.05335e-05
1.0595e-05
1.06699e-05
1.0712e-05
1.07703e-05
1.08315e-05
1.087e-05
1.08842e-05
1.0863e-05
1.08275e-05
1.07898e-05
1.07482e-05
1.07154e-05
1.06863e-05
1.06508e-05
1.06328e-05
1.06291e-05
1.06399e-05
1.0652e-05
1.06786e-05
1.07145e-05
1.07527e-05
1.07731e-05
1.07954e-05
1.08306e-05
1.08736e-05
1.09313e-05
1.10038e-05
1.10628e-05
1.11163e-05
1.11704e-05
1.11803e-05
1.11754e-05
1.11667e-05
1.11373e-05
1.10917e-05
1.10281e-05
1.09551e-05
1.08729e-05
1.08012e-05
1.07384e-05
1.0705e-05
1.06893e-05
1.06712e-05
1.06413e-05
1.06042e-05
1.05615e-05
1.05154e-05
1.04828e-05
1.04589e-05
1.04456e-05
1.04463e-05
1.04555e-05
1.04777e-05
1.05101e-05
1.05507e-05
1.06087e-05
1.0651e-05
1.06945e-05
1.07463e-05
1.08209e-05
1.09107e-05
1.10064e-05
1.11015e-05
1.11883e-05
1.12643e-05
1.13381e-05
1.13964e-05
1.14342e-05
1.14461e-05
1.14441e-05
1.1434e-05
1.14169e-05
1.13957e-05
1.13798e-05
1.1374e-05
1.13783e-05
1.13936e-05
1.14016e-05
1.14046e-05
1.14041e-05
1.14062e-05
1.14035e-05
1.13831e-05
1.13589e-05
1.13394e-05
1.13242e-05
1.13147e-05
1.13052e-05
1.13064e-05
1.13162e-05
1.13274e-05
1.13383e-05
1.13363e-05
1.1319e-05
1.12982e-05
1.12754e-05
1.12526e-05
1.12235e-05
1.1195e-05
1.11803e-05
1.11875e-05
1.11975e-05
1.12107e-05
1.12309e-05
1.12643e-05
1.13044e-05
1.13356e-05
1.13513e-05
1.13531e-05
1.13453e-05
1.13313e-05
1.13183e-05
1.13165e-05
1.13165e-05
1.13231e-05
1.13343e-05
1.1349e-05
1.13636e-05
1.13698e-05
1.13691e-05
1.13658e-05
1.13613e-05
1.13537e-05
1.13462e-05
1.13382e-05
1.13298e-05
1.13196e-05
1.13097e-05
1.13076e-05
1.13255e-05
1.13366e-05
1.1345e-05
1.13549e-05
1.13641e-05
1.1371e-05
1.13824e-05
1.13944e-05
1.14078e-05
1.14228e-05
1.1434e-05
1.14404e-05
1.14436e-05
1.14436e-05
1.14384e-05
1.14352e-05
1.14387e-05
1.14326e-05
1.14445e-05
1.14746e-05
1.15205e-05
1.15805e-05
1.16431e-05
1.17085e-05
1.1773e-05
1.17957e-05
1.18259e-05
1.18627e-05
1.1907e-05
1.19552e-05
1.19903e-05
1.20089e-05
1.20111e-05
1.20034e-05
1.19897e-05
1.19744e-05
1.19646e-05
1.19692e-05
1.19962e-05
1.20539e-05
1.21458e-05
1.22742e-05
1.24538e-05
1.26937e-05
1.29976e-05
1.33578e-05
1.37702e-05
1.42016e-05
1.46822e-05
1.52261e-05
1.58162e-05
1.64619e-05
1.71653e-05
1.79197e-05
1.87628e-05
1.96867e-05
2.06813e-05
2.17452e-05
2.28694e-05
2.3936e-05
2.50759e-05
2.62191e-05
2.72694e-05
2.83314e-05
2.93306e-05
3.02884e-05
3.11876e-05
3.20321e-05
3.2882e-05
3.37349e-05
3.45955e-05
3.54729e-05
3.63463e-05
3.72086e-05
3.80587e-05
3.88701e-05
3.96113e-05
4.03816e-05
4.11926e-05
4.19981e-05
4.2777e-05
4.35154e-05
4.42705e-05
4.50302e-05
4.57253e-05
4.6419e-05
4.70841e-05
4.77177e-05
4.82855e-05
4.88129e-05
4.93237e-05
4.98265e-05
5.0338e-05
5.08677e-05
5.14088e-05
5.19741e-05
5.25082e-05
5.29976e-05
5.3402e-05
5.36999e-05
5.38807e-05
5.41471e-05
5.44276e-05
5.44591e-05
5.4525e-05
5.46197e-05
5.47289e-05
5.48392e-05
5.49689e-05
5.50989e-05
5.52277e-05
5.53689e-05
5.54888e-05
5.55817e-05
5.56534e-05
5.57162e-05
5.5783e-05
5.58537e-05
5.59622e-05
5.61043e-05
5.62622e-05
5.64083e-05
5.65277e-05
5.6593e-05
5.66176e-05
5.6618e-05
5.66028e-05
5.65878e-05
5.66072e-05
5.66263e-05
5.66169e-05
5.65807e-05
5.64845e-05
5.62982e-05
5.6067e-05
5.57444e-05
5.53519e-05
5.49439e-05
5.45929e-05
5.4341e-05
5.418e-05
5.39036e-05
5.38715e-05
5.40455e-05
5.43149e-05
5.45925e-05
5.4794e-05
5.4868e-05
5.47587e-05
5.44618e-05
5.41909e-05
5.38685e-05
5.34569e-05
5.30542e-05
5.26887e-05
5.23155e-05
5.19919e-05
5.18073e-05
5.17071e-05
5.16457e-05
5.15837e-05
5.14761e-05
5.13095e-05
5.10913e-05
5.0848e-05
5.06017e-05
5.03879e-05
5.02468e-05
5.01623e-05
5.01245e-05
5.01464e-05
5.01462e-05
5.01634e-05
5.01492e-05
5.01289e-05
5.00591e-05
4.99568e-05
4.98496e-05
4.96735e-05
4.94655e-05
4.92733e-05
4.91048e-05
4.89883e-05
4.88445e-05
4.87424e-05
4.86304e-05
4.85392e-05
4.84673e-05
4.84568e-05
4.84777e-05
4.85396e-05
4.8644e-05
4.8735e-05
4.88284e-05
4.89118e-05
4.8966e-05
4.9026e-05
4.91192e-05
4.91467e-05
4.91095e-05
4.90456e-05
4.89593e-05
4.89123e-05
4.8904e-05
4.89461e-05
4.89625e-05
4.89747e-05
4.90957e-05
4.91781e-05
4.92691e-05
4.93825e-05
4.94885e-05
4.94869e-05
4.9441e-05
4.93813e-05
4.92882e-05
4.91533e-05
4.89797e-05
4.88059e-05
4.86419e-05
4.84861e-05
4.83684e-05
4.83002e-05
4.82898e-05
4.83062e-05
4.83371e-05
4.83472e-05
4.83241e-05
4.82667e-05
4.81658e-05
4.80451e-05
4.79696e-05
4.78787e-05
4.77812e-05
4.76913e-05
4.75401e-05
4.74177e-05
4.73753e-05
4.73828e-05
4.74055e-05
4.74628e-05
4.75614e-05
4.76495e-05
4.76467e-05
4.76384e-05
4.76052e-05
4.75883e-05
4.76069e-05
4.76099e-05
4.75557e-05
4.74568e-05
4.73332e-05
4.7184e-05
4.70015e-05
4.68299e-05
4.6665e-05
4.65167e-05
4.63792e-05
4.62404e-05
4.60598e-05
4.58619e-05
4.56966e-05
4.56152e-05
4.55262e-05
4.54279e-05
4.53352e-05
4.52726e-05
4.5262e-05
4.52498e-05
4.52115e-05
4.51978e-05
4.5183e-05
4.52016e-05
4.52316e-05
4.52385e-05
4.52297e-05
4.51842e-05
4.51387e-05
4.51102e-05
4.51269e-05
4.51668e-05
4.52422e-05
4.53249e-05
4.53789e-05
4.54523e-05
4.55393e-05
4.56183e-05
4.56757e-05
4.57101e-05
4.57054e-05
4.57091e-05
4.5722e-05
4.57761e-05
4.58572e-05
4.59728e-05
4.60995e-05
4.61905e-05
4.62669e-05
4.63898e-05
4.65594e-05
4.66875e-05
4.67528e-05
4.68487e-05
4.69598e-05
4.70828e-05
4.71729e-05
4.72656e-05
4.73945e-05
4.75591e-05
4.77361e-05
4.79237e-05
4.81304e-05
4.83166e-05
4.84838e-05
4.86206e-05
4.87477e-05
4.88855e-05
4.89953e-05
4.90783e-05
4.91614e-05
4.92532e-05
4.9325e-05
4.93682e-05
4.93786e-05
4.93944e-05
4.94223e-05
4.94778e-05
4.95491e-05
4.96254e-05
4.96912e-05
4.97616e-05
4.984e-05
4.99197e-05
5.00008e-05
5.00778e-05
5.01602e-05
5.02283e-05
5.02786e-05
5.03066e-05
5.03451e-05
5.0391e-05
5.0449e-05
5.05023e-05
5.05455e-05
5.05833e-05
5.06193e-05
5.06504e-05
5.06791e-05
5.06988e-05
5.07148e-05
5.07275e-05
5.07424e-05
5.0759e-05
5.0774e-05
5.07763e-05
5.07626e-05
5.07379e-05
5.06959e-05
5.06481e-05
5.05925e-05
5.05378e-05
5.04837e-05
5.04357e-05
5.04043e-05
5.03647e-05
5.03253e-05
5.02682e-05
5.01733e-05
5.00526e-05
4.98892e-05
4.96715e-05
4.93918e-05
4.90819e-05
4.87856e-05
4.84601e-05
4.81577e-05
4.78724e-05
4.76108e-05
4.73717e-05
4.71619e-05
4.69832e-05
4.68149e-05
4.66448e-05
4.64591e-05
4.6284e-05
4.61109e-05
4.594e-05
4.5754e-05
4.5555e-05
4.53466e-05
4.51474e-05
4.49579e-05
4.47546e-05
4.45378e-05
4.43321e-05
4.41826e-05
4.40373e-05
4.3886e-05
4.36853e-05
4.34814e-05
4.33801e-05
4.33747e-05
4.34117e-05
4.34016e-05
4.33599e-05
4.33259e-05
4.33049e-05
4.33106e-05
4.32613e-05
4.31778e-05
4.31155e-05
4.29916e-05
4.28694e-05
4.27877e-05
4.2834e-05
4.29401e-05
4.30747e-05
4.31929e-05
4.33094e-05
4.33891e-05
4.34256e-05
4.34204e-05
4.34714e-05
4.34601e-05
4.34452e-05
4.34465e-05
4.3514e-05
4.35969e-05
4.37191e-05
4.38811e-05
4.40224e-05
4.4136e-05
4.42728e-05
4.43991e-05
4.43389e-05
4.4352e-05
4.45788e-05
4.45415e-05
4.44712e-05
4.43793e-05
4.43254e-05
4.43219e-05
4.43542e-05
4.43816e-05
4.44013e-05
4.44303e-05
4.44946e-05
4.45957e-05
4.46814e-05
4.47452e-05
4.47679e-05
4.47726e-05
4.47459e-05
4.46898e-05
4.458e-05
4.44303e-05
4.42891e-05
4.41665e-05
4.40686e-05
4.39714e-05
4.38211e-05
4.36834e-05
4.36149e-05
4.34623e-05
4.33453e-05
4.32325e-05
4.31177e-05
4.2941e-05
4.27561e-05
4.24984e-05
4.22083e-05
4.20003e-05
4.1827e-05
4.16551e-05
4.14774e-05
4.1293e-05
4.11107e-05
4.10109e-05
4.09558e-05
4.09145e-05
4.08947e-05
4.0954e-05
4.09957e-05
4.10848e-05
4.12609e-05
4.14699e-05
4.14147e-05
4.14432e-05
4.13353e-05
4.10926e-05
4.07305e-05
4.03252e-05
4.0519e-05
3.99509e-05
3.94718e-05
3.91409e-05
3.89487e-05
3.88569e-05
3.87678e-05
3.88352e-05
3.90612e-05
3.92186e-05
3.92668e-05
3.92453e-05
3.91501e-05
3.89196e-05
3.86071e-05
3.83996e-05
3.81597e-05
3.80067e-05
3.79839e-05
3.79014e-05
3.77944e-05
3.78288e-05
3.79678e-05
3.7947e-05
3.78871e-05
3.7839e-05
3.77111e-05
3.75368e-05
3.7422e-05
3.74088e-05
3.73746e-05
3.73601e-05
3.7324e-05
3.72558e-05
3.72759e-05
3.72735e-05
3.73066e-05
3.74069e-05
3.75048e-05
3.75888e-05
3.76657e-05
3.76617e-05
3.76554e-05
3.76906e-05
3.77374e-05
3.77956e-05
3.78431e-05
3.79495e-05
3.81082e-05
3.82844e-05
3.84661e-05
3.85783e-05
3.87591e-05
3.89249e-05
3.89868e-05
3.91703e-05
3.94973e-05
3.95369e-05
3.95286e-05
3.94556e-05
3.93873e-05
3.93007e-05
3.92457e-05
3.92321e-05
3.92539e-05
3.93018e-05
3.94013e-05
3.95488e-05
3.96812e-05
3.98149e-05
3.99414e-05
3.99844e-05
4.00353e-05
4.00585e-05
4.00537e-05
4.01109e-05
4.02042e-05
4.02919e-05
4.04317e-05
4.05884e-05
4.06389e-05
4.06942e-05
4.06891e-05
4.06251e-05
4.07171e-05
4.05742e-05
4.0418e-05
4.03143e-05
4.02958e-05
4.03742e-05
4.05535e-05
4.07941e-05
4.08149e-05
4.09759e-05
4.10605e-05
4.10477e-05
4.09259e-05
4.07375e-05
4.05095e-05
4.05743e-05
4.03373e-05
4.01376e-05
4.00079e-05
3.99363e-05
3.98865e-05
3.98325e-05
3.97558e-05
3.96646e-05
3.95835e-05
3.95074e-05
3.94813e-05
3.94755e-05
3.94613e-05
3.94501e-05
3.94141e-05
3.93126e-05
3.92322e-05
3.91016e-05
3.91289e-05
3.89335e-05
3.87717e-05
3.86114e-05
3.84301e-05
3.83614e-05
3.83658e-05
3.83676e-05
3.8308e-05
3.80972e-05
3.76898e-05
3.70516e-05
3.62758e-05
3.53976e-05
3.44705e-05
3.38675e-05
3.30127e-05
3.24914e-05
3.20265e-05
3.16099e-05
3.11563e-05
3.0554e-05
2.9822e-05
2.87604e-05
2.72675e-05
2.54481e-05
2.32214e-05
2.06995e-05
1.79332e-05
1.50952e-05
1.21047e-05
9.01528e-06
5.78036e-06
2.49561e-06
-9.76905e-07
-4.71935e-06
-8.68575e-06
-1.27245e-05
-1.64862e-05
-2.02605e-05
-2.38921e-05
-2.7244e-05
-3.04093e-05
-3.34343e-05
-3.67345e-05
-4.04977e-05
-4.48751e-05
-4.99813e-05
-5.41058e-05
-5.86565e-05
-6.31168e-05
-6.72655e-05
-7.06389e-05
-7.29679e-05
-7.39915e-05
-7.36316e-05
-7.19263e-05
-6.8943e-05
-6.52477e-05
-6.11761e-05
-5.70634e-05
-5.17592e-05
-4.82324e-05
-4.37612e-05
-3.95729e-05
-3.57942e-05
-3.23036e-05
-2.91793e-05
-2.60345e-05
-2.29015e-05
-1.97097e-05
-1.6639e-05
-1.38327e-05
-1.128e-05
-8.98747e-06
-6.9602e-06
-5.10138e-06
-3.38562e-06
-1.92046e-06
-2.63316e-07
1.39114e-06
2.98985e-06
4.49184e-06
5.47413e-06
6.67594e-06
7.68938e-06
8.48395e-06
9.11095e-06
9.50486e-06
9.85964e-06
1.0206e-05
1.05021e-05
1.07991e-05
1.10806e-05
1.13095e-05
1.1456e-05
1.14963e-05
1.14225e-05
1.12635e-05
1.10469e-05
1.08053e-05
1.05719e-05
1.06518e-05
1.04862e-05
1.03555e-05
1.02399e-05
1.01376e-05
1.00142e-05
9.86425e-06
9.68682e-06
9.50112e-06
9.44295e-06
9.3022e-06
9.21296e-06
9.19084e-06
9.21745e-06
9.28112e-06
9.339e-06
9.37366e-06
9.32642e-06
9.1997e-06
8.95362e-06
8.59902e-06
8.11598e-06
7.53784e-06
6.84399e-06
6.07122e-06
5.22808e-06
4.35197e-06
3.44233e-06
2.51796e-06
1.66677e-06
7.03808e-07
-2.97708e-07
-1.3157e-06
-2.35505e-06
-3.33427e-06
-4.32606e-06
-5.33572e-06
-6.34881e-06
-7.26819e-06
-8.10013e-06
-8.90633e-06
-9.60669e-06
-1.02291e-05
-1.07716e-05
-1.12561e-05
-1.16659e-05
-1.20105e-05
-1.23253e-05
-1.25938e-05
-1.28227e-05
-1.3009e-05
-1.31545e-05
-1.32605e-05
-1.33246e-05
-1.33342e-05
-1.33187e-05
-1.32786e-05
-1.32144e-05
-1.31379e-05
-1.30472e-05
-1.29404e-05
-1.2836e-05
-1.27156e-05
-1.2585e-05
-1.24419e-05
-1.22769e-05
-1.20904e-05
-1.18889e-05
-1.16764e-05
-1.14564e-05
-1.13378e-05
-1.11284e-05
-1.0935e-05
-1.07666e-05
-1.06226e-05
-1.04995e-05
-1.03862e-05
-1.02947e-05
-1.02113e-05
-1.01317e-05
-1.00568e-05
-9.98168e-06
-9.90933e-06
-9.83949e-06
-9.77387e-06
-9.71718e-06
-9.67173e-06
-9.63901e-06
-9.61482e-06
-9.59964e-06
-9.58903e-06
-9.58258e-06
-9.57677e-06
-9.56343e-06
-9.55996e-06
-9.55864e-06
-9.56052e-06
-9.56854e-06
-9.57783e-06
-9.59e-06
-9.60492e-06
-9.6236e-06
-9.63619e-06
-9.65387e-06
-9.66385e-06
-9.67546e-06
-9.68765e-06
-9.70012e-06
-9.70764e-06
-9.71163e-06
-9.71067e-06
-9.70194e-06
-9.68683e-06
-9.66564e-06
-9.64033e-06
-9.6128e-06
-9.5835e-06
-9.55341e-06
-9.52287e-06
-9.49782e-06
-9.46543e-06
-9.42995e-06
-9.39137e-06
-9.35022e-06
-9.31176e-06
-9.26914e-06
-9.22667e-06
-9.18811e-06
-9.15453e-06
-9.12653e-06
-9.10257e-06
-9.08297e-06
-9.05656e-06
-9.02514e-06
-8.98794e-06
-8.94758e-06
-8.90738e-06
-8.87012e-06
-8.83586e-06
-8.80567e-06
-8.78294e-06
-8.76443e-06
-8.74653e-06
-8.72552e-06
-8.69804e-06
-8.66285e-06
-8.61883e-06
-8.56997e-06
-8.52053e-06
-8.47911e-06
-8.45346e-06
-8.43042e-06
-8.41178e-06
-8.39345e-06
-8.36828e-06
-8.33725e-06
-8.29544e-06
-8.23844e-06
-8.1841e-06
-8.13553e-06
-8.10644e-06
-8.11009e-06
-8.14743e-06
-8.2173e-06
-8.31616e-06
-8.3397e-06
-8.46638e-06
-8.59295e-06
-8.65719e-06
-8.8002e-06
-8.95492e-06
-9.16308e-06
-9.44026e-06
-9.81879e-06
-1.03306e-05
-1.09866e-05
-1.17773e-05
-1.27396e-05
-1.38489e-05
-1.51054e-05
-1.64819e-05
-1.79687e-05
-1.95524e-05
-2.11684e-05
-2.25514e-05
-2.41987e-05
-2.59988e-05
-2.79336e-05
-2.99959e-05
-3.21115e-05
-3.36935e-05
-3.55553e-05
-3.74736e-05
-3.94438e-05
-4.13783e-05
-4.37293e-05
-4.55375e-05
-4.73839e-05
-4.91151e-05
-5.08415e-05
-5.23673e-05
-5.37032e-05
-5.48365e-05
-5.56461e-05
-5.62347e-05
-5.64965e-05
-5.64641e-05
-5.61289e-05
-5.55493e-05
-5.46715e-05
-5.36355e-05
-5.24493e-05
-5.11143e-05
-4.97204e-05
-4.82054e-05
-4.67204e-05
-4.51342e-05
-4.35676e-05
-4.19499e-05
-4.03553e-05
-3.87532e-05
-3.72256e-05
-3.57818e-05
-3.43873e-05
-3.30883e-05
-3.19164e-05
-3.0791e-05
-2.97432e-05
-2.87605e-05
-2.78527e-05
-2.70183e-05
-2.62336e-05
-2.5499e-05
-2.48589e-05
-2.42955e-05
-2.38212e-05
-2.34026e-05
-2.30427e-05
-2.27391e-05
-2.24767e-05
-2.22451e-05
-2.2042e-05
-2.18661e-05
-2.17162e-05
-2.1597e-05
-2.15069e-05
-2.14368e-05
-2.13795e-05
-2.13343e-05
-2.12833e-05
-2.12554e-05
-2.12228e-05
-2.11877e-05
-2.11521e-05
-2.11098e-05
-2.10734e-05
-2.10188e-05
-2.09608e-05
-2.09134e-05
-2.08644e-05
-2.07801e-05
-2.07151e-05
-2.05983e-05
-2.04946e-05
-2.03721e-05
-2.02388e-05
-2.01069e-05
-1.99677e-05
-1.98143e-05
-1.96457e-05
-1.94732e-05
-1.92905e-05
-1.91046e-05
-1.89063e-05
-1.87024e-05
-1.8491e-05
-1.8278e-05
-1.80569e-05
-1.78244e-05
-1.75894e-05
-1.7351e-05
-1.71082e-05
-1.68606e-05
-1.6612e-05
-1.63715e-05
-1.61253e-05
-1.58793e-05
-1.56368e-05
-1.5405e-05
-1.51698e-05
-1.49353e-05
-1.47002e-05
-1.44653e-05
-1.42216e-05
-1.3975e-05
-1.37239e-05
-1.34838e-05
-1.32354e-05
-1.29867e-05
-1.27463e-05
-1.25105e-05
-1.22785e-05
-1.20504e-05
-1.18127e-05
-1.15771e-05
-1.13403e-05
-1.11054e-05
-1.08602e-05
-1.0609e-05
-1.0363e-05
-1.0122e-05
-9.88349e-06
-9.64391e-06
-9.40269e-06
-9.15451e-06
-8.898e-06
-8.64675e-06
-8.37495e-06
-8.09823e-06
-7.81984e-06
-7.56014e-06
-7.31268e-06
-7.08383e-06
-6.87537e-06
-6.68415e-06
-6.45189e-06
-6.22239e-06
-5.99368e-06
-5.83125e-06
-5.59013e-06
-5.38796e-06
-5.16098e-06
-4.92171e-06
-4.68276e-06
-4.44408e-06
-4.21091e-06
-3.98538e-06
-3.76869e-06
-3.55584e-06
-3.35101e-06
-3.09664e-06
-2.90268e-06
-2.70017e-06
-2.50227e-06
-2.24113e-06
-2.03766e-06
-1.82881e-06
-1.62466e-06
-1.35868e-06
-1.16883e-06
-9.23087e-07
-7.11936e-07
-5.34711e-07
-4.48539e-07
-3.79106e-07
-3.09984e-07
-1.93465e-07
-1.27499e-07
2.35334e-08
1.91586e-07
4.78908e-07
7.69596e-07
1.16392e-06
1.61817e-06
2.14649e-06
2.82686e-06
3.58563e-06
4.37856e-06
4.89109e-06
5.68874e-06
6.45605e-06
7.19091e-06
7.91983e-06
8.53159e-06
9.23524e-06
9.92089e-06
1.05978e-05
1.12828e-05
1.19643e-05
1.26356e-05
1.3297e-05
1.39372e-05
1.45597e-05
1.51801e-05
1.57852e-05
1.6378e-05
1.69543e-05
1.75251e-05
1.81067e-05
1.86759e-05
1.92326e-05
1.97754e-05
2.03013e-05
2.08126e-05
2.12895e-05
2.17535e-05
2.22146e-05
2.26567e-05
2.30913e-05
2.35142e-05
2.3924e-05
2.43289e-05
2.47364e-05
2.51399e-05
2.55382e-05
2.59203e-05
2.62866e-05
2.66456e-05
2.69968e-05
2.73476e-05
2.76916e-05
2.80236e-05
2.83648e-05
2.87132e-05
2.90618e-05
2.94003e-05
2.97229e-05
3.00438e-05
3.03688e-05
3.06959e-05
3.10182e-05
3.13278e-05
3.16223e-05
3.19127e-05
3.21936e-05
3.24656e-05
3.27239e-05
3.29768e-05
3.32272e-05
3.34834e-05
3.3741e-05
3.40066e-05
3.42774e-05
3.45518e-05
3.48272e-05
3.51024e-05
3.53749e-05
3.56381e-05
3.58952e-05
3.61579e-05
3.64175e-05
3.66783e-05
3.69437e-05
3.72095e-05
3.74789e-05
3.77437e-05
3.80071e-05
3.82622e-05
3.85133e-05
3.87544e-05
3.89817e-05
3.91893e-05
3.93874e-05
3.9576e-05
3.97517e-05
3.99144e-05
4.00596e-05
4.0186e-05
4.02848e-05
4.03661e-05
4.04215e-05
4.04573e-05
4.04664e-05
4.0451e-05
4.04118e-05
4.03566e-05
4.03569e-05
4.02772e-05
4.01912e-05
4.01002e-05
4.00016e-05
3.99029e-05
3.9797e-05
3.96839e-05
3.95615e-05
3.94307e-05
3.92851e-05
3.91279e-05
3.89603e-05
3.87878e-05
3.86076e-05
3.84254e-05
3.82427e-05
3.80585e-05
3.78743e-05
3.76923e-05
3.7503e-05
3.73145e-05
3.71224e-05
3.69237e-05
3.67159e-05
3.65057e-05
3.62979e-05
3.60909e-05
3.58812e-05
3.56715e-05
3.54684e-05
3.52747e-05
3.5086e-05
3.49024e-05
3.47202e-05
3.45372e-05
3.4348e-05
3.41534e-05
3.39458e-05
3.37257e-05
3.34966e-05
3.32597e-05
3.30158e-05
3.27754e-05
3.25337e-05
3.22902e-05
3.20413e-05
3.1784e-05
3.1509e-05
3.1216e-05
3.08977e-05
3.05847e-05
3.02462e-05
2.98883e-05
2.95249e-05
2.91634e-05
2.87904e-05
2.84277e-05
2.80676e-05
2.77111e-05
2.73714e-05
2.70339e-05
2.66956e-05
2.63514e-05
2.59936e-05
2.56391e-05
2.52755e-05
2.49097e-05
2.45473e-05
2.42312e-05
2.38546e-05
2.34975e-05
2.31396e-05
2.27634e-05
2.23825e-05
2.19973e-05
2.15625e-05
2.10775e-05
2.05339e-05
1.99437e-05
1.93239e-05
1.86623e-05
1.79707e-05
1.72335e-05
1.6447e-05
1.56427e-05
1.48277e-05
1.39802e-05
1.31197e-05
1.22623e-05
1.14185e-05
1.05799e-05
9.75906e-06
8.97342e-06
8.21745e-06
7.5133e-06
6.86745e-06
6.26415e-06
5.72425e-06
5.26185e-06
4.89211e-06
4.61918e-06
4.45672e-06
4.40754e-06
4.4776e-06
4.67624e-06
4.95781e-06
5.31489e-06
5.80548e-06
6.35034e-06
6.97788e-06
7.64118e-06
8.33715e-06
9.06602e-06
9.82277e-06
1.06005e-05
1.14064e-05
1.2237e-05
1.30049e-05
1.38323e-05
1.46779e-05
1.55061e-05
1.62828e-05
1.70281e-05
1.7745e-05
1.8388e-05
1.89926e-05
1.95509e-05
2.00913e-05
2.06215e-05
2.11306e-05
2.16407e-05
2.21389e-05
2.26265e-05
2.30978e-05
2.33943e-05
2.38151e-05
2.41978e-05
2.45438e-05
2.48544e-05
2.51405e-05
2.53832e-05
2.55984e-05
2.57885e-05
2.59581e-05
2.61094e-05
2.62489e-05
2.63773e-05
2.65043e-05
2.66293e-05
2.67495e-05
2.68601e-05
2.69624e-05
2.70616e-05
2.71676e-05
2.72838e-05
2.74033e-05
2.75268e-05
2.7655e-05
2.77841e-05
2.79064e-05
2.80257e-05
2.81425e-05
2.82565e-05
2.83686e-05
2.84812e-05
2.85937e-05
2.87088e-05
2.88279e-05
2.89462e-05
2.90624e-05
2.91721e-05
2.92709e-05
2.93615e-05
2.94441e-05
2.95133e-05
2.95683e-05
2.96051e-05
2.96274e-05
2.96415e-05
2.96473e-05
2.966e-05
2.96763e-05
2.96977e-05
2.97228e-05
2.97472e-05
2.97606e-05
2.97663e-05
2.97544e-05
2.97225e-05
2.96701e-05
2.96011e-05
2.95216e-05
2.95618e-05
2.94845e-05
2.94192e-05
2.93701e-05
2.93369e-05
2.93173e-05
2.93077e-05
2.93022e-05
2.92953e-05
2.92832e-05
2.92649e-05
2.92416e-05
2.92166e-05
2.91929e-05
2.91732e-05
2.91578e-05
2.91451e-05
2.91338e-05
2.9118e-05
2.90954e-05
2.90653e-05
2.90283e-05
2.89881e-05
2.89502e-05
2.89201e-05
2.8902e-05
2.88987e-05
2.89104e-05
2.89335e-05
2.89629e-05
2.88762e-05
2.88974e-05
2.89072e-05
2.89024e-05
2.88819e-05
2.88471e-05
2.88024e-05
2.87514e-05
2.86974e-05
2.86429e-05
2.85892e-05
2.85338e-05
2.8479e-05
2.84256e-05
2.83737e-05
2.83259e-05
2.82844e-05
2.82505e-05
2.82236e-05
2.82043e-05
2.8197e-05
2.81881e-05
2.81851e-05
2.81868e-05
2.82047e-05
2.82365e-05
2.82919e-05
2.83847e-05
2.85187e-05
2.86918e-05
2.89133e-05
2.91719e-05
2.94627e-05
2.95134e-05
2.98133e-05
3.00937e-05
3.03459e-05
3.0557e-05
3.07282e-05
3.08673e-05
3.09848e-05
3.1093e-05
3.12035e-05
3.13223e-05
3.14678e-05
3.16354e-05
3.18131e-05
3.19915e-05
3.21649e-05
3.23236e-05
3.24657e-05
3.25952e-05
3.27192e-05
3.28444e-05
3.29782e-05
3.31357e-05
3.33157e-05
3.35042e-05
3.37002e-05
3.39055e-05
3.41054e-05
3.42899e-05
3.44564e-05
3.46092e-05
3.47545e-05
3.49029e-05
3.50651e-05
3.52465e-05
3.54579e-05
3.56866e-05
3.59334e-05
3.61866e-05
3.64352e-05
3.66736e-05
3.68953e-05
3.70948e-05
3.72997e-05
3.7525e-05
3.77735e-05
3.80542e-05
3.83712e-05
3.87309e-05
3.91182e-05
3.95214e-05
3.98029e-05
4.00624e-05
4.04251e-05
4.07565e-05
4.10616e-05
4.13438e-05
4.16306e-05
4.19298e-05
4.22416e-05
4.25785e-05
4.29273e-05
4.33014e-05
4.35536e-05
4.38406e-05
4.41341e-05
4.44856e-05
4.47608e-05
4.50298e-05
4.53119e-05
4.55691e-05
4.58307e-05
4.60859e-05
4.63482e-05
4.6592e-05
4.683e-05
4.70846e-05
4.74599e-05
4.78597e-05
4.81814e-05
4.86821e-05
4.92087e-05
4.96233e-05
5.00566e-05
5.04342e-05
5.07543e-05
5.11077e-05
5.13554e-05
5.1513e-05
5.19336e-05
5.19834e-05
5.20283e-05
5.21e-05
5.22409e-05
5.24539e-05
5.26776e-05
5.30436e-05
5.33581e-05
5.36676e-05
5.39336e-05
5.41503e-05
5.43674e-05
5.44594e-05
5.45882e-05
5.4592e-05
5.45694e-05
5.45293e-05
5.44468e-05
5.43376e-05
5.42117e-05
5.41054e-05
5.39148e-05
5.37654e-05
5.35188e-05
5.32325e-05
5.2991e-05
5.26864e-05
5.22601e-05
5.18895e-05
5.14531e-05
5.10028e-05
5.05264e-05
5.00261e-05
4.95065e-05
4.89026e-05
4.84181e-05
4.79895e-05
4.76241e-05
4.73477e-05
4.71565e-05
4.66066e-05
4.64617e-05
4.63321e-05
4.62025e-05
4.60646e-05
4.59241e-05
4.57855e-05
4.56482e-05
4.55676e-05
4.55253e-05
4.55312e-05
4.55857e-05
4.56807e-05
4.58058e-05
4.59448e-05
4.60905e-05
4.62282e-05
4.63597e-05
4.64838e-05
4.66023e-05
4.67586e-05
4.68807e-05
4.70144e-05
4.71477e-05
4.72752e-05
4.74187e-05
4.75134e-05
4.7589e-05
4.76441e-05
4.76973e-05
4.77298e-05
4.77545e-05
4.77728e-05
4.7789e-05
4.78031e-05
4.78126e-05
4.78112e-05
4.77959e-05
4.77859e-05
4.77569e-05
4.7684e-05
4.76034e-05
4.75178e-05
4.74272e-05
4.73426e-05
4.72648e-05
4.71136e-05
4.69053e-05
4.67008e-05
4.64066e-05
4.6029e-05
4.55955e-05
4.51109e-05
4.46053e-05
4.40894e-05
4.34787e-05
4.30596e-05
4.26776e-05
4.23386e-05
4.18858e-05
4.14419e-05
4.09875e-05
4.04941e-05
4.01024e-05
3.94976e-05
3.90043e-05
3.84775e-05
3.77697e-05
3.72385e-05
3.64664e-05
3.59461e-05
3.50532e-05
3.4045e-05
3.28793e-05
3.18787e-05
3.0721e-05
2.94372e-05
2.7659e-05
2.62517e-05
2.47844e-05
2.33378e-05
2.19295e-05
2.05716e-05
1.90218e-05
1.79303e-05
1.69277e-05
1.6019e-05
1.51602e-05
1.43484e-05
1.338e-05
1.24769e-05
1.19376e-05
1.11303e-05
1.03795e-05
9.91764e-06
9.42626e-06
8.75172e-06
8.08318e-06
7.41797e-06
6.92764e-06
6.17878e-06
5.60303e-06
5.02859e-06
4.2807e-06
3.74738e-06
3.24101e-06
2.63385e-06
2.09926e-06
1.64938e-06
1.25122e-06
8.7171e-07
5.05951e-07
1.7947e-07
-2.07301e-07
-6.51844e-07
-1.12144e-06
-1.61635e-06
-2.12411e-06
-2.45956e-06
-2.92404e-06
-3.34445e-06
-3.72366e-06
-4.0746e-06
-4.41369e-06
-4.58229e-06
-5.02342e-06
-5.54697e-06
-6.1844e-06
-6.93816e-06
-7.80138e-06
-8.53384e-06
-9.08198e-06
-1.01203e-05
-1.11233e-05
-1.17954e-05
-1.26848e-05
-1.35039e-05
-1.42905e-05
-1.50635e-05
-1.58442e-05
-1.66393e-05
-1.75231e-05
-1.85066e-05
-1.92241e-05
-2.03729e-05
-2.12378e-05
-2.24579e-05
-2.36797e-05
-2.47757e-05
-2.54727e-05
-2.6545e-05
-2.75324e-05
-2.84418e-05
-2.89734e-05
-2.97572e-05
-3.04883e-05
-3.11935e-05
-3.18764e-05
-3.25572e-05
-3.32277e-05
-3.39172e-05
-3.46407e-05
-3.53671e-05
-3.58212e-05
-3.65376e-05
-3.72159e-05
-3.78549e-05
-3.84613e-05
-3.90309e-05
-3.95651e-05
-4.00698e-05
-4.05556e-05
-4.10441e-05
-4.15327e-05
-4.20065e-05
-4.24837e-05
-4.29555e-05
-4.3415e-05
-4.38839e-05
-4.43603e-05
-4.48427e-05
-4.53484e-05
-4.5894e-05
-4.64825e-05
-4.71207e-05
-4.77548e-05
-4.83854e-05
-4.90222e-05
-4.95506e-05
-4.99897e-05
-5.03697e-05
-5.06961e-05
-5.09578e-05
-5.11486e-05
-5.12668e-05
-5.13202e-05
-5.1294e-05
-5.12183e-05
-5.11756e-05
-5.10328e-05
-5.08713e-05
-5.07412e-05
-5.06388e-05
-5.05791e-05
-5.0549e-05
-5.05499e-05
-5.05556e-05
-5.05473e-05
-5.04933e-05
-5.03851e-05
-5.0206e-05
-4.99622e-05
-4.96689e-05
-4.93637e-05
-4.95587e-05
-4.9351e-05
-4.92221e-05
-4.91989e-05
-4.9206e-05
-4.9283e-05
-4.9363e-05
-4.93994e-05
-4.93475e-05
-4.93078e-05
-4.90867e-05
-4.87656e-05
-4.83606e-05
-4.78867e-05
-4.73702e-05
-4.66983e-05
-4.59384e-05
-4.50572e-05
-4.39919e-05
-4.26622e-05
-4.11893e-05
-3.94955e-05
-3.75274e-05
-3.60917e-05
-3.4497e-05
-3.23409e-05
-3.03541e-05
-2.848e-05
-2.67403e-05
-2.51374e-05
-2.42338e-05
-2.27871e-05
-2.13723e-05
-1.99609e-05
-1.85395e-05
-1.71195e-05
-1.61299e-05
-1.47886e-05
-1.38977e-05
-1.2767e-05
-1.18037e-05
-1.1003e-05
-1.03425e-05
-9.7999e-06
-9.34623e-06
-8.90966e-06
-8.50377e-06
-8.08554e-06
-7.64625e-06
-7.15263e-06
-6.70426e-06
-6.2766e-06
-5.99556e-06
-5.75039e-06
-5.49046e-06
-5.30287e-06
-5.17385e-06
-5.08233e-06
-5.00543e-06
-4.97148e-06
-4.85516e-06
-4.70216e-06
-4.5238e-06
-4.32411e-06
-4.10986e-06
-3.98831e-06
-3.89973e-06
-3.89554e-06
-3.96557e-06
-4.16933e-06
-4.37113e-06
-4.59074e-06
-5.03459e-06
-5.5277e-06
-6.0623e-06
-6.56632e-06
-7.10467e-06
-7.64497e-06
-8.17165e-06
-8.71544e-06
-9.08086e-06
-9.69396e-06
-1.03233e-05
-1.09843e-05
-1.15419e-05
-1.21693e-05
-1.25851e-05
-1.31677e-05
-1.37132e-05
-1.42405e-05
-1.47602e-05
-1.52809e-05
-1.58173e-05
-1.63236e-05
-1.68542e-05
-1.73702e-05
-1.78342e-05
-1.82984e-05
-1.87277e-05
-1.91146e-05
-1.94849e-05
-1.97852e-05
-2.00463e-05
-2.03097e-05
-2.05195e-05
-2.06856e-05
-2.07599e-05
-2.08203e-05
-2.08011e-05
-2.07289e-05
-2.06334e-05
-2.04617e-05
-2.02798e-05
-2.01322e-05
-2.00377e-05
-1.99673e-05
-1.98123e-05
-1.9631e-05
-1.94168e-05
-1.9126e-05
-1.89077e-05
-1.85922e-05
-1.83032e-05
-1.8095e-05
-1.80167e-05
-1.80627e-05
-1.82161e-05
-1.84422e-05
-1.86186e-05
-1.87074e-05
-1.84911e-05
-1.80358e-05
-1.74889e-05
-1.68957e-05
-1.56951e-05
-1.40339e-05
-1.19183e-05
-9.44776e-06
-7.61229e-06
-4.56073e-06
-1.40025e-06
1.79314e-06
4.86935e-06
6.9056e-06
8.98955e-06
1.17576e-05
1.42379e-05
1.64176e-05
1.76813e-05
1.92796e-05
2.05434e-05
2.14752e-05
2.22663e-05
2.29268e-05
2.34271e-05
2.3825e-05
2.41094e-05
2.43033e-05
2.4374e-05
2.43179e-05
2.41403e-05
2.38209e-05
2.35464e-05
2.30139e-05
2.2381e-05
2.16473e-05
2.11313e-05
2.02568e-05
1.93357e-05
1.83831e-05
1.74281e-05
1.64658e-05
1.5518e-05
1.4579e-05
1.3671e-05
1.27997e-05
1.23093e-05
1.1412e-05
1.05288e-05
9.7123e-06
8.90056e-06
8.15598e-06
7.50739e-06
7.182e-06
6.97007e-06
6.83487e-06
6.73977e-06
6.72416e-06
6.78784e-06
6.99774e-06
7.32734e-06
7.97459e-06
8.96494e-06
9.94097e-06
1.19524e-05
1.4663e-05
1.74515e-05
2.07537e-05
2.4525e-05
2.86855e-05
3.32187e-05
3.76293e-05
4.21308e-05
4.6285e-05
4.99296e-05
5.30496e-05
5.54216e-05
5.70804e-05
5.83862e-05
5.962e-05
6.041e-05
6.08472e-05
6.09511e-05
6.0988e-05
6.09145e-05
6.06155e-05
6.02548e-05
5.98039e-05
5.91203e-05
5.85554e-05
5.79837e-05
5.74519e-05
5.67129e-05
5.60154e-05
5.5282e-05
5.45848e-05
5.38845e-05
5.33153e-05
5.26309e-05
5.19095e-05
5.11745e-05
5.04943e-05
4.99578e-05
4.91283e-05
4.86614e-05
4.84523e-05
4.82982e-05
4.80611e-05
4.78064e-05
4.74945e-05
4.72012e-05
4.68278e-05
4.6404e-05
4.59646e-05
4.55634e-05
4.52273e-05
4.49666e-05
4.47594e-05
4.44951e-05
4.42161e-05
4.39539e-05
4.36008e-05
4.31335e-05
4.25564e-05
4.19244e-05
4.12259e-05
4.08907e-05
4.03165e-05
3.98018e-05
3.94105e-05
3.90988e-05
3.89347e-05
3.87858e-05
3.86475e-05
3.84455e-05
3.80851e-05
3.75163e-05
3.66868e-05
3.58385e-05
3.47289e-05
3.33832e-05
3.18628e-05
3.02131e-05
2.84728e-05
2.62446e-05
2.45748e-05
2.29834e-05
2.15016e-05
1.95527e-05
1.76705e-05
1.63383e-05
1.43672e-05
1.28603e-05
1.06058e-05
8.73561e-06
6.63607e-06
4.37523e-06
2.19799e-06
-9.25021e-08
-2.39111e-06
-4.53333e-06
-6.53641e-06
-8.32036e-06
-1.00002e-05
-1.15749e-05
-1.35525e-05
-1.50842e-05
-1.66962e-05
-1.83758e-05
-2.01364e-05
-2.18659e-05
-2.36963e-05
-2.55015e-05
-2.7294e-05
-2.9013e-05
-3.07063e-05
-3.23478e-05
-3.39658e-05
-3.55949e-05
-3.71443e-05
-3.88098e-05
-4.05184e-05
-4.22139e-05
-4.3882e-05
-4.55111e-05
-4.71088e-05
-4.86591e-05
-5.01548e-05
-5.16243e-05
-5.3027e-05
-5.4471e-05
-5.59023e-05
-5.73497e-05
-5.8801e-05
-6.02028e-05
-6.18572e-05
-6.29902e-05
-6.4067e-05
-6.4996e-05
-6.6069e-05
-6.69624e-05
-6.77217e-05
-6.84258e-05
-6.91446e-05
-6.99118e-05
-7.07333e-05
-7.16636e-05
-7.2697e-05
-7.36164e-05
-7.46917e-05
-7.58691e-05
-7.71966e-05
-7.86684e-05
-8.03547e-05
-8.22057e-05
-8.43171e-05
-8.6719e-05
-8.93209e-05
-9.22233e-05
-9.53401e-05
-9.85183e-05
-0.000101787
-0.000105113
-0.000108374
-0.000111611
-0.000115835
-0.000119014
-0.000123486
-0.000126991
-0.000130862
-0.000134809
-0.000139051
-0.000143301
-0.000147564
-0.000151807
-0.00015605
-0.000160289
-0.000164351
-0.000168362
-0.000172512
-0.000176546
-0.000180659
-0.000184434
-0.000188446
-0.000192254
-0.000195873
-0.000199167
-0.000202318
-0.000205307
-0.000208112
-0.000210765
-0.000213384
-0.000215787
-0.000218204
-0.000220592
-0.000222908
-0.000225011
-0.000226976
-0.000228869
-0.000230584
-0.000232086
-0.000233552
-0.000234932
-0.000236277
-0.00023751
-0.000238692
-0.000239814
-0.000240829
-0.000241769
-0.000242402
-0.000243012
-0.000243483
-0.000243731
-0.000243819
-0.000243785
-0.000243737
-0.000243734
-0.000243576
-0.000243324
-0.000242969
-0.000242486
-0.000241864
-0.000241104
-0.0002403
-0.000239476
-0.000238498
-0.000237388
-0.000236221
-0.000235019
-0.000233806
-0.000232606
-0.000231448
-0.000230291
-0.000229148
-0.00022801
-0.000226924
-0.000225805
-0.000224635
-0.000223446
-0.000222296
-0.000221171
-0.000220049
-0.000218889
-0.000217705
-0.000216505
-0.000215216
-0.000213901
-0.000212526
-0.00021109
-0.000209743
-0.000208336
-0.000206964
-0.000205618
-0.000204241
-0.000202826
-0.000201373
-0.000199967
-0.000198392
-0.000196744
-0.00019511
-0.000193534
-0.000192016
-0.000190418
-0.000188838
-0.000187339
-0.000185848
-0.000184364
-0.000182873
-0.000181385
-0.00017991
-0.000178416
-0.000176847
-0.000175294
-0.000173664
-0.000172037
-0.00017041
-0.000168763
-0.000167153
-0.000165557
-0.000163987
-0.000162449
-0.000160911
-0.000159388
-0.000157892
-0.000156521
-0.000155205
-0.000153965
-0.000152843
-0.000151817
-0.0001507
-0.000149782
-0.000148829
-0.000147883
-0.000146798
-0.000145535
-0.000144017
-0.000142231
-0.000140142
-0.0001378
-0.000135211
-0.000132293
-0.000129377
-0.00012591
-0.000122484
-0.000118985
-0.000115272
-0.000111469
-0.000108085
-0.000104394
-0.000100893
-9.75304e-05
-9.41891e-05
-9.09463e-05
-8.76142e-05
-8.42578e-05
-8.08571e-05
-7.73581e-05
-7.37376e-05
-7.04146e-05
-6.68008e-05
-6.36741e-05
-6.01447e-05
-5.68972e-05
-5.38514e-05
-5.10026e-05
-4.82894e-05
-4.60274e-05
-4.37908e-05
-4.16069e-05
-3.96424e-05
-3.77528e-05
-3.60081e-05
-3.42926e-05
-3.26433e-05
-3.11782e-05
-2.96286e-05
-2.81516e-05
-2.67608e-05
-2.5454e-05
-2.42028e-05
-2.29423e-05
-2.1698e-05
-2.05028e-05
-1.9255e-05
-1.79142e-05
-1.65044e-05
-1.51054e-05
-1.3725e-05
-1.22355e-05
-1.07592e-05
-9.26853e-06
-7.85447e-06
-6.4362e-06
-4.96725e-06
-3.55217e-06
-2.17166e-06
-7.93356e-07
5.75882e-07
1.93665e-06
3.18792e-06
4.4656e-06
5.72707e-06
6.9527e-06
8.21959e-06
9.3711e-06
1.05154e-05
1.16192e-05
1.27372e-05
1.38463e-05
1.49271e-05
1.59681e-05
1.69757e-05
1.79034e-05
1.88309e-05
1.97235e-05
2.0567e-05
2.13467e-05
2.20806e-05
2.2786e-05
2.34539e-05
2.40959e-05
2.46949e-05
2.52784e-05
2.58607e-05
2.64373e-05
2.70103e-05
2.75577e-05
2.81073e-05
2.86699e-05
2.91881e-05
2.96661e-05
3.00379e-05
3.03564e-05
3.06034e-05
3.08063e-05
3.12093e-05
3.13613e-05
3.14434e-05
3.15226e-05
3.16126e-05
3.17291e-05
3.18884e-05
3.21187e-05
3.23939e-05
3.26946e-05
3.28863e-05
3.3168e-05
3.33695e-05
3.36434e-05
3.38847e-05
3.40981e-05
3.42831e-05
3.44336e-05
3.45482e-05
3.4618e-05
3.46676e-05
3.46355e-05
3.4622e-05
3.45506e-05
3.44709e-05
3.43732e-05
3.42776e-05
3.41738e-05
3.41128e-05
3.40174e-05
3.39531e-05
3.38483e-05
3.37352e-05
3.36055e-05
3.35135e-05
3.3346e-05
3.31821e-05
3.29534e-05
3.27399e-05
3.25306e-05
3.23067e-05
3.20736e-05
3.18228e-05
3.1559e-05
3.13313e-05
3.10866e-05
3.08213e-05
3.05584e-05
3.03003e-05
3.00971e-05
2.99021e-05
2.97101e-05
2.94954e-05
2.92726e-05
2.9059e-05
2.88003e-05
2.85768e-05
2.82297e-05
2.7851e-05
2.73847e-05
2.68435e-05
2.62476e-05
2.55769e-05
2.48544e-05
2.40926e-05
2.33566e-05
2.26274e-05
2.20365e-05
2.13374e-05
2.05925e-05
1.98119e-05
1.90717e-05
1.82076e-05
1.73008e-05
1.63437e-05
1.52952e-05
1.42597e-05
1.31211e-05
1.19635e-05
1.06635e-05
9.25169e-06
7.72277e-06
6.11003e-06
4.52361e-06
2.62885e-06
5.80326e-07
-1.66152e-06
-3.96984e-06
-6.25714e-06
-8.54022e-06
-1.08305e-05
-1.30996e-05
-1.5337e-05
-1.76317e-05
-1.9898e-05
-2.21821e-05
-2.44881e-05
-2.69601e-05
-2.97676e-05
-3.28578e-05
-3.61769e-05
-3.89144e-05
-4.1914e-05
-4.50964e-05
-4.95701e-05
-5.29233e-05
-5.7251e-05
-6.12097e-05
-6.36202e-05
-6.67553e-05
-6.91339e-05
-7.12109e-05
-7.22198e-05
-7.42343e-05
-7.62577e-05
-7.87228e-05
-8.1899e-05
-8.5065e-05
-8.80168e-05
-9.14844e-05
-9.52505e-05
-9.91822e-05
-0.000103411
-0.000107533
-0.000112738
-0.000116678
-0.00012119
-0.000125597
-0.000130016
-0.000134469
-0.000140177
-0.000144292
-0.000148926
-0.000153492
-0.000158226
-0.00016303
-0.000168069
-0.000173247
-0.000178345
-0.000182672
-0.000186439
-0.000190114
-0.000192636
-0.000194094
-0.000194584
-0.000194334
-0.000194581
-0.000193812
-0.000193983
-0.0001952
-0.000199066
-0.00020529
-0.000211507
-0.000216356
-0.000220935
-0.000226087
-0.000232055
-0.000236821
-0.000240136
-0.000243166
-0.00024609
-0.000247731
-0.000249583
-0.0002519
-0.000254852
-0.000259907
-0.000265962
-0.000273055
-0.000280978
-0.000287746
-0.00029562
-0.000303248
-0.000310661
-0.000317424
-0.000323921
-0.000330517
-0.000336992
-0.000343092
-0.000349225
-0.000355154
-0.000360678
-0.000366133
-0.000370604
-0.000374651
-0.000378195
-0.000381078
-0.000383698
-0.000385656
-0.000387343
-0.000388278
-0.000389687
-0.000390464
-0.000390935
-0.000390932
-0.000388764
-0.00038763
-0.000385798
-0.000384222
-0.000381525
-0.000379633
-0.00037773
-0.000375339
-0.000372838
-0.000370194
-0.000367751
-0.000364287
-0.000360369
-0.000356252
-0.000352691
-0.000348213
-0.000344961
-0.000341021
-0.000336592
-0.000332983
-0.000329529
-0.000326198
-0.000322815
-0.000319497
-0.00031516
-0.000311073
-0.000306741
-0.000302491
-0.000298184
-0.000294212
-0.000290408
-0.000286616
-0.000283011
-0.000279453
-0.000275814
-0.00027212
-0.000268135
-0.000263973
-0.000259627
-0.000255294
-0.00025094
-0.000246703
-0.000242883
-0.00023887
-0.000234773
-0.000230546
-0.00022608
-0.00022125
-0.000216007
-0.000210449
-0.000204831
-0.000199165
-0.000193603
-0.000188582
-0.000183801
-0.00017935
-0.000174672
-0.0001696
-0.000163577
-0.000156476
-0.000148017
-0.000138222
-0.000127347
-0.000115788
-0.000112115
-0.000101964
-9.02656e-05
-7.95323e-05
-6.95932e-05
-6.09269e-05
-5.24612e-05
-4.44836e-05
-3.50212e-05
-3.1561e-05
-2.35495e-05
-1.51257e-05
-6.72095e-06
4.04907e-06
1.1819e-05
2.23913e-05
3.26534e-05
4.01866e-05
4.84166e-05
5.58333e-05
6.35859e-05
7.12971e-05
7.82813e-05
8.55192e-05
9.31707e-05
0.000100846
0.000108939
0.000117484
0.000124305
0.0001324
0.000141246
0.000150627
0.000160394
0.000170213
0.000180039
0.000189451
0.000198572
0.000207163
0.000215386
0.000223122
0.000230349
0.000237205
0.000243742
0.00024966
0.000255004
0.000259801
0.000264923
0.000268294
0.000272007
0.000274245
0.000276197
0.00027769
0.000278875
0.000279649
0.000280182
0.000280415
0.00028012
0.00027928
0.000277999
0.000275982
0.000273346
0.000270298
0.000266987
0.000263396
0.000259605
0.000255671
0.000251609
0.000247716
0.000243521
0.000239459
0.000235014
0.000231274
0.000227115
0.000222539
0.00021827
0.000214095
0.000209893
0.0002055
0.000200994
0.000196142
0.000191434
0.000186734
0.00018192
0.000177126
0.000172484
0.000167651
0.000162977
0.000158169
0.000153508
0.000148701
0.0001441
0.000139547
0.000135457
0.000131268
0.000127414
0.000123031
0.000119689
0.000116534
0.00011332
0.000109697
0.000105559
0.00010107
9.69336e-05
9.20207e-05
8.72474e-05
8.19688e-05
7.66163e-05
7.13059e-05
6.62504e-05
6.08645e-05
5.59666e-05
5.13306e-05
4.71198e-05
4.25669e-05
3.79535e-05
3.33636e-05
2.86365e-05
2.40137e-05
1.93959e-05
1.56066e-05
1.14737e-05
7.74367e-06
4.46812e-06
1.48888e-06
-1.29208e-06
-3.95144e-06
-6.34953e-06
-8.7046e-06
-1.0924e-05
-1.31615e-05
-1.5306e-05
-1.72765e-05
-1.90396e-05
-2.05785e-05
-2.20287e-05
-2.33203e-05
-2.46932e-05
-2.59471e-05
-2.7235e-05
-2.87374e-05
-3.00787e-05
-3.14993e-05
-3.28448e-05
-3.40891e-05
-3.52318e-05
-3.62076e-05
-3.69977e-05
-3.77593e-05
-3.81901e-05
-3.84608e-05
-3.85722e-05
-3.85625e-05
-3.84279e-05
-3.81249e-05
-3.75959e-05
-3.68392e-05
-3.57944e-05
-3.44727e-05
-3.29856e-05
-3.13589e-05
-2.99385e-05
-2.79756e-05
-2.60306e-05
-2.40967e-05
-2.22361e-05
-2.04533e-05
-1.87372e-05
-1.70194e-05
-1.52998e-05
-1.3573e-05
-1.18737e-05
-1.0174e-05
-8.46659e-06
-6.7651e-06
-5.0924e-06
-3.46837e-06
-1.94012e-06
-4.54064e-07
9.67432e-07
2.38336e-06
3.72552e-06
5.0492e-06
6.38785e-06
7.70521e-06
8.98302e-06
1.02307e-05
1.13813e-05
1.24066e-05
1.34363e-05
1.4405e-05
1.5307e-05
1.61156e-05
1.68055e-05
1.74622e-05
1.80414e-05
1.8525e-05
1.89433e-05
1.93064e-05
1.9665e-05
1.99864e-05
2.02856e-05
2.06003e-05
2.09518e-05
2.12839e-05
2.16524e-05
2.20129e-05
2.24874e-05
2.30398e-05
2.36299e-05
2.43736e-05
2.50934e-05
2.59088e-05
2.67585e-05
2.76277e-05
2.85496e-05
2.95277e-05
3.05064e-05
3.14995e-05
3.24837e-05
3.34479e-05
3.44124e-05
3.52768e-05
3.61405e-05
3.69656e-05
3.77375e-05
3.84878e-05
3.92123e-05
3.98735e-05
4.04724e-05
4.10483e-05
4.15667e-05
4.20325e-05
4.24554e-05
4.28114e-05
4.29753e-05
4.32107e-05
4.33666e-05
4.34399e-05
4.34216e-05
4.3328e-05
4.31671e-05
4.29396e-05
4.2706e-05
4.24145e-05
4.20944e-05
4.17526e-05
4.14107e-05
4.10356e-05
4.06168e-05
4.01927e-05
3.97204e-05
3.92068e-05
3.86772e-05
3.81333e-05
3.75666e-05
3.69852e-05
3.6396e-05
3.5798e-05
3.51509e-05
3.45441e-05
3.39209e-05
3.32884e-05
3.2645e-05
3.2012e-05
3.13997e-05
3.08042e-05
3.02572e-05
2.97215e-05
2.92218e-05
2.87135e-05
2.82307e-05
2.77438e-05
2.72488e-05
2.67923e-05
2.63054e-05
2.58129e-05
2.53049e-05
2.4811e-05
2.43113e-05
2.38477e-05
2.34025e-05
2.29457e-05
2.25539e-05
2.21991e-05
2.19281e-05
2.1677e-05
2.15449e-05
2.14463e-05
2.14159e-05
2.14643e-05
2.15866e-05
2.17526e-05
2.19625e-05
2.2187e-05
2.24148e-05
2.26188e-05
2.28058e-05
2.297e-05
2.31289e-05
2.32923e-05
2.34643e-05
2.36443e-05
2.39354e-05
2.41974e-05
2.44743e-05
2.47254e-05
2.4957e-05
2.51629e-05
2.53398e-05
2.54942e-05
2.5648e-05
2.61966e-05
2.64269e-05
2.66879e-05
2.69791e-05
2.73565e-05
2.77811e-05
2.82578e-05
2.87351e-05
2.91632e-05
2.95667e-05
2.99232e-05
3.02223e-05
3.0484e-05
3.0721e-05
3.09376e-05
3.11558e-05
3.13664e-05
3.1573e-05
3.17788e-05
3.19839e-05
3.219e-05
3.24137e-05
3.2653e-05
3.29096e-05
3.31922e-05
3.35129e-05
3.38574e-05
3.42129e-05
3.45819e-05
3.49598e-05
3.53485e-05
3.57454e-05
3.61372e-05
3.65398e-05
3.70207e-05
3.75461e-05
3.81165e-05
3.87451e-05
3.94853e-05
4.02618e-05
4.10563e-05
4.19138e-05
4.28006e-05
4.37662e-05
4.50679e-05
4.61219e-05
4.72405e-05
4.8359e-05
4.9562e-05
5.08507e-05
5.22113e-05
5.35852e-05
5.49602e-05
5.63204e-05
5.7725e-05
5.90903e-05
6.03687e-05
6.15269e-05
6.27511e-05
6.39614e-05
6.51112e-05
6.61767e-05
6.72797e-05
6.83584e-05
6.94263e-05
7.04626e-05
7.14128e-05
7.23688e-05
7.32926e-05
7.41377e-05
7.49919e-05
7.57668e-05
7.6557e-05
7.73298e-05
7.80522e-05
7.87593e-05
7.93905e-05
7.99421e-05
8.04435e-05
8.08895e-05
8.1279e-05
8.1591e-05
8.17875e-05
8.19423e-05
8.20023e-05
8.2024e-05
8.19775e-05
8.19033e-05
8.18007e-05
8.1632e-05
8.14256e-05
8.11574e-05
8.0806e-05
8.04733e-05
8.01e-05
7.96676e-05
7.91981e-05
7.87062e-05
7.81578e-05
7.76051e-05
7.69907e-05
7.64078e-05
7.58008e-05
7.52114e-05
7.46074e-05
7.39972e-05
7.33518e-05
7.26569e-05
7.19294e-05
7.11754e-05
7.03973e-05
6.9597e-05
6.87835e-05
6.79731e-05
6.71581e-05
6.6349e-05
6.55099e-05
6.46668e-05
6.37171e-05
6.27213e-05
6.16946e-05
6.06426e-05
5.95356e-05
5.84519e-05
5.73517e-05
5.62506e-05
5.52134e-05
5.41678e-05
5.31033e-05
5.20335e-05
5.08511e-05
4.96796e-05
4.83541e-05
4.69359e-05
4.54929e-05
4.40153e-05
4.24403e-05
4.11208e-05
3.94801e-05
3.79105e-05
3.65125e-05
3.5078e-05
3.37733e-05
3.25366e-05
3.13598e-05
3.02388e-05
2.92671e-05
2.81635e-05
2.70844e-05
2.59915e-05
2.49523e-05
2.38879e-05
2.28967e-05
2.18934e-05
2.11236e-05
2.0202e-05
1.94787e-05
1.86365e-05
1.78499e-05
1.70995e-05
1.63908e-05
1.58051e-05
1.51863e-05
1.45848e-05
1.40116e-05
1.3563e-05
1.30583e-05
1.26278e-05
1.21767e-05
1.1761e-05
1.1389e-05
1.10664e-05
1.08396e-05
1.05996e-05
1.04056e-05
1.02508e-05
1.01191e-05
1.00104e-05
9.929e-06
9.87854e-06
9.86506e-06
9.89532e-06
9.97956e-06
1.01261e-05
1.03358e-05
1.05853e-05
1.08561e-05
1.11546e-05
1.15032e-05
1.18714e-05
1.22479e-05
1.26089e-05
1.30218e-05
1.34791e-05
1.39855e-05
1.45393e-05
1.5137e-05
1.57565e-05
1.63791e-05
1.70611e-05
1.77909e-05
1.84831e-05
1.90829e-05
1.96878e-05
2.02338e-05
2.06842e-05
2.11811e-05
2.16386e-05
2.20734e-05
2.24655e-05
2.28425e-05
2.31589e-05
2.34493e-05
2.37246e-05
2.39447e-05
2.4127e-05
2.42828e-05
2.44097e-05
2.45065e-05
2.45768e-05
2.46215e-05
2.46045e-05
2.45601e-05
2.4463e-05
2.43126e-05
2.41022e-05
2.38801e-05
2.35981e-05
2.32851e-05
2.30026e-05
2.26728e-05
2.2292e-05
2.18007e-05
2.12412e-05
2.05159e-05
1.96682e-05
1.87287e-05
1.77979e-05
1.69441e-05
1.6391e-05
1.5979e-05
1.59677e-05
1.6276e-05
1.70924e-05
1.82332e-05
2.00925e-05
2.2436e-05
2.52247e-05
2.82616e-05
3.17359e-05
3.56682e-05
3.96704e-05
4.42343e-05
4.9051e-05
5.44793e-05
6.02775e-05
6.5989e-05
7.19578e-05
7.80607e-05
8.44628e-05
9.11194e-05
9.75956e-05
0.000104361
0.000111488
0.000118641
0.000125829
0.000132887
0.000140035
0.000146716
0.000153405
0.000159961
0.000166232
0.000172291
0.000178092
0.000183572
0.000188804
0.000193791
0.000198504
0.000202829
0.000206782
0.000210319
0.000213416
0.000216237
0.000218515
0.000220512
0.000222606
0.000224501
0.000226069
0.000227259
0.000228173
0.000228471
0.000228209
0.000227285
0.000226433
0.000225238
0.000224406
0.000224638
0.000226422
0.000229792
0.000235171
0.000242334
0.000250672
0.000260272
0.000271682
0.000284463
0.000297876
0.000311107
0.000323644
0.000335358
0.000346133
0.000356147
0.000364786
0.000373074
0.000381132
0.000388365
0.000396368
0.000405344
0.000414843
0.000423185
0.000430264
0.000437987
0.000446848
0.000455854
0.000464332
0.000472366
0.000479394
0.000485267
0.000490313
0.000494506
0.000497541
0.000499394
0.0005
0.000499843
0.000499405
0.000498357
0.000496569
0.000494173
0.00049138
0.000488083
0.000484325
0.000480097
0.000475648
0.000470541
0.000464785
0.000459234
0.000453256
0.000447365
0.000440567
0.000433762
0.000426911
0.000419969
0.000413063
0.000406302
0.000399546
0.000392757
0.000385531
0.000378322
0.000370844
0.00036326
0.000355814
0.00034825
0.000340458
0.000332685
0.000325047
0.000317418
0.000310019
0.000302525
0.000294748
0.000286829
0.000278588
0.000270245
0.000261697
0.000253017
0.000244405
0.000235847
0.000227346
0.000219204
0.000210932
0.000202888
0.000194438
0.000183339
0.0001747
0.000165089
0.000155316
0.000144871
0.000134629
0.000125222
0.000116285
0.000108425
9.97228e-05
9.20968e-05
8.53121e-05
7.9672e-05
7.37804e-05
6.76838e-05
6.09452e-05
5.37385e-05
4.86463e-05
4.01838e-05
3.36228e-05
2.63629e-05
1.71748e-05
1.0195e-05
3.35295e-06
-3.2275e-06
-9.60724e-06
-1.57814e-05
-2.19203e-05
-2.95122e-05
-3.52166e-05
-4.07469e-05
-4.58769e-05
-5.21284e-05
-5.61423e-05
-6.10968e-05
-6.52101e-05
-6.88121e-05
-7.21292e-05
-7.51751e-05
-7.81126e-05
-8.11266e-05
-8.42499e-05
-8.75569e-05
-9.10408e-05
-9.46367e-05
-9.83216e-05
-0.000101978
-0.000105633
-0.0001088
-0.000111532
-0.000114163
-0.000116764
-0.000119091
-0.000121013
-0.000122501
-0.000123655
-0.00012457
-0.000125209
-0.000125792
-0.000126129
-0.00012622
-0.000126262
-0.000126148
-0.000125688
-0.000124983
-0.000124053
-0.000122824
-0.000121399
-0.000119566
-0.000117319
-0.000114335
-0.000111408
-0.000108233
-0.000104612
-0.000100773
-9.66813e-05
-9.23295e-05
-8.78895e-05
-8.33789e-05
-7.8837e-05
-7.41026e-05
-6.93302e-05
-6.44845e-05
-5.98117e-05
-5.52623e-05
-5.1026e-05
-4.68547e-05
-4.3348e-05
-3.9627e-05
-3.6143e-05
-3.28904e-05
-2.99118e-05
-2.71725e-05
-2.46582e-05
-2.23735e-05
-2.03559e-05
-1.8478e-05
-1.68143e-05
-1.52682e-05
-1.38809e-05
-1.2631e-05
-1.14938e-05
-1.05098e-05
-9.64918e-06
-8.90938e-06
-8.05945e-06
-7.52323e-06
-7.10488e-06
-6.71657e-06
-6.31423e-06
-6.00513e-06
-5.75939e-06
-5.55273e-06
-5.3918e-06
-5.28601e-06
-5.31042e-06
-5.42981e-06
-5.63597e-06
-5.91193e-06
-6.23437e-06
-6.58372e-06
-6.93593e-06
-7.27398e-06
-7.58658e-06
-7.90818e-06
-8.23361e-06
-8.615e-06
-9.04529e-06
-9.53123e-06
-1.00656e-05
-1.0622e-05
-1.12497e-05
-1.17675e-05
-1.22285e-05
-1.26208e-05
-1.29514e-05
-1.32166e-05
-1.33598e-05
-1.37795e-05
-1.39174e-05
-1.40363e-05
-1.41471e-05
-1.42749e-05
-1.44124e-05
-1.45728e-05
-1.47306e-05
-1.48953e-05
-1.50517e-05
-1.51862e-05
-1.52933e-05
-1.53855e-05
-1.54532e-05
-1.55153e-05
-1.55733e-05
-1.56209e-05
-1.56639e-05
-1.56899e-05
-1.57009e-05
-1.56843e-05
-1.56435e-05
-1.55822e-05
-1.5507e-05
-1.54148e-05
-1.52887e-05
-1.5182e-05
-1.50645e-05
-1.49532e-05
-1.48411e-05
-1.47077e-05
-1.4633e-05
-1.4593e-05
-1.46149e-05
-1.47046e-05
-1.48794e-05
-1.5149e-05
-1.54987e-05
-1.59168e-05
-1.6375e-05
-1.6314e-05
-1.67459e-05
-1.71205e-05
-1.74482e-05
-1.77117e-05
-1.7907e-05
-1.8051e-05
-1.81588e-05
-1.81546e-05
-1.82257e-05
-1.83246e-05
-1.84095e-05
-1.84958e-05
-1.85716e-05
-1.86349e-05
-1.86828e-05
-1.86971e-05
-1.86815e-05
-1.86334e-05
-1.8563e-05
-1.84638e-05
-1.83411e-05
-1.82043e-05
-1.80558e-05
-1.79057e-05
-1.77195e-05
-1.751e-05
-1.72849e-05
-1.7045e-05
-1.67778e-05
-1.64912e-05
-1.61857e-05
-1.57805e-05
-1.54276e-05
-1.50624e-05
-1.46929e-05
-1.43052e-05
-1.38791e-05
-1.34424e-05
-1.30236e-05
-1.26469e-05
-1.23053e-05
-1.19846e-05
-1.16252e-05
-1.12646e-05
-1.0946e-05
-1.0604e-05
-1.0138e-05
-9.59641e-06
-8.97268e-06
-8.15915e-06
-7.25145e-06
-6.18477e-06
-4.96484e-06
-3.62179e-06
-2.27362e-06
-7.68264e-07
9.27674e-07
1.92842e-06
3.42152e-06
4.8375e-06
6.19188e-06
7.42619e-06
8.57689e-06
9.63532e-06
1.05056e-05
1.13655e-05
1.2153e-05
1.28657e-05
1.34842e-05
1.41036e-05
1.45631e-05
1.4973e-05
1.53191e-05
1.56071e-05
1.58403e-05
1.60264e-05
1.61796e-05
1.63034e-05
1.63941e-05
1.64582e-05
1.64865e-05
1.64817e-05
1.64482e-05
1.63847e-05
1.6305e-05
1.62092e-05
1.61142e-05
1.60485e-05
1.59881e-05
1.59759e-05
1.60029e-05
1.60753e-05
1.61793e-05
1.63083e-05
0
0
0
0
0
0
0
0
0
0
0
0
0
0
0
0
0
0
0
0
0
0
0
0
0
0
0
0
0
0
0
0
0
0
0
0
0
0
0
0
0
0
0
0
0
0
0
0
0
0
0
0
0
0
0
0
0
0
0
0
0
0
0
0
0
0
0
0
0
0
0
0
0
0
0
0
0
0
0
0
0
0
0
0
0
0
0
0
0
0
0
0
0
0
0
0
0
0
0
0
0
0
0
0
0
0
0
0
0
0
0
0
0
0
0
0
0
0
0
0
0
0
0
0
0
0
0
0
0
0
0
0
0
0
0
0
0
0
0
0
0
0
0
0
0
0
0
0
0
0
0
0
0
0
0
0
0
0
0
0
0
0
0
0
0
0
0
0
0
0
0
0
0
0
0
0
0
0
0
0
0
0
0
0
0
0
0
0
0
0
0
0
0
0
0
0
0
0
0
0
0
0
0
0
0
0
0
0
0
0
0
0
0
0
0
0
0
0
0
0
0
0
0
0
0
0
0
0
0
0
0
0
0
0
0
0
0
0
0
0
0
0
0
0
0
0
0
0
0
0
0
0
0
0
0
0
0
0
0
0
0
0
0
0
0
0
0
0
0
0
0
0
0
0
0
0
0
0
0
0
0
0
0
0
0
0
0
0
0
0
0
0
0
0
0
0
0
0
0
0
0
0
0
0
0
0
0
0
0
0
0
0
0
0
0
0
0
0
0
0