
0
0
0
0
0
0
0
0
0
0
0
0
0
0
0
0
0
0
0
0
0
0
0
0
0
0
0
0
0
0
0
0
0
0
0
0
0
0
0
0
0
0
0
0
0
0
0
0
0
0
0
0
0
0
0
0
0
0
0
0
0
0
0
0
0
0
0
0
0
0
0
0
0
0
0
0
0
0
0
0
0
0
0
0
0
0
0
0
0
0
0
0
0
0
0
0
0
0
0
0
0
0
0
0
0
0
0
0
0
0
0
0
0
0
0
0
0
0
0
0
0
0
0
0
0
0
0
0
0
0
0
0
0
0
0
0
0
0
0
0
0
0
0
0
0
0
0
0
0
0
0
0
0
0
0
0
0
0
0
0
7.07371e-06
2.17679e-05
3.55082e-05
4.81583e-05
6.0535e-05
7.20727e-05
8.31128e-05
9.30619e-05
0.000102545
0.000111332
0.000119109
0.000125942
0.000132016
0.000137171
0.000141327
0.000144779
0.000147488
0.000149438
0.000150584
0.000150919
0.000150388
0.00014909
0.000146929
0.000144031
0.000140309
0.000136029
0.000131356
0.000126365
0.00012153
0.000116423
0.000111286
0.000106135
0.000101082
9.58129e-05
9.06267e-05
8.52861e-05
8.01272e-05
7.51796e-05
6.94853e-05
6.48701e-05
6.02321e-05
5.58074e-05
5.09398e-05
4.64545e-05
4.2142e-05
3.77793e-05
3.35502e-05
2.9421e-05
2.5096e-05
2.11216e-05
1.74488e-05
1.41485e-05
1.12197e-05
8.81109e-06
6.7736e-06
5.06523e-06
3.73692e-06
2.70202e-06
1.99275e-06
1.5969e-06
1.53266e-06
1.85641e-06
2.59154e-06
3.78384e-06
5.37441e-06
7.20717e-06
9.3007e-06
1.13508e-05
1.33303e-05
1.50422e-05
1.66214e-05
1.81785e-05
1.97336e-05
2.15931e-05
2.36435e-05
2.60921e-05
2.87471e-05
3.16043e-05
3.40499e-05
3.6254e-05
3.80151e-05
3.93688e-05
4.04337e-05
4.13121e-05
4.20854e-05
4.29299e-05
4.38857e-05
4.4909e-05
4.58692e-05
4.65361e-05
4.68191e-05
4.65933e-05
4.58678e-05
4.4838e-05
4.36114e-05
4.25452e-05
4.17209e-05
4.12569e-05
4.11225e-05
4.10854e-05
4.08527e-05
4.01784e-05
3.88119e-05
3.67568e-05
3.42691e-05
3.19409e-05
3.01904e-05
2.95563e-05
3.00924e-05
3.143e-05
3.35657e-05
3.57701e-05
3.74875e-05
3.82726e-05
3.78275e-05
3.62645e-05
3.41633e-05
3.23065e-05
3.12095e-05
3.1231e-05
3.23425e-05
3.43309e-05
3.66808e-05
3.86626e-05
3.96836e-05
3.94361e-05
3.80484e-05
3.56559e-05
3.30114e-05
3.08535e-05
3.01781e-05
3.14978e-05
3.47729e-05
3.87164e-05
4.21142e-05
4.37432e-05
4.25399e-05
3.81062e-05
3.30345e-05
2.77414e-05
2.36655e-05
2.21365e-05
2.4099e-05
2.94724e-05
3.66962e-05
4.39499e-05
4.86757e-05
4.87912e-05
4.3519e-05
3.3706e-05
2.10986e-05
1.04714e-05
6.73991e-06
1.46628e-05
3.85926e-05
7.84255e-05
0.000117555
0.000157447
0.000198945
0.000235368
0.000286653
0.000330925
0.000360041
0.000374191
0.000374124
0.00036227
0.000343414
0.000323023
0.000305828
0.000293298
0.000286045
0.000283168
0.000282832
0.000282491
0.000280148
0.000274455
0.000265642
0.000254619
0.00024228
0.000230437
0.000220039
0.000212071
0.000206398
0.000201508
0.000196714
0.000190953
0.000183603
0.000174003
0.000163096
0.000150999
0.000139114
0.000128006
0.000118235
0.000109539
0.000101971
9.47722e-05
8.74337e-05
7.92602e-05
7.02471e-05
6.05581e-05
5.0488e-05
4.03998e-05
3.14095e-05
2.34182e-05
1.68579e-05
1.11619e-05
5.95669e-06
7.69618e-07
-4.49059e-06
-1.00831e-05
-1.61319e-05
-2.21822e-05
-2.79228e-05
-3.29763e-05
-3.70331e-05
-4.0074e-05
-4.21145e-05
-4.34625e-05
-4.44191e-05
-4.51938e-05
-4.5975e-05
-4.68877e-05
-4.77883e-05
-4.84765e-05
-4.86944e-05
-4.82026e-05
-4.69154e-05
-4.47672e-05
-4.20121e-05
-3.89378e-05
-3.57368e-05
-3.25484e-05
-2.93577e-05
-2.59043e-05
-2.27631e-05
-1.95379e-05
-1.62889e-05
-1.26686e-05
-8.72277e-06
-4.19742e-06
1.42241e-06
5.87056e-06
1.05027e-05
1.34419e-05
1.60634e-05
1.82644e-05
2.02147e-05
2.17231e-05
2.29933e-05
2.40921e-05
2.50412e-05
2.58696e-05
2.64419e-05
2.67311e-05
2.67521e-05
2.65491e-05
2.6194e-05
2.57434e-05
2.52181e-05
2.46331e-05
2.39321e-05
2.30583e-05
2.18655e-05
2.03604e-05
1.86645e-05
1.64654e-05
1.3934e-05
1.11438e-05
8.08431e-06
5.20768e-06
2.90934e-06
9.96393e-07
-7.66722e-07
-1.93146e-06
-2.4742e-06
-2.32825e-06
-1.56678e-06
-4.43583e-07
9.47977e-07
2.37347e-06
3.67354e-06
4.80099e-06
5.5861e-06
6.09181e-06
6.33855e-06
6.53637e-06
6.70327e-06
6.77256e-06
6.73613e-06
6.61051e-06
6.41133e-06
6.20495e-06
6.04623e-06
5.97305e-06
6.05681e-06
6.31494e-06
6.73708e-06
7.21787e-06
7.74161e-06
8.22237e-06
8.619e-06
8.87953e-06
8.97193e-06
8.90955e-06
8.74639e-06
8.56085e-06
8.42129e-06
8.36822e-06
8.4225e-06
8.5871e-06
8.80911e-06
9.00545e-06
9.07893e-06
8.96211e-06
8.64384e-06
8.16491e-06
7.57697e-06
7.01369e-06
6.5818e-06
6.24906e-06
5.99524e-06
5.79326e-06
5.51488e-06
5.06493e-06
4.36876e-06
3.38833e-06
2.19062e-06
1.07943e-06
2.36456e-07
-2.74806e-07
-4.22723e-07
-1.89936e-07
2.59032e-07
8.12687e-07
1.08638e-06
7.93432e-07
8.68597e-08
-7.61265e-07
-1.44804e-06
-1.68067e-06
-1.18357e-06
-4.97158e-07
3.4681e-07
1.21344e-06
1.63557e-06
1.67319e-06
1.33857e-06
7.24171e-07
-1.28078e-07
-8.44167e-07
-9.57019e-07
-4.4482e-07
4.94184e-07
1.68476e-06
3.01607e-06
3.88992e-06
4.11534e-06
3.55719e-06
2.1635e-06
1.09097e-07
-2.01194e-06
-3.65877e-06
-4.84161e-06
-5.50824e-06
-5.74704e-06
-5.91892e-06
-6.45859e-06
-7.74463e-06
-1.00568e-05
-1.31164e-05
-1.67071e-05
-2.01393e-05
-2.25537e-05
-2.33936e-05
-2.24811e-05
-1.98762e-05
-1.61841e-05
-1.2449e-05
-9.43075e-06
-8.01885e-06
-8.2859e-06
-9.7471e-06
-1.15525e-05
-1.26233e-05
-1.19667e-05
-9.03931e-06
-3.69799e-06
3.18322e-06
1.06693e-05
1.71991e-05
2.19502e-05
2.46403e-05
2.58351e-05
2.67916e-05
2.93302e-05
3.5148e-05
4.66505e-05
6.40188e-05
8.75046e-05
0.000116929
0.000149315
0.000185374
0.000209891
0.000232501
0.00028257
0.000356655
0.000445019
0.000534457
0.000669353
0.0008656
0.00104385
0.001241
0.00146706
0.00172379
0.00199218
0.0022856
0.00258991
0.00288529
0.00321071
0.00347777
0.00375224
0.00402571
0.00429625
0.00456022
0.00484012
0.00515221
0.0054382
0.00573057
0.00600777
0.00628625
0.00659545
0.00689643
0.00718102
0.00748085
0.00776733
0.00807768
0.00837806
0.00868179
0.00898116
0.00927868
0.00956384
0.00985016
0.0101393
0.01043
0.0107281
0.011027
0.0113209
0.0116199
0.0119398
0.012267
0.0125916
0.0129112
0.0132375
0.0136069
0.0139784
0.0143629
0.0147582
0.0152019
0.0156732
0.0161647
0.0166285
0.0170885
0.0175503
0.0179895
0.0184012
0.0187992
0.0192167
0.0196353
0.0200725
0.0205176
0.0209559
0.0214005
0.0218567
0.0223067
0.0227693
0.0232073
0.023674
0.0241366
0.0245969
0.0250627
0.0255494
0.0260398
0.0264953
0.0269726
0.0274394
0.027933
0.0284135
0.0288823
0.0293366
0.0297991
0.0302607
0.030732
0.0311986
0.0316762
0.0321641
0.0326602
0.0331479
0.0336445
0.0341289
0.034607
0.0350978
0.0355905
0.0360697
0.036581
0.0370942
0.0376024
0.0381115
0.0386396
0.0391417
0.0396506
0.0402272
0.0407495
0.0413428
0.0418963
0.042434
0.0429524
0.0434524
0.0439751
0.0445018
0.0450256
0.0455568
0.0460732
0.0465853
0.0471643
0.0477002
0.0482304
0.0487484
0.049292
0.0498111
0.0503625
0.0508864
0.0514006
0.0519281
0.0524548
0.0529795
0.0535026
0.0540316
0.0545462
0.0550988
0.0556512
0.0561912
0.0567562
0.0573097
0.0578384
0.0583716
0.0589324
0.0594715
0.0600113
0.0605455
0.0610913
0.0616205
0.0621423
0.0626811
0.0632097
0.0637633
0.0642946
0.0648165
0.0653455
0.0658828
0.0664092
0.0669651
0.0675004
0.0680304
0.0685719
0.0690998
0.0698249
0.0704364
0.0711484
0.0718056
0.0724101
0.0730232
0.0736185
0.0741485
0.0746795
0.075212
0.0757337
0.0762867
0.0768843
0.0774291
0.0779542
0.0784804
0.0790093
0.0795938
0.0801425
0.0806753
0.0812418
0.0817934
0.0823434
0.0828806
0.0834311
0.0839782
0.0845078
0.0850926
0.0856273
0.0861677
0.0867501
0.0873229
0.0878614
0.0884066
0.0890102
0.0895614
0.0901123
0.0906491
0.0912246
0.0917768
0.0923076
0.0928439
0.0933957
0.0939628
0.094503
0.0950591
0.0955917
0.0961635
0.0967629
0.0973756
0.0979638
0.0985463
0.0991382
0.0997168
0.100284
0.100885
0.10147
0.102046
0.102602
0.103142
0.103739
0.104292
0.104908
0.105463
0.106017
0.106569
0.107125
0.107657
0.108191
0.108731
0.10927
0.109798
0.110347
0.110907
0.111459
0.112019
0.112573
0.113109
0.11365
0.114197
0.114773
0.115307
0.115844
0.116365
0.116895
0.1174
0.1179
0.118379
0.118861
0.119347
0.119834
0.120295
0.120752
0.121192
0.121651
0.122111
0.122579
0.123042
0.123492
0.123961
0.124439
0.124925
0.125425
0.125899
0.126412
0.127028
0.127579
0.128187
0.128768
0.129413
0.130059
0.130619
0.131142
0.13164
0.132156
0.13265
0.133148
0.133648
0.13415
0.134633
0.135121
0.135603
0.13616
0.136667
0.137148
0.137641
0.138134
0.138619
0.139099
0.139643
0.140152
0.140642
0.141139
0.14163
0.142094
0.142588
0.143094
0.143618
0.144118
0.144606
0.145091
0.145607
0.146103
0.146583
0.147064
0.147575
0.148063
0.148549
0.149033
0.149582
0.150098
0.150596
0.151098
0.151587
0.152084
0.152599
0.153088
0.153579
0.154077
0.154713
0.155239
0.155776
0.156314
0.156891
0.157422
0.157996
0.15853
0.159034
0.159544
0.160044
0.160546
0.161054
0.161601
0.162136
0.162655
0.163197
0.16375
0.164301
0.16482
0.165348
0.165868
0.166358
0.166889
0.167407
0.1679
0.168408
0.168982
0.169506
0.170009
0.170516
0.171029
0.171562
0.172071
0.172571
0.173064
0.173598
0.174137
0.174642
0.175144
0.17564
0.17617
0.176732
0.177266
0.177772
0.17832
0.178844
0.179369
0.179855
0.180379
0.180911
0.181425
0.182028
0.182656
0.183361
0.183951
0.184545
0.185245
0.18597
0.186518
0.187037
0.187545
0.188052
0.188586
0.189095
0.189627
0.19014
0.190675
0.191201
0.191714
0.192267
0.192777
0.193294
0.193802
0.194308
0.194818
0.195357
0.195877
0.19644
0.196963
0.197524
0.198129
0.198769
0.19937
0.199947
0.200489
0.20102
0.201556
0.20207
0.202558
0.203047
0.20357
0.204094
0.20458
0.205079
0.205555
0.206015
0.206504
0.206981
0.207466
0.207955
0.208481
0.208981
0.209483
0.209982
0.210538
0.211042
0.211551
0.212134
0.212655
0.213141
0.213629
0.214115
0.214623
0.21511
0.215593
0.216126
0.216642
0.217119
0.217618
0.218103
0.218589
0.219079
0.219564
0.220063
0.220522
0.220986
0.221484
0.221951
0.222413
0.222885
0.223353
0.223826
0.224283
0.224757
0.225225
0.225688
0.226135
0.226584
0.227034
0.227533
0.227974
0.228438
0.22889
0.229356
0.229806
0.230254
0.230716
0.231174
0.231664
0.232141
0.232625
0.233103
0.233568
0.234053
0.234632
0.235181
0.235743
0.236251
0.236792
0.237322
0.237875
0.238342
0.238792
0.239251
0.239692
0.240137
0.24058
0.24103
0.2415
0.24195
0.242407
0.242865
0.243309
0.243792
0.244246
0.244725
0.245176
0.245637
0.246084
0.246522
0.246962
0.247418
0.247876
0.248331
0.248795
0.249241
0.249673
0.250123
0.250577
0.251031
0.251485
0.251953
0.252419
0.252879
0.253327
0.25377
0.254197
0.254628
0.255044
0.255473
0.255887
0.2563
0.256707
0.257118
0.25752
0.257938
0.258373
0.258829
0.259253
0.259702
0.26012
0.260552
0.260974
0.261392
0.261813
0.262243
0.262655
0.263068
0.263473
0.263879
0.264287
0.264712
0.265119
0.265529
0.265921
0.266324
0.266703
0.267102
0.267477
0.267862
0.268257
0.268656
0.269063
0.269454
0.269902
0.270308
0.270727
0.271119
0.271511
0.271914
0.272319
0.272725
0.27313
0.273541
0.273938
0.274328
0.274725
0.275108
0.275496
0.275874
0.276257
0.276647
0.277039
0.277428
0.277809
0.278193
0.278566
0.27895
0.279348
0.27975
0.280134
0.280604
0.281021
0.281512
0.281973
0.282456
0.282903
0.283352
0.283821
0.284225
0.284616
0.285005
0.285383
0.285766
0.286193
0.286592
0.28698
0.287375
0.287755
0.288159
0.288656
0.289096
0.289488
0.289913
0.290332
0.290722
0.291121
0.291519
0.291934
0.292319
0.292701
0.293106
0.293517
0.293905
0.294334
0.294736
0.295158
0.29558
0.29599
0.296395
0.296822
0.297237
0.297637
0.298063
0.29845
0.29887
0.299239
0.299625
0.300017
0.300406
0.300789
0.301172
0.30158
0.301965
0.302368
0.302776
0.303161
0.303543
0.303941
0.304334
0.30476
0.305139
0.305554
0.305956
0.306346
0.306763
0.307157
0.307551
0.307968
0.308394
0.308792
0.309193
0.30958
0.309989
0.310409
0.310812
0.311222
0.311635
0.312037
0.312445
0.312858
0.313281
0.313714
0.314133
0.314552
0.314969
0.315379
0.315796
0.316217
0.316621
0.317035
0.317454
0.317869
0.318261
0.318679
0.319095
0.319515
0.319918
0.320328
0.320741
0.321159
0.321549
0.321957
0.322385
0.322794
0.323212
0.323605
0.324
0.324438
0.324946
0.325455
0.3259
0.326359
0.326803
0.327272
0.327758
0.328172
0.328626
0.329038
0.329435
0.329851
0.330348
0.330784
0.331183
0.331647
0.33206
0.332478
0.332897
0.333315
0.333759
0.334174
0.334608
0.335006
0.335411
0.335807
0.336219
0.33662
0.337036
0.337427
0.337835
0.338238
0.338639
0.339038
0.33945
0.339844
0.340266
0.340686
0.3411
0.341516
0.341914
0.34231
0.342765
0.343224
0.343636
0.344046
0.344468
0.344888
0.345325
0.345757
0.346189
0.346772
0.347198
0.347636
0.348065
0.348499
0.348921
0.349363
0.349796
0.350241
0.350682
0.351123
0.35157
0.352021
0.35245
0.35288
0.353313
0.353763
0.35422
0.354671
0.355119
0.355592
0.356089
0.356708
0.357254
0.357794
0.358363
0.358932
0.359539
0.360205
0.360838
0.361512
0.362216
0.362956
0.363739
0.364792
0.365625
0.366504
0.367407
0.368434
0.369527
0.370609
0.371759
0.373016
0.37416
0.375402
0.376635
0.377865
0.379155
0.380513
0.381884
0.3834
0.385211
0.386697
0.388173
0.389784
0.391562
0.393629
0.39552
0.397349
0.399356
0.401102
0.402852
0.40451
0.406408
0.408296
0.410019
0.411706
0.413517
0.415401
0.417343
0.41915
0.421038
0.423068
0.424939
0.426937
0.428919
0.430997
0.432937
0.435019
0.437041
0.439241
0.441414
0.443597
0.445581
0.447614
0.449682
0.451848
0.453876
0.455885
0.458007
0.460075
0.462206
0.464244
0.466318
0.468323
0.470485
0.472556
0.474572
0.476662
0.4787
0.48083
0.483072
0.485121
0.487119
0.48925
0.49124
0.49325
0.495449
0.497593
0.499703
0.501804
0.503861
0.505944
0.507993
0.510058
0.512034
0.514019
0.51606
0.518179
0.520346
0.522307
0.524257
0.526221
0.528237
0.530334
0.532432
0.534425
0.536386
0.538542
0.540483
0.542417
0.544376
0.546336
0.548224
0.550188
0.552116
0.554054
0.556028
0.557967
0.559788
0.561675
0.563528
0.565495
0.567338
0.569223
0.57113
0.572939
0.574826
0.577126
0.579104
0.58186
0.58372
0.586165
0.588021
0.589931
0.591767
0.593648
0.595654
0.597434
0.599412
0.601603
0.603666
0.605787
0.607887
0.609838
0.61184
0.613894
0.615695
0.617469
0.619228
0.621078
0.622947
0.624811
0.626544
0.62837
0.630203
0.632116
0.633922
0.635663
0.63771
0.639492
0.641472
0.643293
0.645122
0.646974
0.648785
0.650543
0.652336
0.654132
0.655937
0.657823
0.659667
0.661505
0.66339
0.665488
0.667245
0.669089
0.670933
0.672698
0.674463
0.676259
0.678084
0.679811
0.681583
0.683275
0.685104
0.686859
0.688652
0.690422
0.692232
0.693942
0.695929
0.697611
0.699311
0.701053
0.702841
0.704543
0.706302
0.708068
0.709831
0.711588
0.713342
0.715157
0.716935
0.718733
0.720616
0.722396
0.72409
0.725901
0.727658
0.729381
0.731272
0.733143
0.735391
0.737263
0.739102
0.740817
0.742542
0.744267
0.7463
0.748031
0.749789
0.751508
0.753227
0.754909
0.7566
0.758248
0.760043
0.761749
0.763538
0.765368
0.767051
0.768799
0.770481
0.77223
0.774072
0.775749
0.777404
0.779051
0.780846
0.782621
0.784348
0.786052
0.787839
0.78989
0.791883
0.793882
0.795753
0.797736
0.799545
0.801573
0.803638
0.806144
0.807995
0.809708
0.811644
0.813401
0.815109
0.816829
0.818803
0.820597
0.822341
0.824086
0.825724
0.827443
0.82918
0.830912
0.832582
0.834351
0.836181
0.837903
0.839741
0.841462
0.843187
0.845012
0.847043
0.849175
0.850961
0.852992
0.855006
0.856781
0.858537
0.86038
0.862357
0.864159
0.866063
0.867865
0.869635
0.871406
0.873171
0.875193
0.8771
0.879684
0.881509
0.883352
0.885201
0.887013
0.889001
0.890912
0.89271
0.894476
0.896254
0.897996
0.899812
0.901625
0.903577
0.905434
0.907241
0.90901
0.91094
0.912864
0.914728
0.916566
0.918346
0.920097
0.921967
0.923856
0.925752
0.92766
0.929557
0.931479
0.933272
0.935068
0.936915
0.938865
0.940706
0.942571
0.944354
0.946139
0.94806
0.950028
0.951754
0.953424
0.955186
0.95691
0.958734
0.960623
0.96232
0.964199
0.965893
0.967626
0.969292
0.970908
0.972601
0.974188
0.975754
0.977446
0.979134
0.980876
0.982464
0.98439
0.986152
0.988547
0.990955
0.993083
0.994812
0.99657
0.99816
0.999825
1.0014
1.00302
1.00468
1.00638
1.00802
1.00959
1.01123
1.01283
1.01431
1.01588
1.01743
1.01907
1.02072
1.02232
1.02417
1.02574
1.02741
1.02934
1.03101
1.03261
1.03419
1.0358
1.0374
1.03921
1.04081
1.04244
1.04426
1.04591
1.04748
1.04917
1.0509
1.05253
1.05409
1.05576
1.05742
1.05918
1.06082
1.06246
1.06409
1.06562
1.06718
1.06913
1.0708
1.07244
1.07406
1.07567
1.07733
1.07904
1.08063
1.08236
1.08409
1.08581
1.08756
1.08917
1.0908
1.09301
1.09467
1.09643
1.09804
1.09967
1.10126
1.10277
1.10438
1.10603
1.10756
1.10913
1.11083
1.11246
1.11402
1.11559
1.11735
1.11892
1.12042
1.12195
1.12348
1.12495
1.12637
1.12781
1.1293
1.13082
1.13239
1.13389
1.13547
1.13707
1.13861
1.14017
1.14168
1.14327
1.14473
1.14617
1.14761
1.149
1.15041
1.15189
1.15336
1.15506
1.15693
1.15862
1.1604
1.16208
1.16376
1.16533
1.16695
1.1684
1.16976
1.17111
1.17253
1.17397
1.17539
1.17681
1.17834
1.17974
1.18113
1.18256
1.18429
1.18566
1.18703
1.18906
1.1905
1.19191
1.19335
1.19475
1.19619
1.19754
1.19894
1.20034
1.20178
1.20322
1.20463
1.20598
1.20737
1.20875
1.21036
1.21175
1.21318
1.21457
1.21597
1.21737
1.2188
1.22018
1.22153
1.22337
1.22483
1.22622
1.22766
1.22909
1.2306
1.23217
1.23363
1.2351
1.2366
1.2381
1.23951
1.24132
1.24326
1.24469
1.24615
1.2476
1.24911
1.25061
1.25207
1.25355
1.25515
1.25668
1.25817
1.26015
1.26174
1.26317
1.26468
1.26619
1.26767
1.26921
1.27078
1.27229
1.27381
1.27526
1.27669
1.27826
1.27976
1.28126
1.28277
1.28428
1.28583
1.2873
1.28879
1.29026
1.2918
1.29328
1.2948
1.29629
1.29783
1.29931
1.30081
1.3023
1.30375
1.3055
1.30716
1.30875
1.31023
1.31189
1.31361
1.31543
1.31701
1.31864
1.32021
1.3219
1.32362
1.32519
1.32674
1.32817
1.32981
1.33126
1.33263
1.3342
1.33573
1.33718
1.33862
1.33998
1.34142
1.34278
1.3441
1.34537
1.3467
1.34797
1.34942
1.3507
1.35211
1.35327
1.35452
1.35588
1.35703
1.35814
1.3592
1.36018
1.36102
1.36178
1.36243
1.36295
1.36335
1.36367
1.36383
1.36386
1.36375
1.3635
1.36301
1.36247
1.36177
1.36093
1.35992
1.35864
1.35743
1.35598
1.35438
1.35289
1.3513
1.34804
1.34466
1.34108
1.33731
1.33354
1.32946
1.32531
1.32073
1.31632
1.31223
1.30814
1.30421
1.30061
1.29875
1.29543
1.29389
1.29234
1.29087
1.28929
1.28806
1.28703
1.28612
1.28534
1.28466
1.28409
1.28362
1.28323
1.28292
1.28268
1.28251
1.28241
1.28236
1.28239
1.28247
1.28262
1.28282
1.28305
1.28333
1.28364
1.28412
1.28457
1.28498
1.28552
1.28596
1.2864
1.28685
1.28725
1.28765
1.28808
1.2885
1.28892
1.28932
1.2897
1.29009
1.29049
1.29091
1.29131
1.29169
1.29206
1.29244
1.29281
1.2932
1.29357
1.29394
1.29431
1.29467
1.29505
1.2954
1.29575
1.29616
1.29652
1.29688
1.29722
1.29758
1.29791
1.29824
1.29854
1.29883
1.29908
1.29931
1.2995
1.29965
1.29977
1.29985
1.29989
1.2999
1.29987
1.29978
1.29967
1.29952
1.29933
1.29911
1.29884
1.29855
1.29822
1.29785
1.29747
1.29707
1.29663
1.29619
1.29575
1.29528
1.29479
1.29426
1.29376
1.29325
1.29274
1.29214
1.29166
1.29114
1.29063
1.2901
1.28959
1.28911
1.28861
1.28812
1.28761
1.28713
1.28665
1.28617
1.2857
1.28522
1.28476
1.28433
1.28389
1.28348
1.28305
1.28263
1.28223
1.28183
1.28142
1.28102
1.2806
1.28019
1.27977
1.27932
1.27891
1.27852
1.27816
1.27777
1.27737
1.27691
1.27648
1.276
1.27554
1.27511
1.27466
1.27422
1.27384
1.27346
1.27307
1.27271
1.27233
1.27198
1.27152
1.27092
1.27025
1.26961
1.269
1.26851
1.26802
1.2674
1.26676
1.26628
1.26589
1.26549
1.2651
1.26472
1.26433
1.26395
1.26356
1.26319
1.26283
1.26247
1.26208
1.26173
1.26136
1.26088
1.26052
1.26015
1.25979
1.25944
1.25908
1.25872
1.25838
1.25803
1.25768
1.25728
1.25694
1.2566
1.25622
1.25589
1.25556
1.25522
1.25487
1.25454
1.2542
1.25387
1.25354
1.2532
1.25285
1.25252
1.25218
1.25183
1.25147
1.25115
1.25081
1.25049
1.25015
1.24983
1.24952
1.24919
1.24887
1.24854
1.24821
1.2479
1.24759
1.24728
1.24695
1.24661
1.24626
1.24593
1.2456
1.24526
1.24493
1.2446
1.24425
1.2439
1.24353
1.24313
1.24272
1.24223
1.24172
1.24112
1.24048
1.23981
1.23897
1.23775
1.23682
1.23575
1.23478
1.23371
1.23259
1.23142
1.22938
1.22733
1.2252
1.22294
1.22035
1.21893
1.21632
1.2135
1.21075
1.20799
1.20518
1.2022
1.19906
1.19606
1.19295
1.18953
1.18649
1.18344
1.18035
1.17729
1.17426
1.17157
1.16869
1.16602
1.16312
1.16053
1.1582
1.15584
1.15352
1.15128
1.14917
1.14712
1.14518
1.14333
1.14146
1.13969
1.13798
1.13634
1.13476
1.13315
1.13161
1.13021
1.12883
1.12744
1.12605
1.12468
1.12343
1.12215
1.12088
1.11961
1.11842
1.11714
1.11592
1.11464
1.11346
1.11229
1.11113
1.10997
1.10883
1.10755
1.10637
1.1052
1.10401
1.10278
1.10161
1.10043
1.09967
1.09893
1.0974
1.09603
1.09525
1.09393
1.09314
1.092
1.09086
1.08967
1.08851
1.08738
1.08623
1.08511
1.08402
1.08288
1.08174
1.08062
1.07954
1.07843
1.07731
1.07625
1.07524
1.0742
1.07318
1.07219
1.07121
1.07013
1.06913
1.06817
1.06726
1.06633
1.06539
1.06453
1.0637
1.06283
1.062
1.06115
1.06032
1.05941
1.05858
1.05777
1.05698
1.0562
1.05545
1.05467
1.05395
1.05324
1.05255
1.05179
1.05111
1.05045
1.04982
1.04917
1.04854
1.04794
1.04735
1.04679
1.04623
1.04569
1.04516
1.04461
1.04415
1.04369
1.04321
1.04277
1.04234
1.04194
1.04151
1.04128
1.04106
1.04078
1.04031
1.04012
1.03975
1.03943
1.03913
1.03883
1.03856
1.03831
1.03806
1.03783
1.03762
1.0374
1.03729
1.03711
1.03694
1.03677
1.03669
1.03655
1.03642
1.03631
1.03626
1.03617
1.03614
1.03611
1.03609
1.03606
1.03603
1.03601
1.036
1.03599
1.03599
1.03599
1.036
1.03602
1.03607
1.03613
1.03619
1.03628
1.03639
1.03653
1.03684
1.03703
1.03726
1.0375
1.03777
1.03808
1.03842
1.0388
1.03918
1.0396
1.04004
1.0405
1.04101
1.0415
1.04203
1.0426
1.04319
1.04385
1.04451
1.04514
1.04583
1.04654
1.04727
1.04802
1.04876
1.04961
1.05041
1.05118
1.05203
1.05284
1.05372
1.05463
1.05555
1.05643
1.05733
1.05824
1.05924
1.06028
1.06133
1.0624
1.06344
1.06453
1.06569
1.06673
1.06777
1.06883
1.07005
1.07143
1.07279
1.07411
1.07538
1.07665
1.07794
1.07923
1.08039
1.08156
1.08274
1.08395
1.08518
1.08646
1.08772
1.08907
1.09036
1.0917
1.09302
1.09434
1.0957
1.09705
1.09855
1.10005
1.10146
1.10298
1.10447
1.10595
1.10748
1.10896
1.11046
1.11199
1.11359
1.11506
1.11655
1.11809
1.11971
1.12118
1.12265
1.1241
1.12567
1.12722
1.12888
1.13097
1.13255
1.13416
1.13567
1.13714
1.13859
1.14018
1.14169
1.14317
1.14468
1.14629
1.14787
1.14943
1.15106
1.15273
1.1543
1.15597
1.15771
1.15929
1.16095
1.16255
1.16426
1.16583
1.16744
1.16902
1.17055
1.1721
1.17351
1.175
1.17645
1.17801
1.17948
1.18083
1.18226
1.18371
1.1852
1.18657
1.18797
1.18926
1.19061
1.1919
1.19324
1.19455
1.19588
1.19713
1.19851
1.19976
1.20102
1.20228
1.20353
1.20474
1.20604
1.20726
1.20849
1.20968
1.21088
1.21204
1.21319
1.2143
1.21577
1.2171
1.21841
1.21977
1.22113
1.22231
1.22354
1.22457
1.22564
1.22669
1.22771
1.22873
1.22972
1.23071
1.23174
1.23273
1.2337
1.23464
1.23564
1.23663
1.23761
1.23858
1.23948
1.24043
1.24145
1.24233
1.24321
1.24399
1.24481
1.24565
1.24644
1.24726
1.248
1.24867
1.24936
1.25001
1.25059
1.25116
1.2517
1.25222
1.25267
1.2531
1.2535
1.25386
1.2542
1.25451
1.25481
1.25506
1.2553
1.25551
1.25572
1.25591
1.2561
1.25628
1.25647
1.25665
1.25685
1.25705
1.25727
1.25751
1.25778
1.25808
1.25839
1.25873
1.25912
1.25951
1.25995
1.26041
1.26097
1.26149
1.26208
1.26274
1.26338
1.26405
1.26479
1.26553
1.26633
1.26708
1.26787
1.26869
1.26948
1.27034
1.27117
1.27207
1.273
1.27388
1.27485
1.2758
1.27678
1.27775
1.27874
1.27972
1.28074
1.28176
1.28282
1.28385
1.28492
1.28591
1.28693
1.28803
1.28928
1.29052
1.29176
1.29315
1.29438
1.29557
1.29676
1.29785
1.29895
1.30006
1.30117
1.30229
1.30343
1.30455
1.30568
1.30686
1.308
1.30912
1.31031
1.31149
1.31268
1.31389
1.31502
1.31631
1.3175
1.31868
1.31985
1.32105
1.32233
1.32344
1.32458
1.32591
1.32711
1.32824
1.32937
1.3305
1.33165
1.33279
1.33392
1.33506
1.33619
1.33731
1.33843
1.33955
1.3407
1.34183
1.34301
1.34417
1.34552
1.3469
1.34823
1.34942
1.35059
1.3517
1.35278
1.35393
1.35505
1.35618
1.35729
1.35864
1.35968
1.36084
1.36197
1.36308
1.36419
1.36533
1.36647
1.36754
1.36861
1.36968
1.37074
1.37185
1.37294
1.37403
1.37522
1.37639
1.37754
1.37861
1.37974
1.38083
1.38193
1.38304
1.38414
1.38517
1.38626
1.3874
1.38847
1.38952
1.39058
1.39165
1.39269
1.39378
1.3949
1.39598
1.39701
1.39801
1.39901
1.40009
1.40121
1.40225
1.40342
1.40477
1.40606
1.40742
1.40865
1.40995
1.41118
1.41238
1.41351
1.41467
1.41575
1.41687
1.41799
1.41919
1.42042
1.42183
1.42299
1.42416
1.42537
1.42658
1.42776
1.42903
1.4303
1.43157
1.43287
1.43423
1.43568
1.43697
1.43831
1.4399
1.44141
1.44274
1.4441
1.44542
1.44673
1.44799
1.44923
1.45042
1.45163
1.45284
1.45401
1.45531
1.45656
1.45785
1.45911
1.46037
1.46169
1.46317
1.46448
1.46576
1.46709
1.46846
1.46988
1.47124
1.47261
1.47396
1.47528
1.47798
1.48062
1.48199
1.48335
1.48487
1.48628
1.48768
1.48922
1.49064
1.49225
1.49367
1.49516
1.49792
1.50059
1.50335
1.50485
1.50785
1.5107
1.51371
1.51667
1.51942
1.52234
1.52551
1.52873
1.5317
1.53465
1.53634
1.53795
1.54101
1.54276
1.54448
1.54752
1.55066
1.55383
1.55714
1.55902
1.5608
1.56271
1.56454
1.5665
1.56847
1.57039
1.57232
1.57422
1.57756
1.57936
1.58269
1.58605
1.58956
1.59295
1.59476
1.59827
1.6018
1.60537
1.60889
1.61227
1.61411
1.61622
1.61809
1.62148
1.62334
1.62708
1.62889
1.63086
1.63427
1.63758
1.63939
1.64279
1.646
1.64913
1.65233
1.6554
1.65855
1.66162
1.66462
1.66756
1.67069
1.67379
1.67667
1.67956
1.68237
1.68519
1.68799
1.69083
1.6937
1.69651
1.69813
1.70104
1.70387
1.70653
1.7094
1.71222
1.71509
1.71791
1.72085
1.72384
1.72663
1.72968
1.73276
1.73436
1.73729
1.74021
1.74329
1.74638
1.74802
1.75106
1.75415
1.75758
1.75933
1.76124
1.76317
1.76498
1.76689
1.76852
1.77043
1.77228
1.77392
1.777
1.78009
1.78175
1.78341
1.78518
1.78679
1.78991
1.79296
1.79454
1.79627
1.7992
1.80212
1.80515
1.80817
1.8112
1.81406
1.8169
1.81853
1.82136
1.82412
1.82688
1.82831
1.82981
1.83122
1.83258
1.83521
1.83656
1.83909
1.84168
1.84297
1.84537
1.8467
1.84903
1.85026
1.85143
1.85257
1.85471
1.85684
1.85877
1.85978
1.86149
1.86317
1.86474
1.86619
1.86752
1.86821
1.86942
1.8706
1.87168
1.87265
1.87361
1.87408
1.87467
1.87546
1.87585
1.87627
1.87692
1.87755
1.87786
1.87818
1.87847
1.87892
1.87914
1.87954
1.87989
1.88006
1.88031
1.88054
1.88064
1.88074
1.88081
1.88086
1.8809
1.88094
1.88095
1.88095
1.88093
1.8809
1.88085
1.88079
1.88064
1.88055
1.88044
1.88032
1.88017
1.88
1.87971
1.87954
1.87936
1.87915
1.87892
1.87867
1.87815
1.87786
1.87751
1.87715
1.87636
1.87592
1.87546
1.87497
1.87445
1.87382
1.87326
1.87266
1.87202
1.87075
1.87009
1.86866
1.86793
1.86681
1.86596
1.86427
1.86338
1.86245
1.86148
1.85955
1.85853
1.85749
1.8564
1.85528
1.85401
1.8528
1.85163
1.85043
1.84918
1.84679
1.8455
1.84415
1.84284
1.84146
1.84009
1.83869
1.83722
1.83581
1.83443
1.83294
1.83151
1.83002
1.82852
1.82701
1.82552
1.82391
1.82234
1.82073
1.81913
1.81747
1.81582
1.81412
1.81247
1.81061
1.80874
1.80693
1.80519
1.80346
1.80172
1.79996
1.7982
1.79644
1.79468
1.7929
1.79113
1.78934
1.78749
1.78569
1.78392
1.78212
1.78039
1.77867
1.77688
1.77517
1.77348
1.77176
1.77002
1.76788
1.76576
1.76362
1.76141
1.75953
1.7577
1.75573
1.75376
1.75209
1.74878
1.74546
1.74371
1.74028
1.73855
1.73672
1.73499
1.73337
1.73175
1.73007
1.72844
1.72687
1.72531
1.72345
1.72182
1.72042
1.71914
1.71673
1.71443
1.71314
1.71206
1.71104
1.7101
1.70918
1.70752
1.70671
1.70595
1.70522
1.70454
1.70394
1.70288
1.70235
1.70138
1.70092
1.70051
1.70012
1.69975
1.69941
1.69906
1.69872
1.69842
1.69813
1.69785
1.69759
1.69735
1.69713
1.69673
1.69633
1.69613
1.69594
1.69577
1.69559
1.69537
1.69504
1.69486
1.69469
1.69453
1.69438
1.69424
1.69397
1.69383
1.6937
1.69344
1.6933
1.69301
1.69271
1.69254
1.69235
1.69209
1.69186
1.69163
1.69134
1.69107
1.69078
1.69019
1.68988
1.68954
1.68911
1.68873
1.68833
1.68748
1.68702
1.68655
1.68606
1.68555
1.68502
1.68439
1.68378
1.68309
1.68232
1.68158
1.68087
1.68013
1.67944
1.67863
1.67777
1.67705
1.67636
1.67567
1.6747
1.67329
1.67258
1.67187
1.67093
1.66956
1.66886
1.66818
1.66681
1.66532
1.66404
1.66337
1.66271
1.66202
1.66136
1.66012
1.65949
1.65884
1.65822
1.65761
1.657
1.65581
1.65516
1.65454
1.65334
1.65211
1.6515
1.65034
1.64919
1.64864
1.64813
1.64769
1.64733
1.64677
1.64656
1.64646
1.64647
1.64658
1.64701
1.64753
1.64788
1.64831
1.64885
1.64996
1.65061
1.65144
1.65216
1.65292
1.65371
1.65454
1.65538
1.65621
1.65706
1.65793
1.65883
1.65965
1.66049
1.66211
1.66292
1.66373
1.66452
1.66595
1.66667
1.66737
1.66805
1.66868
1.66928
1.66984
1.67037
1.67087
1.67136
1.67217
1.67257
1.67293
1.67327
1.67358
1.67387
1.67413
1.6746
1.67506
1.67552
1.67599
1.67627
1.67652
1.67678
1.67704
1.67734
1.67764
1.67797
1.67839
1.67886
1.67986
1.68108
1.68255
1.68423
1.68633
1.68863
1.69122
1.69404
1.6971
1.70036
1.7043
1.70786
1.71157
1.71528
1.71737
1.71964
1.72344
1.72554
1.72944
1.73149
1.73536
1.73933
1.74137
1.74506
1.74898
1.75256
1.7545
1.75641
1.75831
1.7606
1.76245
1.76581
1.76915
1.77235
1.77559
1.77937
1.78257
1.7858
1.78743
1.79048
1.79352
1.79513
1.79677
1.79838
1.80152
1.80465
1.80758
1.81047
1.81338
1.81631
1.81916
1.82191
1.82356
1.82506
1.82785
1.83068
1.83351
1.83636
1.83902
1.84176
1.84446
1.84708
1.84957
1.85227
1.85389
1.85526
1.85695
1.8584
1.85975
1.86106
1.86234
1.86362
1.86593
1.86814
1.87023
1.87227
1.8742
1.87597
1.87691
1.87854
1.88008
1.88148
1.88217
1.8828
1.88388
1.88441
1.8853
1.88571
1.88634
1.88682
1.88723
1.88745
1.88752
1.88744
1.88723
1.88686
1.88638
1.88578
1.88509
1.88467
1.88376
1.88275
1.88167
1.88032
1.879
1.87755
1.87599
1.87433
1.87255
1.87069
1.86869
1.86661
1.86418
1.86184
1.85949
1.857
1.85432
1.85146
1.8487
1.84572
1.8428
1.83978
1.83655
1.83325
1.82993
1.82637
1.82285
1.81922
1.81535
1.81299
1.80909
1.80519
1.80124
1.79885
1.79627
1.79369
1.79124
1.78876
1.78602
1.78339
1.78071
1.77829
1.77375
1.76906
1.76454
1.75989
1.75508
1.75016
1.74512
1.74002
1.73494
1.72945
1.72412
1.71847
1.71236
1.70641
1.70021
1.69365
1.68661
1.68273
1.67547
1.67141
1.66425
1.65686
1.64989
1.64251
1.63511
1.62747
1.61997
1.61248
1.60476
1.59629
1.58815
1.58001
1.57166
1.56247
1.55373
1.54505
1.53588
1.5263
1.51695
1.50789
1.49859
1.48891
1.47933
1.46967
1.46012
1.45062
1.44086
1.43097
1.42067
1.41078
1.40121
1.39058
1.3805
1.3708
1.36127
1.35137
1.34048
1.33055
1.32057
1.3105
1.29725
1.28616
1.27635
1.26638
1.25601
1.24571
1.23532
1.22398
1.21327
1.2033
1.19301
1.18233
1.17219
1.16228
1.14909
1.13559
1.12054
1.10897
1.09815
1.08671
1.07685
1.06739
1.05765
1.04824
1.03933
1.02988
1.01963
1.01008
1.00074
0.991594
0.982316
0.973324
0.964406
0.955977
0.947411
0.938017
0.929616
0.920841
0.911714
0.903385
0.894394
0.885885
0.877509
0.869081
0.860916
0.852792
0.844786
0.835429
0.827419
0.818928
0.810909
0.801091
0.792361
0.783931
0.776252
0.768937
0.761165
0.753922
0.746601
0.73931
0.731896
0.72324
0.716089
0.708115
0.701011
0.694062
0.686852
0.680242
0.673363
0.666695
0.660151
0.653513
0.646162
0.639974
0.633298
0.626762
0.62029
0.614307
0.608292
0.602037
0.595785
0.589668
0.583749
0.577894
0.57166
0.565567
0.559974
0.55396
0.54802
0.54235
0.536819
0.531087
0.524809
0.519252
0.513295
0.507481
0.502113
0.497348
0.492093
0.487708
0.483668
0.479263
0.4752
0.471096
0.467424
0.463865
0.460173
0.456819
0.453579
0.449946
0.446851
0.443755
0.441037
0.438339
0.435373
0.432806
0.430596
0.428169
0.426219
0.424371
0.422541
0.420836
0.419181
0.417634
0.416141
0.414749
0.413402
0.412101
0.410855
0.409762
0.408654
0.407666
0.406707
0.405802
0.404883
0.40409
0.403344
0.402633
0.401853
0.401193
0.400643
0.400162
0.399683
0.399292
0.398994
0.39873
0.398548
0.398415
0.398353
0.398348
0.398408
0.398521
0.398683
0.398898
0.399181
0.399528
0.399908
0.400372
0.400854
0.401393
0.401981
0.402649
0.403351
0.404118
0.404984
0.405788
0.406676
0.407605
0.408559
0.409526
0.410574
0.411616
0.412698
0.413824
0.41496
0.416186
0.417439
0.418759
0.4201
0.421373
0.422793
0.424174
0.425788
0.427423
0.429025
0.430708
0.43257
0.434193
0.435963
0.437658
0.439377
0.441364
0.443183
0.445511
0.446986
0.448255
0.452652
0.454234
0.456772
0.458321
0.459444
0.460574
0.462002
0.463146
0.464703
0.465878
0.467121
0.468314
0.469539
0.471838
0.473068
0.474274
0.475437
0.476639
0.477908
0.479119
0.480284
0.482536
0.483759
0.48497
0.48612
0.487275
0.488397
0.489569
0.490763
0.491904
0.493036
0.494186
0.495303
0.496457
0.497985
0.499183
0.500266
0.501434
0.502509
0.503583
0.504759
0.505876
0.506956
0.508028
0.509083
0.510143
0.511148
0.512188
0.513258
0.514331
0.515325
0.516305
0.517268
0.518251
0.519212
0.520151
0.521248
0.522122
0.522897
0.523627
0.524327
0.52504
0.525714
0.526373
0.526988
0.52759
0.528146
0.52871
0.529183
0.529638
0.530036
0.530394
0.530688
0.530978
0.531175
0.531304
0.531361
0.531341
0.531234
0.53104
0.530768
0.530412
0.530001
0.529497
0.528914
0.528229
0.527405
0.526547
0.525676
0.524702
0.52352
0.522317
0.519831
0.517111
0.514242
0.512658
0.509248
0.507411
0.505265
0.501286
0.498631
0.496339
0.493868
0.489434
0.486915
0.484305
0.481658
0.478908
0.473495
0.468485
0.463111
0.457654
0.452139
0.446281
0.439621
0.435598
0.428926
0.422146
0.414867
0.407792
0.400132
0.395459
0.387273
0.378431
0.370098
0.361684
0.353316
0.343823
0.334698
0.32384
0.313241
0.302934
0.292104
0.281667
0.271364
0.260712
0.250291
0.238933
0.22705
0.215819
0.204839
0.194059
0.183403
0.172102
0.160787
0.149264
0.136843
0.123491
0.110312
0.0969209
0.0831894
0.0699383
0.0571661
0.0428698
0.0287822
0.0153431
0.00232024
-0.0118262
-0.025438
-0.0398013
-0.0543976
-0.0688003
-0.0835492
-0.0990897
-0.11359
-0.128054
-0.142693
-0.159489
-0.175387
-0.19062
-0.205807
-0.221601
-0.237005
-0.2528
-0.26839
-0.283715
-0.300005
-0.317812
-0.338814
-0.357627
-0.377321
-0.396195
-0.414944
-0.434248
-0.450401
-0.466034
-0.4823
-0.499094
-0.515825
-0.532721
-0.549352
-0.564954
-0.580628
-0.597067
-0.612996
-0.628344
-0.643022
-0.658789
-0.674601
-0.68862
-0.702417
-0.716526
-0.730029
-0.743895
-0.7578
-0.771013
-0.785831
-0.799695
-0.813975
-0.826904
-0.83966
-0.852971
-0.865707
-0.878841
-0.891993
-0.904313
-0.915389
-0.926497
-0.937895
-0.949095
-0.959563
-0.969934
-0.979977
-0.990651
-1.00059
-1.01059
-1.02131
-1.03196
-1.04164
-1.05126
-1.06078
-1.07034
-1.07917
-1.08786
-1.09658
-1.10472
-1.11274
-1.12073
-1.12822
-1.13585
-1.14354
-1.15078
-1.15753
-1.16458
-1.17098
-1.17713
-1.18316
-1.18895
-1.20209
-1.20838
-1.21278
-1.21684
-1.22041
-1.22398
-1.22669
-1.22903
-1.23119
-1.23322
-1.23492
-1.23605
-1.23716
-1.23774
-1.23779
-1.23727
-1.23665
-1.23571
-1.2336
-1.23116
-1.22709
-1.2249
-1.22115
-1.21837
-1.21528
-1.2117
-1.20806
-1.20391
-1.19983
-1.19202
-1.18402
-1.17545
-1.16645
-1.1566
-1.14618
-1.13482
-1.123
-1.1104
-1.09757
-1.08419
-1.07003
-1.05592
-1.04113
-1.0264
-1.0108
-0.995167
-0.977626
-0.968186
-0.951409
-0.942398
-0.925244
-0.908244
-0.891519
-0.87495
-0.858723
-0.840588
-0.824729
-0.808615
-0.791953
-0.775669
-0.760614
-0.745467
-0.729681
-0.715326
-0.700629
-0.686679
-0.6734
-0.660295
-0.648067
-0.636418
-0.626676
-0.617785
-0.608429
-0.599273
-0.59047
-0.581881
-0.573126
-0.564573
-0.556764
-0.548837
-0.541329
-0.533978
-0.526881
-0.519894
-0.51275
-0.506077
-0.499469
-0.493269
-0.487409
-0.481711
-0.476131
-0.470748
-0.46458
-0.458962
-0.454179
-0.448795
-0.444255
-0.439485
-0.43494
-0.430531
-0.426526
-0.422663
-0.417871
-0.413309
-0.408687
-0.405054
-0.401396
-0.398192
-0.394856
-0.392083
-0.389787
-0.387587
-0.385165
-0.383342
-0.381687
-0.380128
-0.378745
-0.377517
-0.376449
-0.375669
-0.374962
-0.374489
-0.374085
-0.373828
-0.373723
-0.373719
-0.373826
-0.374013
-0.374306
-0.374677
-0.375115
-0.375634
-0.376235
-0.376966
-0.377663
-0.378451
-0.379328
-0.380211
-0.381232
-0.382376
-0.383558
-0.3851
-0.38658
-0.388331
-0.390016
-0.3918
-0.393625
-0.395475
-0.397384
-0.399306
-0.401314
-0.403357
-0.405443
-0.407473
-0.409487
-0.411504
-0.41347
-0.415353
-0.417115
-0.419103
-0.420746
-0.422275
-0.42374
-0.425018
-0.426216
-0.427272
-0.428236
-0.429073
-0.429829
-0.430477
-0.431066
-0.431576
-0.432007
-0.432386
-0.43267
-0.432889
-0.433048
-0.433154
-0.4332
-0.433191
-0.43313
-0.433007
-0.43285
-0.432638
-0.432368
-0.432065
-0.431688
-0.431211
-0.430706
-0.430197
-0.429649
-0.429055
-0.428386
-0.427727
-0.427094
-0.426424
-0.425636
-0.424873
-0.424083
-0.423322
-0.422479
-0.421672
-0.420757
-0.419849
-0.419051
-0.418244
-0.417417
-0.416583
-0.41577
-0.414866
-0.414007
-0.413126
-0.412216
-0.411253
-0.410216
-0.409202
-0.408158
-0.407048
-0.405923
-0.404766
-0.403614
-0.402401
-0.401076
-0.399699
-0.398266
-0.396832
-0.395405
-0.394003
-0.392372
-0.390846
-0.389345
-0.387683
-0.386126
-0.384499
-0.382932
-0.381257
-0.379623
-0.377975
-0.376341
-0.374703
-0.372742
-0.371038
-0.369168
-0.367435
-0.365783
-0.364201
-0.362571
-0.360875
-0.359346
-0.357782
-0.356233
-0.354848
-0.353301
-0.351789
-0.35027
-0.348886
-0.347437
-0.346058
-0.344661
-0.343321
-0.342058
-0.340761
-0.339484
-0.338269
-0.337034
-0.335845
-0.334549
-0.333319
-0.332068
-0.330934
-0.329884
-0.328785
-0.32776
-0.326571
-0.325457
-0.324452
-0.323499
-0.322548
-0.321629
-0.320756
-0.319807
-0.318853
-0.317986
-0.317182
-0.3163
-0.315458
-0.314416
-0.313455
-0.312648
-0.311883
-0.311066
-0.310232
-0.309334
-0.308539
-0.307756
-0.306963
-0.306166
-0.305344
-0.304533
-0.303728
-0.302734
-0.301668
-0.300564
-0.299523
-0.298521
-0.297512
-0.296362
-0.295328
-0.294419
-0.293455
-0.292538
-0.291582
-0.290642
-0.289646
-0.28857
-0.287361
-0.286153
-0.285042
-0.28402
-0.282734
-0.281485
-0.28039
-0.279268
-0.278061
-0.276975
-0.275882
-0.274741
-0.273607
-0.27246
-0.271286
-0.270055
-0.268818
-0.267682
-0.266497
-0.265336
-0.264023
-0.262789
-0.261517
-0.2602
-0.258772
-0.257464
-0.256207
-0.254895
-0.253576
-0.252147
-0.250864
-0.249425
-0.247895
-0.246524
-0.24521
-0.243812
-0.242209
-0.240679
-0.239059
-0.237489
-0.235836
-0.23419
-0.232526
-0.230805
-0.228878
-0.227048
-0.225261
-0.223245
-0.221237
-0.219261
-0.217213
-0.215278
-0.212996
-0.210237
-0.208029
-0.205715
-0.203388
-0.200729
-0.198205
-0.195419
-0.192844
-0.190357
-0.187509
-0.184873
-0.182429
-0.179773
-0.177199
-0.17428
-0.171492
-0.16864
-0.165874
-0.163081
-0.16019
-0.157188
-0.15411
-0.150997
-0.148058
-0.145101
-0.142124
-0.138766
-0.135753
-0.132788
-0.129504
-0.126522
-0.123538
-0.120536
-0.117456
-0.114353
-0.111275
-0.107988
-0.104193
-0.100714
-0.0975519
-0.0939957
-0.090849
-0.0877134
-0.0846475
-0.0815762
-0.0788937
-0.0761508
-0.0734664
-0.0705973
-0.0677449
-0.0651974
-0.0626442
-0.0600608
-0.0575343
-0.0549983
-0.0526014
-0.0501774
-0.0476962
-0.0451786
-0.042728
-0.0401183
-0.0378996
-0.0356566
-0.0333222
-0.0309283
-0.0285948
-0.0263815
-0.0240536
-0.0219968
-0.0198023
-0.0176899
-0.015707
-0.0138018
-0.0119634
-0.0101532
-0.00830476
-0.00659055
-0.0048152
-0.00297189
-0.0011786
0.000368873
0.0019333
0.00335502
0.00505197
0.00642492
0.00777297
0.00914077
0.0103934
0.0115546
0.0129382
0.0140514
0.0150723
0.0160072
0.0169402
0.0178194
0.0187293
0.019516
0.0203361
0.0214395
0.0221508
0.0231432
0.0238254
0.0244734
0.0250648
0.0257486
0.0264383
0.0269798
0.0274927
0.0279818
0.0286702
0.0292892
0.0298129
0.0302379
0.0306722
0.0310714
0.0314613
0.0320248
0.0324223
0.032804
0.0331769
0.0335331
0.0338971
0.0342874
0.0347329
0.0351113
0.0355235
0.0359265
0.0363189
0.0367314
0.0372492
0.0378106
0.0382794
0.0387234
0.0391667
0.0397095
0.0402515
0.0407701
0.0412772
0.0418287
0.0425103
0.0432665
0.0440057
0.0449153
0.0455766
0.04626
0.0472153
0.0479691
0.0487636
0.0495073
0.0505363
0.0513284
0.0520785
0.0528676
0.0536518
0.0545167
0.0553569
0.0562082
0.0570626
0.0579566
0.0588632
0.0597075
0.0605865
0.0615329
0.0624271
0.0632897
0.0642128
0.0650921
0.0659635
0.0668164
0.0676948
0.0685456
0.0693946
0.0702101
0.0710295
0.0718268
0.072624
0.0734031
0.0741716
0.0749037
0.0756168
0.0762935
0.0769172
0.0777743
0.0786223
0.079177
0.0797756
0.0804122
0.0809855
0.081655
0.0823357
0.0830463
0.0838746
0.0848662
0.085876
0.0870948
0.0884548
0.0899591
0.0916387
0.0933717
0.0954397
0.0976072
0.100291
0.103003
0.105868
0.109294
0.112946
0.116521
0.120348
0.124582
0.12916
0.13366
0.138878
0.14398
0.149384
0.154997
0.160875
0.166836
0.17329
0.179862
0.186862
0.193722
0.201282
0.208771
0.216078
0.224244
0.231744
0.240404
0.25143
0.260225
0.269326
0.278986
0.290564
0.303348
0.314842
0.323851
0.334095
0.343783
0.35286
0.36388
0.373835
0.382708
0.392041
0.401175
0.412157
0.42313
0.437431
0.450412
0.463269
0.474886
0.488366
0.501719
0.514417
0.52756
0.540173
0.554061
0.567812
0.581345
0.596456
0.616921
0.632475
0.647155
0.663249
0.68055
0.70067
0.716675
0.731661
0.748618
0.765242
0.783623
0.803126
0.8255
0.844659
0.863353
0.881986
0.900424
0.918967
0.937945
0.956562
0.974147
0.992137
1.00958
1.02709
1.04483
1.06277
1.08203
1.10288
1.1204
1.14019
1.16411
1.18564
1.2038
1.22212
1.23999
1.25739
1.27514
1.29147
1.30965
1.32776
1.34376
1.35992
1.37621
1.39167
1.40713
1.42386
1.43947
1.45512
1.47042
1.48569
1.50132
1.51667
1.53201
1.54774
1.56203
1.57645
1.59081
1.60417
1.61756
1.63064
1.6432
1.65609
1.6687
1.6811
1.69248
1.7035
1.71017
1.72067
1.73138
1.74107
1.74996
1.75883
1.76653
1.77389
1.78184
1.78572
1.78938
1.7938
1.79669
1.79957
1.80206
1.80448
1.80691
1.81039
1.81206
1.81444
1.81626
1.817
1.81788
1.81831
1.81832
1.8179
1.81709
1.8159
1.81503
1.81296
1.8105
1.80771
1.80606
1.80248
1.80014
1.79792
1.79566
1.79321
1.79063
1.78798
1.78515
1.78225
1.77911
1.77576
1.77234
1.76869
1.76505
1.7605
1.75488
1.75041
1.74616
1.74183
1.73742
1.7328
1.72832
1.72399
1.71922
1.71465
1.71018
1.70556
1.70092
1.69634
1.6917
1.68721
1.68246
1.67749
1.67284
1.66805
1.66359
1.65931
1.65502
1.65093
1.64682
1.64274
1.6388
1.6351
1.63154
1.62796
1.62432
1.62127
1.61847
1.6158
1.61327
1.61097
1.60879
1.60684
1.60505
1.60335
1.6018
1.60043
1.59912
1.59799
1.59696
1.59603
1.59513
1.59438
1.59367
1.59303
1.59243
1.59189
1.59142
1.59097
1.59055
1.59017
1.58984
1.58947
1.58908
1.58875
1.58848
1.58821
1.58796
1.58766
1.5874
1.58719
1.587
1.58682
1.58662
1.58642
1.58622
1.58601
1.58578
1.58554
1.58527
1.58499
1.58469
1.58441
1.58411
1.58379
1.58344
1.58308
1.5827
1.58229
1.58184
1.58142
1.58098
1.58054
1.58005
1.57957
1.57907
1.57859
1.57808
1.57757
1.57704
1.57653
1.576
1.57548
1.57497
1.57444
1.57391
1.57337
1.5728
1.57226
1.57172
1.57116
1.57059
1.56989
1.56928
1.56873
1.56816
1.56755
1.56696
1.56637
1.56581
1.56524
1.56467
1.56412
1.56358
1.56304
1.5625
1.56195
1.56142
1.5609
1.56037
1.55983
1.5593
1.55872
1.55816
1.55756
1.55696
1.55636
1.55575
1.55512
1.55448
1.55381
1.55312
1.55246
1.55167
1.55098
1.55032
1.54965
1.54885
1.54814
1.54744
1.54674
1.54602
1.54531
1.54461
1.54391
1.54325
1.54256
1.54183
1.54117
1.54051
1.53988
1.53922
1.53855
1.53792
1.53729
1.53668
1.53606
1.53546
1.5348
1.53411
1.53345
1.53286
1.5323
1.53172
1.53117
1.53066
1.53021
1.52978
1.52934
1.52892
1.52851
1.5281
1.52773
1.52737
1.52703
1.52669
1.52641
1.52615
1.52595
1.52578
1.52567
1.52561
1.52561
1.52566
1.52577
1.52592
1.52614
1.52639
1.52668
1.52704
1.52743
1.52785
1.5283
1.52878
1.52928
1.52981
1.53032
1.53086
1.5314
1.53198
1.5326
1.53319
1.53376
1.5344
1.53501
1.53564
1.53628
1.53686
1.5375
1.53814
1.53879
1.53949
1.54017
1.54081
1.54142
1.54202
1.54262
1.54323
1.54384
1.54447
1.5448
1.5448
1.5448
1.5448
1.5448
1.5448
1.5448
1.5448
1.5448
1.5448
1.5448
1.5448
1.5448
1.5448
1.5448
1.5448
1.5448
1.5448
1.5448
1.5448
1.5448
1.5448
1.5448
1.5448
1.5448
1.5448
1.5448
1.5448
1.5448
1.5448
1.5448
1.5448
1.5448
1.5448
1.5448
1.5448
1.5448
1.5448
1.5448
1.5448
1.5448
1.5448
1.5448
1.5448
1.5448
1.5448
1.5448
1.5448
1.5448
1.5448
1.5448
1.5448
1.5448
1.5448
1.5448
1.5448
1.5448
1.5448
1.5448
1.5448
1.5448
1.5448
1.5448
1.5448
1.5448
1.5448
1.5448
1.5448
1.5448
1.5448
1.5448
1.5448
1.5448
1.5448
1.5448
1.5448
1.5448
1.5448
1.5448
1.5448
1.5448
1.5448
1.5448
1.5448
1.5448
1.5448
1.5448
1.5448
1.5448
1.5448
1.5448
1.5448
1.5448
1.5448
1.5448
1.5448
1.5448
1.5448
1.5448
1.5448
1.5448
1.5448
1.5448
1.5448
1.5448
1.5448
1.5448
1.5448
1.5448
1.5448
1.5448
1.5448
1.5448
1.5448
1.5448
1.5448
1.5448
1.5448
1.5448
1.5448
1.5448
1.5448
1.5448
1.5448
1.5448
1.5448
1.5448
1.5448
1.5448
1.5448
1.5448
1.5448
1.5448
1.5448
1.5448
1.5448
1.5448
1.5448
1.5448
1.5448
1.5448
1.5448
1.5448
1.5448
1.5448
1.5448
1.5448
1.5448
1.5448
1.5448
1.5448
1.5448
1.5448
1.5448
1.5448
1.5448
1.5448
1.5448
1.5448
1.5448
1.5448
1.5448
1.5448
1.5448
1.5448
1.5448
1.5448
1.5448
1.5448
1.5448
1.5448
1.5448
1.5448
1.5448
1.5448
1.5448
1.5448
1.5448
1.5448
1.5448
1.5448
1.5448
1.5448
1.5448
1.5448
1.5448
1.5448
1.5448
1.5448
1.5448
1.5448
1.5448
1.5448
1.5448
1.5448
1.5448
1.5448
1.5448
1.5448
1.5448
1.5448
1.5448
1.5448
1.5448
1.5448
1.5448
1.5448
1.5448
1.5448
1.5448
1.5448
1.5448
1.5448
1.5448
1.5448
1.5448
1.5448
1.5448
1.5448
1.5448
1.5448
1.5448
1.5448
1.5448
1.5448
1.5448
1.5448
1.5448
1.5448
1.5448
1.5448
1.5448
1.5448
1.5448
1.5448
1.5448
1.5448
1.5448
1.5448
1.5448
1.5448
1.5448
1.5448
1.5448
1.5448
1.5448
1.5448
1.5448
1.5448
1.5448
1.5448
1.5448
1.5448
1.5448
1.5448
1.5448
1.5448
1.5448
1.5448
1.5448
1.5448
1.5448
1.5448
1.5448
1.5448
1.5448
1.5448
1.5448
1.5448
1.5448
1.5448
1.5448
1.5448
1.5448
1.5448
1.5448
1.5448
1.5448
1.5448
1.5448
1.5448
1.5448
1.5448
1.5448
1.5448
1.5448
1.5448
1.5448
1.5448
1.5448
1.5448
1.5448
1.5448
1.5448
1.5448
1.5448
1.5448
1.5448
1.5448
1.5448
1.5448
1.5448
1.5448
1.5448
1.5448
1.5448
1.5448
1.5448
1.5448
1.5448
1.5448
1.5448
1.5448
1.5448
1.5448
1.5448
1.5448
1.5448
1.5448
1.5448