
0
2912.6
-1491.34
-671.942
1496.64
-1840.25
833.351
368.295
-126.935
-137.746
-114.725
262.887
-381.029
74.5574
338.284
-50.5704
-349.398
433.504
-427.586
313.534
-373.496
549.833
-329.956
-69.0574
252.802
-181.531
-69.7227
187.172
-118.735
139.265
-213.902
216.885
-77.8191
-179.012
238.338
-75.5023
-63.3811
177.162
-294.011
429.608
-550.069
478.733
-213.855
-45.9803
173.701
-159.645
103.063
-76.2358
-0.124569
129.878
-232.395
247.356
-136.701
12.9419
49.6612
-117.257
141.59
-84.5872
-20.9033
196.126
-325.711
334.194
-297.604
209.395
-96.168
-13.2902
115.649
-147.145
97.6857
-20.5885
-46.1556
78.3754
-76.4181
81.3498
-38.3418
-53.6823
93.104
-101.166
54.0301
45.687
-106.209
160.186
-207.523
189.65
-133.05
49.6404
33.3743
-53.7838
47.8409
-34.6138
-3.19803
41.326
-80.7439
91.5355
-45.9802
-2.38983
40.1988
-82.1118
74.0806
-39.6193
3.79076
74.2602
-128.16
144.038
-148.896
111.559
-61.8952
19.3295
25.0198
-44.7501
28.1886
3.67611
-45.5768
68.2226
-64.2062
65.2476
-38.5091
-0.698876
20.9723
-43.9014
30.825
8.65293
-25.608
54.6455
-85.2705
85.8108
-79.981
59.7919
-27.8329
7.03998
3.69455
-5.90677
-2.47013
18.6864
-39.5725
49.0749
-32.3881
24.8023
-16.6447
-4.54928
4.07521
-10.2722
8.82501
20.1816
-36.5918
45.5495
-50.791
41.6723
-31.0571
23.6437
-10.3092
0.576669
-1.55132
9.38395
-22.7502
28.3238
-32.721
37.5094
-24.3161
13.2368
-5.56043
-12.8903
8.10656
7.28864
-11.3803
23.0914
-33.4286
42.843
-43.3486
28.0248
-13.8811
6.66009
-6.59521
7.49421
-10.0817
14.5461
-26.231
33.8355
-31.3311
33.6438
-22.1725
10.7683
-9.99383
-0.694376
1.77758
5.21404
-10.1751
25.1624
-35.8467
32.7837
-26.7938
23.1954
-19.5222
8.73868
-0.462817
4.75246
-11.6655
15.0709
-24.8392
31.3102
-22.6686
23.4101
-19.6347
7.02345
-7.55435
0.341172
1.67219
7.62813
-12.2857
19.4179
-22.9088
22.6532
-21.6442
18.8315
-11.9863
4.6337
-1.74174
2.76477
-12.6794
19.8693
-23.5782
25.7532
-17.1614
17.5073
-16.8741
1.8742
-0.406447
2.49144
-2.24179
10.7696
-17.3177
21.6004
-22.069
21.7242
-20.2627
12.2064
-3.18866
1.92268
-7.1402
8.38789
-17.1808
23.5608
-21.477
26.4139
-20.9897
12.8839
-7.06479
-4.22062
1.3526
6.78031
-9.67693
16.5356
-22.3256
22.765
-20.8691
16.4219
-8.28043
3.31224
-2.59384
4.94962
-13.1741
14.7984
-17.6324
23.1276
-17.2671
17.8018
-14.5148
4.29811
-2.69881
-0.714996
-1.43239
7.70985
-12.7283
18.5096
-20.4299
19.0913
-14.8623
10.416
-3.46099
1.19859
-3.35568
5.11174
-13.9199
17.3698
-17.8516
19.9853
-13.352
10.9705
-7.79194
-0.738951
-1.60694
4.97585
-6.58049
11.3755
-15.2568
17.7337
-16.6532
13.2062
-8.27299
7.59626
-5.37406
3.61838
-8.56785
7.94089
-13.6493
19.7752
-17.886
16.6166
-6.82369
2.34231
-5.07541
4.72848
-7.36743
9.63889
-12.0272
15.076
-16.1638
12.9575
-8.659
7.93399
-6.54714
8.51379
-8.98345
5.99536
-9.38427
10.7577
-14.1032
16.3947
-9.99211
8.93659
-6.66694
4.73452
-5.88496
4.78916
-7.37179
9.17563
-12.3086
14.5166
-13.2851
9.47508
-5.71802
7.32037
-5.36378
6.49094
-7.82323
5.99668
-11.6016
11.6937
-10.4149
11.9584
-7.97998
7.38073
-7.31061
5.91882
-6.5155
6.0894
-7.38182
9.2009
-11.0072
10.8497
-10.5692
11.3816
-8.8416
8.50845
-4.8287
2.88078
-6.66837
6.73695
-11.5088
12.2926
-10.1531
12.5483
-9.83738
7.31849
-4.81429
3.63308
-5.27605
7.50289
-11.2214
11.4612
-10.2662
8.65934
-8.71746
8.34051
-5.03655
6.75067
-5.73785
4.66515
-9.51013
8.71964
-10.0903
11.3789
-8.21621
9.35296
-7.33304
4.7434
-3.8714
4.2109
-7.30004
9.43489
-11.3186
9.66601
-9.17574
8.01158
-6.52858
6.57932
-1.88127
4.14282
-6.33217
6.15356
-11.9985
10.4361
-8.5129
10.3986
-8.41716
6.62943
-4.74203
3.3885
-3.65214
6.41072
-9.11116
8.87603
-9.03877
8.26553
-9.60772
8.33204
-3.70349
4.49783
-2.47288
4.38524
-8.50084
6.93443
-10.659
11.121
-9.02293
8.50015
-5.32042
3.61104
-3.63565
6.01482
-6.93684
8.26477
-8.82419
7.3101
-8.59686
6.99111
-5.93865
5.39873
-4.00948
6.7785
-6.6571
6.5176
-8.56399
7.14831
-7.16539
7.70209
-6.67032
6.31389
-5.91409
6.10375
-6.27501
6.6937
-6.62259
6.43778
-6.77936
6.32283
-6.45539
6.30781
-6.31849
6.4381
-6.38643
6.424
-6.17906
6.47163
-6.07018
6.31875
-6.3057
5.91426
-6.28698
6.41889
-6.47247
6.26532
-6.82911
6.19593
-6.03537
6.05659
-5.33599
6.37598
-6.03903
6.61321
-6.90137
6.03934
-6.8824
5.82042
-5.36482
6.13198
-5.50766
5.63712
-5.9446
5.65198
-5.81632
6.10315
-6.08038
6.17536
-6.52632
5.84082
-5.64871
5.74753
-4.76297
5.88069
-5.90018
5.83695
-6.93387
5.77017
-6.3699
6.06107
-5.16211
5.64875
-4.92199
5.12264
-5.70542
6.0461
-5.63331
5.94623
-6.1082
5.23032
-5.88365
5.29317
-5.15184
5.84745
-5.33629
6.17296
-5.92513
5.32589
-6.26978
5.50056
-5.56129
6.04703
-5.29615
5.60994
-5.18647
4.97562
-5.17644
5.22473
-5.34102
5.72532
-6.18134
5.04305
-5.63068
5.22072
-4.51108
5.86376
-5.07714
5.74574
-5.99398
5.19926
-5.8471
5.09234
-4.93585
5.3418
-5.11296
5.21487
-5.46108
5.27125
-4.91095
5.1243
-4.85945
4.83392
-5.36889
4.9061
-5.51017
5.6356
-4.70441
5.58084
-4.9549
5.06942
-5.80638
4.88223
-5.48114
5.01628
-4.68741
4.92431
-4.69226
4.93558
-4.94013
5.24124
-4.73842
5.21951
-5.15733
4.58464
-5.17725
4.25286
-4.87366
5.53231
-4.96635
5.83835
-5.21901
4.64047
-5.30536
4.70946
-4.63393
4.85035
-4.51136
4.57975
-4.91814
5.2565
-5.0552
5.04435
-4.39831
4.55101
-4.9255
4.18417
-5.19319
4.71246
-4.79086
5.81644
-4.89
5.36278
-4.74039
4.05237
-4.57189
4.33731
-4.38224
4.64473
-5.01764
4.80046
-4.83989
4.55828
-4.0083
4.49946
-4.35453
4.55946
-4.76867
4.27455
-5.3008
5.11037
-4.4121
5.23429
-4.38925
4.48863
-4.87833
3.9914
-4.00762
3.96477
-4.5357
4.93764
-5.15222
4.67204
-4.18256
4.47588
-3.97199
4.48244
-4.08259
4.044
-5.02645
4.78691
-5.63679
5.17012
-4.18323
4.65821
-4.10002
3.92307
-4.41085
4.17318
-4.11967
4.43964
-4.60311
4.46687
-4.58126
4.42236
-4.00678
4.31606
-3.95851
4.204
-4.23775
3.9906
-5.01759
4.32938
-4.69842
5.11363
-4.09668
4.44914
-3.90129
3.43798
-3.57025
3.81967
-4.13278
4.44392
-4.73181
4.16137
-4.37636
4.18156
-3.88624
4.20024
-3.58627
3.90102
-4.30559
4.22267
-4.91839
4.38599
-4.16177
4.69622
-4.02315
4.19159
-3.97029
3.28347
-3.4546
3.79707
-4.18572
4.03016
-4.27888
4.04664
-4.45708
4.75834
-3.87781
4.02896
-3.32103
3.74663
-4.42931
3.92785
-4.6776
4.46005
-4.20123
4.4141
-3.88041
3.55687
-3.44588
3.47581
-3.62383
3.89064
-3.83341
3.77284
-4.29501
4.16333
-4.16558
4.34593
-3.53801
3.78732
-3.57796
3.39745
-4.31612
4.07173
-4.60513
4.49261
-3.80882
3.77671
-3.23344
3.12971
-3.13876
3.7361
-3.80719
3.99255
-4.26896
3.6354
-3.93635
3.59371
-3.51319
3.90624
-3.54424
3.98952
-3.92394
3.64863
-4.16626
3.97322
-3.87053
3.82575
-3.29825
3.31796
-3.3431
3.50141
-3.60275
3.71841
-3.62386
3.53909
-4.04862
3.59493
-3.91833
3.9001
-3.39051
3.96665
-3.5145
3.70068
-3.79557
3.70464
-4.16346
3.80286
-3.69079
3.55928
-3.43604
3.24414
-3.32909
3.5275
-3.22796
3.5693
-3.73829
3.73596
-4.00759
3.60335
-3.60837
3.74021
-3.38954
3.78545
-3.52819
3.40269
-3.8332
3.66319
-3.81527
3.37039
-3.13706
3.07993
-3.1471
3.47146
-3.32516
3.5544
-3.11796
3.3716
-3.66
3.34138
-3.76888
3.39197
-3.46647
3.61047
-3.23024
3.42495
-3.31825
3.35372
-3.76382
3.7305
-3.4031
3.18223
-3.04374
2.87702
-2.98722
3.21805
-3.14427
3.66621
-3.72124
3.49857
-3.66355
3.10162
-3.42818
3.418
-3.29917
3.65469
-3.18899
3.42211
-3.4514
3.42964
-3.34797
3.15076
-3.2031
3.02052
-3.36812
3.04028
-2.97276
3.31369
-3.12519
3.51366
-3.52216
3.44171
-3.56355
3.15113
-3.2436
3.2713
-3.02199
3.47609
-3.48139
3.3871
-3.36582
3.08484
-2.97261
3.00473
-3.23907
2.84506
-3.06453
3.14023
-2.98081
3.55709
-3.12558
3.2625
-3.31932
3.13489
-3.46323
3.12185
-3.16547
3.11805
-3.0261
3.27112
-3.4139
3.20925
-2.99161
3.13333
-2.78196
2.78259
-3.09873
2.81566
-3.00603
3.18096
-2.9118
3.26734
-3.1307
3.08342
-3.2853
2.87297
-3.18215
3.0262
-2.94922
3.24666
-3.00416
3.02713
-3.07191
3.03903
-2.68121
3.0387
-3.01149
2.72348
-3.2342
2.66686
-2.75845
3.19624
-2.98236
3.2454
-3.15823
3.03991
-3.1177
2.89433
-2.88011
2.99727
-2.96678
3.2866
-3.37458
3.00413
-2.85013
2.79151
-2.45748
2.67359
-2.97053
2.71086
-3.37038
3.23315
-2.93975
3.26413
-2.64075
2.85538
-2.90792
2.68585
-2.88945
2.82065
-3.01841
3.20445
-3.12975
2.8639
-3.0329
2.71438
-2.49463
2.8857
-2.34143
2.50667
-3.02099
2.7022
-3.05692
3.10205
-2.69881
3.10761
-2.8453
2.64602
-2.80612
2.36458
-2.63045
2.9157
-2.9035
2.94382
-2.89864
2.71862
-2.82815
2.80876
-2.2818
2.66704
-2.31098
2.27608
-3.08194
2.72581
-3.09463
3.18423
-2.75408
2.94115
-2.60554
2.31801
-2.60469
2.54296
-2.55494
3.00962
-2.81869
2.91148
-3.23758
2.73467
-2.60836
2.6009
-2.08505
2.48517
-2.6915
2.42632
-3.1633
2.93815
-2.93602
3.33918
-2.57915
2.55811
-2.55813
2.36987
-2.63679
2.74125
-2.61657
2.84963
-2.80955
2.49967
-3.04235
2.68007
-2.47052
2.74378
-2.11751
2.40231
-2.63367
2.40469
-2.96704
2.89689
-2.54883
2.87066
-2.41145
2.33635
-2.71203
2.2607
-2.50756
2.73323
-2.36328
2.54457
-2.63295
2.24678
-2.75179
2.78268
-2.25969
2.84879
-2.25641
2.1133
-2.72976
2.27745
-2.73633
2.87218
-2.40663
2.62088
-2.48392
2.2126
-2.59584
2.425
-2.29927
2.87668
-2.49139
2.51586
-2.81261
2.1922
-2.41099
2.62034
-2.19613
2.7321
-2.67256
2.3257
-2.94083
2.47512
-2.49138
2.77455
-2.09268
2.37671
-2.53316
2.26371
-2.61325
2.63855
-2.27058
2.806
-2.61766
2.13494
-2.74137
2.10909
-2.18086
2.80061
-2.20482
2.59173
-2.76823
2.31592
-2.62894
2.33236
-1.95733
2.4732
-2.21185
2.34561
-2.81628
2.22465
-2.43159
2.61424
-1.99544
2.26043
-2.31871
1.85654
-2.6477
2.62119
-2.18436
2.74891
-2.09622
2.22342
-2.65936
2.02685
-2.29988
2.30951
-2.05348
2.49226
-2.3643
2.06444
-2.59261
2.24893
-2.17382
2.74967
-1.97105
2.16129
-2.53048
1.84869
-2.32343
2.47194
-2.05337
2.7391
-2.5046
2.01679
-2.46413
1.96272
-2.19321
2.5606
-1.95286
2.34839
-2.43008
2.01855
-2.5666
2.51058
-1.99858
2.65109
-2.24706
1.90654
-2.54061
1.81978
-2.17472
2.72674
-2.14033
2.57884
-2.54528
1.97845
-2.35048
2.07265
-1.77106
2.41362
-2.07886
2.28689
-2.72096
1.9664
-2.33209
2.46359
-1.7935
2.34865
-2.32615
1.74342
-2.44258
2.12541
-1.88691
2.60793
-1.97505
2.17432
-2.39664
1.73973
-2.19822
2.18304
-1.76945
2.27453
-2.0577
1.77661
-2.55741
2.12019
-2.07426
2.53236
-1.6542
2.00305
-2.2661
1.69521
-2.34993
2.37241
-1.90486
2.49047
-2.05329
1.71705
-2.31006
1.74472
-2.05056
2.45925
-1.88334
2.33838
-2.2316
1.64797
-2.22986
2.11655
-1.8659
2.67828
-2.09377
1.90488
-2.41446
1.65721
-2.12021
2.4073
-1.8602
2.40821
-2.2402
1.68373
-2.13532
1.74419
-1.63196
2.49484
-2.01393
2.23519
-2.55496
1.71151
-2.10823
2.08566
-1.52618
2.17164
-2.04713
1.75304
-2.58493
2.11971
-1.96756
2.48997
-1.6731
1.97203
-2.1693
1.50456
-1.95886
1.88083
-1.59184
2.31327
-2.09012
1.92418
-2.54906
1.80662
-1.90054
2.24297
-1.40118
1.91454
-2.05353
1.63735
-2.35009
2.18551
-1.80427
2.42838
-1.83826
1.6263
-2.1514
1.38599
-1.83879
2.25669
-1.62514
2.13442
-2.05928
1.67201
-2.35317
2.03589
-1.68359
2.25095
-1.56751
1.68846
-2.19477
1.48701
-2.06979
2.28746
-1.76486
2.25755
-1.93033
1.45223
-2.05879
1.60977
-1.56177
2.24603
-1.62674
2.1075
-2.40348
1.62178
-2.08616
1.98831
-1.57608
2.17687
-1.86118
1.53923
-2.13125
1.58035
-1.79707
2.38148
-1.6176
2.08506
-2.12219
1.42724
-1.95587
1.66501
-1.31589
2.14607
-1.88087
1.88093
-2.51671
1.70515
-1.83346
2.02473
-1.28281
1.81309
-1.8876
1.54513
-2.15744
1.92597
-1.6281
2.19012
-1.56114
1.63591
-2.12334
1.31719
-1.84893
1.9286
-1.32098
2.0205
-1.90639
1.62875
-2.24547
1.81184
-1.57146
2.07565
-1.40151
1.58239
-1.93925
1.36684
-2.00862
2.01054
-1.53204
2.12177
-1.7203
1.41071
-2.05996
1.38378
-1.44856
2.07219
-1.37747
1.89862
-2.11254
1.52548
-2.06314
1.94818
-1.49704
1.86318
-1.46598
1.31794
-2.04243
1.61729
-1.93934
2.26422
-1.5102
2.06668
-1.82985
1.1775
-1.72252
1.41052
-1.39148
2.24641
-1.82758
1.77672
-2.17621
1.45108
-1.74189
1.85526
-1.23806
1.77823
-1.79463
1.57689
-2.11258
1.60931
-1.40136
2.04912
-1.44267
1.74097
-2.00762
1.08141
-1.67347
1.68018
-1.20588
1.86095
-1.7211
1.54443
-2.09864
1.62008
-1.33955
1.71502
-1.1819
1.62484
-1.98481
1.47361
-2.01311
1.74684
-1.25589
1.75784
-1.32826
1.30648
-1.98678
1.40157
-1.60319
1.88012
-1.1706
1.70224
-1.76714
1.38439
-1.92071
1.75
-1.46872
1.92914
-1.47652
1.35208
-1.94595
1.362
-1.79051
2.02721
-1.2758
1.86411
-1.58849
1.16908
-1.81554
1.50136
-1.39494
1.90379
-1.45632
1.58012
-1.93448
1.34294
-1.66636
1.7089
-1.28099
1.837
-1.65569
1.33181
-1.87312
1.42837
-1.36746
1.90797
-1.21997
1.52708
-1.68404
1.11625
-1.69588
1.47486
-1.22144
1.78207
-1.59773
1.48542
-1.87194
1.39377
-1.35307
1.76398
-1.16543
1.60283
-1.74272
1.19423
-1.84344
1.55591
-1.17069
1.70718
-1.28684
1.32199
-1.86857
1.33053
-1.46195
1.57537
-1.11394
1.59873
-1.63392
1.42074
-1.86606
1.63892
-1.33399
1.72849
-1.20966
1.17572
-1.7492
1.21529
-1.70456
1.74498
-1.11509
1.62727
-1.36872
1.21692
-1.65743
1.35908
-1.35081
1.72604
-1.34878
1.45237
-1.68004
1.21766
-1.6867
1.70342
-1.25054
1.71779
-1.37815
1.13227
-1.71442
1.18608
-1.23179
1.74293
-1.18016
1.57806
-1.62105
1.14003
-1.5592
1.42484
-1.26422
1.50609
-1.30475
1.29398
-1.77366
1.424
-1.45233
1.7207
-1.06127
1.55166
-1.54539
0.991868
-1.53014
1.22751
-1.12198
1.66256
-1.28929
1.29142
-1.58708
1.19633
-1.42071
1.51041
-1.13337
1.42428
-1.38753
1.22257
-1.64345
1.47821
-1.33247
1.74527
-1.15939
1.27093
-1.62373
0.888054
-1.35
1.32704
-0.97437
1.56323
-1.45179
1.35901
-1.58216
1.35706
-1.21963
1.43495
-1.11953
1.21488
-1.51718
1.22256
-1.73147
1.6681
-1.21079
1.62651
-1.22571
1.05897
-1.54595
1.02447
-1.1379
1.47431
-1.02238
1.39964
-1.46068
1.20626
-1.50789
1.4359
-1.21723
1.34074
-1.19456
1.11268
-1.58189
1.29267
-1.51657
1.74336
-1.04419
1.47797
-1.23067
0.788962
-1.34674
1.11937
-1.11346
1.50783
-1.23701
1.20463
-1.43762
1.15846
-1.25166
1.34873
-1.04754
1.31042
-1.31494
1.13214
-1.57754
1.37818
-1.2946
1.72019
-1.04119
1.10919
-1.24611
0.645377
-1.20175
1.25681
-1.09821
1.45443
-1.38468
1.26428
-1.35619
1.22161
-1.02039
1.32349
-1.11574
1.22475
-1.45866
1.09041
-1.56501
1.45524
-1.14366
1.53059
-1.03661
0.924683
-1.2944
0.860792
-1.02645
1.3062
-1.06988
1.40191
-1.50682
1.25654
-1.33331
1.30916
-1.04057
1.21467
-1.08578
1.02699
-1.56733
1.16674
-1.45118
1.59937
-0.910034
1.30915
-1.01312
0.732515
-1.16878
1.04888
-1.08281
1.35949
-1.20209
1.09094
-1.36582
1.14932
-1.18735
1.35914
-1.00792
1.24787
-1.22488
0.939182
-1.30645
1.05838
-1.11891
1.53953
-0.98175
1.14999
-1.15077
0.692265
-1.05106
1.02674
-0.960837
1.23997
-1.37811
1.24597
-1.39641
1.24362
-0.933228
1.24081
-0.851351
1.07426
-1.33717
0.943752
-1.47202
1.30197
-1.04255
1.35264
-0.949117
0.861814
-1.08988
0.828663
-0.966247
1.27036
-1.11994
1.26718
-1.43539
1.16812
-1.23519
1.22535
-0.846067
1.14198
-0.991548
0.945679
-1.44754
1.01478
-1.32591
1.34427
-0.824761
1.15858
-0.880994
0.738152
-1.0245
1.02508
-1.02606
1.32877
-1.244
1.03374
-1.32666
0.968601
-1.0302
1.21946
-0.796612
1.17575
-1.09628
0.860728
-1.3358
1.00074
-1.02131
1.35664
-0.895423
1.01651
-0.999544
0.71077
-0.923279
1.00455
-0.924378
1.12103
-1.3207
1.04346
-1.30292
1.10682
-0.839153
1.26548
-0.7899
0.994584
-1.06188
0.704712
-1.24704
1.09521
-1.03015
1.28626
-0.994083
0.911362
-1.03728
0.768064
-0.706055
1.04053
-0.954668
1.14267
-1.40189
1.02926
-1.17898
1.11417
-0.750716
1.1676
-0.825669
0.852528
-1.31062
0.830122
-1.10975
1.08767
-0.819772
1.13241
-1.05025
0.898725
-0.972778
1.01859
-0.768208
1.08177
-1.01228
0.831026
-1.31587
0.963046
-1.14374
1.25368
-0.783409
1.12879
-0.890943
0.736061
-1.10317
0.764865
-0.909542
1.21593
-0.884106
0.988007
-1.06316
0.778566
-0.837627
0.998603
-0.751419
0.976992
-1.14
0.808969
-1.26306
0.942218
-0.804262
1.15077
-0.589459
1.01534
-1.03606
0.709254
-1.08449
0.887126
-0.839169
1.0561
-0.926068
0.718725
-0.934803
0.816117
-0.76429
1.19402
-0.890907
1.00175
-1.22647
0.782494
-1.04243
0.88103
-0.622213
1.09501
-0.766079
0.948146
-1.15985
0.677531
-0.988372
0.918434
-0.69937
0.91864
-1.00131
0.854687
-1.00827
1.06206
-0.669866
1.09673
-0.87083
0.786157
-1.2576
0.722963
-1.04712
1.03556
-0.608695
1.03094
-0.772726
0.721915
-1.04685
0.768668
-0.798753
1.01244
-0.77677
0.810516
-1.03485
0.782444
-0.892006
1.12345
-0.664952
0.943483
-0.963235
0.651851
-1.20299
0.750857
-0.8211
1.09622
-0.571869
0.947331
-0.745131
0.551832
-0.891344
0.822319
-0.78585
0.974517
-0.942899
0.706695
-1.04604
0.754909
-0.618542
1.00455
-0.571613
0.92405
-1.04501
0.593058
-1.06081
0.827681
-0.684872
1.03243
-0.555096
0.726673
-0.911765
0.627552
-0.851867
0.864135
-0.732176
0.899808
-1.05417
0.710689
-0.903381
0.844458
-0.488755
1.09166
-0.676287
0.754989
-1.11808
0.580802
-1.04856
0.87802
-0.591862
0.945228
-0.714632
0.737592
-0.915161
0.717728
-0.689692
0.932924
-0.782689
0.861648
-1.14215
0.717834
-0.859068
0.925674
-0.400274
0.868151
-0.669809
0.564463
-1.21339
0.709477
-0.953784
1.01937
-0.49607
0.784909
-0.622622
0.565027
-0.777214
0.812013
-0.670038
0.899855
-0.875075
0.586588
-1.01833
0.585547
-0.644597
0.947301
-0.34199
0.800774
-0.735196
0.48546
-1.05704
0.755592
-0.775703
1.00808
-0.572409
0.635571
-0.650188
0.441654
-0.633788
0.838788
-0.710707
0.87422
-0.990139
0.572791
-0.94407
0.659753
-0.388147
0.932338
-0.355471
0.740241
-0.931306
0.504391
-1.04874
0.795877
-0.701063
0.941896
-0.712563
0.595969
-0.677085
0.538085
-0.459136
0.817862
-0.616409
0.810671
-1.13123
0.660019
-0.99875
0.81581
-0.276354
0.733738
-0.338551
0.482486
-1.02307
0.624094
-0.993991
0.969707
-0.674624
0.802003
-0.591017
0.420681
-0.501995
0.6242
-0.419457
0.827828
-0.783762
0.685214
-1.20408
0.59904
-0.787919
0.766204
-0.151253
0.686372
-0.440288
0.436374
-0.991669
0.774246
-0.89567
0.978258
-0.57417
0.4956
-0.525086
0.344326
-0.482139
0.70096
-0.47521
0.818328
-0.866507
0.500835
-1.00295
0.530213
-0.508966
0.889262
-0.212713
0.66928
-0.601182
0.376387
-0.901607
0.734872
-0.752621
0.829068
-0.660921
0.419351
-0.527376
0.377948
-0.323914
0.814447
-0.533147
0.831402
-0.961995
0.445736
-0.877888
0.512751
-0.298921
0.776334
-0.318308
0.619028
-0.868733
0.541505
-0.852697
0.7121
-0.573865
0.679495
-0.639612
0.46655
-0.56221
0.579121
-0.336498
0.864056
-0.573413
0.610837
-0.987717
0.334419
-0.79456
0.62156
-0.250482
0.739311
-0.42541
0.577848
-0.848509
0.606736
-0.611102
0.655165
-0.483799
0.48321
-0.650854
0.420604
-0.584836
0.728169
-0.363123
0.726987
-0.514709
0.323068
-0.856065
0.330759
-0.606143
0.744828
-0.217071
0.694647
-0.459343
0.426416
-0.708449
0.592785
-0.64807
0.67403
-0.585391
0.352631
-0.574149
0.2737
-0.332096
0.764864
-0.356394
0.831504
-0.714632
0.305268
-0.793242
0.349492
-0.383901
0.664041
-0.24733
0.559732
-0.625176
0.480148
-0.71359
0.665588
-0.606057
0.653187
-0.610081
0.257835
-0.428206
0.37004
-0.266158
0.856026
-0.431776
0.735598
-0.897077
0.281911
-0.714667
0.294158
-0.217234
0.590737
-0.400181
0.65646
-0.683976
0.60511
-0.63083
0.653
-0.437616
0.412561
-0.555782
0.260299
-0.580647
0.553675
-0.245656
0.766555
-0.407045
0.428705
-0.806692
0.25121
-0.609844
0.532237
-0.255617
0.582101
-0.327972
0.44248
-0.542784
0.567507
-0.503617
0.513187
-0.468194
0.264616
-0.560902
0.187393
-0.428954
0.61775
-0.166939
0.724887
-0.3926
0.267771
-0.671941
0.272271
-0.505566
0.549657
-0.328216
0.521784
-0.396049
0.358206
-0.467277
0.498735
-0.448653
0.566491
-0.536498
0.237653
-0.555181
0.256959
-0.273223
0.710823
-0.180656
0.657251
-0.57391
0.256462
-0.730872
0.355574
-0.494268
0.561436
-0.408381
0.461497
-0.348385
0.365917
-0.328658
0.556707
-0.465193
0.593353
-0.653563
0.254058
-0.562691
0.271953
-0.143411
0.590037
-0.185381
0.513044
-0.699199
0.348812
-0.665545
0.367995
-0.326259
0.44318
-0.260521
0.377756
-0.33727
0.426157
-0.317928
0.516068
-0.43451
0.359632
-0.625709
0.0977365
-0.449143
0.335358
-0.0117737
0.575875
-0.203814
0.41527
-0.652118
0.386606
-0.579868
0.390657
-0.261473
0.247954
-0.232729
0.267372
-0.280248
0.426162
-0.3608
0.564461
-0.479217
0.272157
-0.561884
0.105424
-0.283946
0.392371
0.0630943
0.498318
-0.268888
0.377152
-0.729177
0.406451
-0.573748
0.392359
-0.346795
0.225795
-0.179633
0.221193
-0.222925
0.573918
-0.377103
0.644346
-0.56338
0.199803
-0.52492
0.0703925
-0.169808
0.415415
-0.0783312
0.497496
-0.422667
0.326871
-0.563843
0.36096
-0.476293
0.382158
-0.351298
0.318115
-0.213992
0.288664
-0.139972
0.431319
-0.290568
0.472612
-0.617305
0.133852
-0.520679
0.100637
-0.0237027
0.354508
-0.00910591
0.3836
-0.353616
0.346245
-0.481334
0.329554
-0.375974
0.262632
-0.320254
0.219388
-0.223439
0.255882
-0.0956667
0.405547
-0.234535
0.29596
-0.549266
0.0663136
-0.366471
0.224906
0.0291363
0.339933
-0.038557
0.319394
-0.425505
0.413041
-0.533706
0.29461
-0.398701
0.146753
-0.21902
0.178611
-0.207719
0.442843
-0.195521
0.576316
-0.326308
0.194289
-0.440415
-0.0349025
-0.217618
0.189652
-0.0278361
0.369198
-0.238552
0.385595
-0.424324
0.346306
-0.461308
0.280115
-0.308746
0.159648
-0.177139
0.174788
-0.152826
0.47796
-0.188782
0.494399
-0.404413
0.0607691
-0.404356
-0.101033
-0.0628373
0.145333
-0.0327834
0.403072
-0.230682
0.429567
-0.360052
0.293025
-0.327579
0.148145
-0.252238
0.0622979
-0.187387
0.156701
-0.112703
0.462689
-0.206609
0.413309
-0.427863
0.0156284
-0.250077
-0.0913453
0.0955258
0.0913748
-0.0371074
0.44447
-0.317316
0.477424
-0.395894
0.15157
-0.225615
-0.0121624
-0.179583
0.0198783
-0.243646
0.336506
-0.0903992
0.463421
-0.0905278
0.215576
-0.295769
-0.0348224
-0.233901
0.000602058
-0.0691218
0.187112
-0.0985871
0.320345
-0.231599
0.370337
-0.366632
0.227122
-0.27316
0.0607321
-0.198243
0.0749368
-0.162586
0.364329
-0.0653012
0.448616
-0.208719
0.119867
-0.303492
-0.0781218
-0.192669
-0.0122287
-0.0809983
0.19697
-0.0135749
0.378466
-0.25586
0.378854
-0.316113
0.203729
-0.21158
-0.0726735
-0.132533
-0.0474975
-0.053092
0.31707
-0.115172
0.436619
-0.230221
0.021209
-0.117476
-0.210599
0.00888685
-0.0757645
0.00491766
0.270052
-0.134858
0.42784
-0.22832
0.208109
-0.163318
-0.0332612
-0.154697
-0.141899
-0.172133
0.0914879
-0.0711874
0.456506
-0.0843591
0.281934
-0.105745
-0.0134013
-0.0705344
-0.192423
-0.103081
0.0145685
-0.153595
0.393108
-0.244573
0.401934
-0.208296
0.142029
-0.0899189
-0.0404289
-0.134812
-0.0636963
-0.195216
0.226944
-0.0471539
0.359459
-0.00248917
0.11828
-0.0692891
-0.0984949
-0.172281
-0.107136
-0.150664
0.0385062
-0.0451583
0.288713
-0.0854825
0.335312
-0.122953
0.168178
-0.0884957
-0.112289
-0.119273
-0.189473
-0.0469026
0.11881
0.0217913
0.2394
-0.00406556
0.0780603
-0.00501304
-0.117803
-0.105576
-0.127223
-0.107428
0.134636
-0.0382738
0.296704
-0.0813502
0.252556
-0.110435
0.0709111
-0.106584
-0.184721
-0.148496
-0.114895
-0.0131891
0.131222
0.0890058
0.236306
0.0326687
0.103301
-0.0415287
-0.0817091
-0.178265
-0.0598515
-0.154688
0.0839725
-0.0258537
0.225138
-0.0541939
0.206858
-0.041719
0.0125867
-0.113739
-0.150407
-0.076379
-0.0899598
0.124356
0.0370243
0.149284
0.146049
0.0522554
0.0671393
-0.141536
-0.123985
-0.179094
-0.130118
-0.0336981
0.0877056
-0.0205437
0.287919
0.00339379
0.20531
0.0347783
-0.107248
-0.0450307
-0.257567
-0.0161083
-0.118243
0.0353055
0.095117
0.13146
0.0726879
0.0994693