
0
-0.8945
-2.34136
-3.40677
-3.85968
-4.39039
-4.81389
-5.21122
-5.52842
-5.7298
-5.84224
-5.90278
-5.91327
-5.87188
-5.79061
-5.67378
-5.52006
-5.34991
-5.15505
-4.94664
-4.72778
-4.48819
-4.24158
-3.97789
-3.70448
-3.43312
-3.15019
-2.5913
-2.29874
-2.00899
-1.73716
-1.47257
-1.18481
-0.92569
-0.677098
-0.446898
-0.24311
-0.037343
0.174915
0.372913
0.581234
0.784625
0.957867
1.12727
1.26978
1.40054
1.60989
1.6967
1.7673
1.82653
1.87282
1.90575
1.92597
1.93326
1.92915
1.91431
1.88886
1.85478
1.81237
1.76086
1.69319
1.62648
1.55507
1.47493
1.39345
1.30832
1.21764
1.12634
1.03135
0.92545
0.830674
0.730563
0.608311
0.49966
0.386405
0.272661
0.169677
0.069659
-0.017414
-0.098125
-0.1726
-0.242319
-0.362357
-0.415359
-0.464067
-0.510023
-0.554006
-0.587706
-0.617132
-0.640705
-0.66004
-0.675701
-0.686389
-0.692117
-0.694137
-0.691787
-0.685648
-0.676022
-0.663337
-0.646334
-0.626511
-0.605035
-0.57981
-0.554321
-0.526229
-0.49652
-0.433228
-0.401816
-0.369407
-0.336305
-0.303034
-0.269888
-0.236325
-0.203606
-0.168537
-0.136739
-0.103226
-0.071375
-0.040555
-0.011231
0.041744
0.065896
0.091047
0.112989
0.132749
0.151955
0.170502
0.18686
0.200507
0.213689
0.223847
0.231941
0.238618
0.243756
0.247012
0.24866
0.248761
0.247523
0.245047
0.241171
0.235515
0.228754
0.221404
0.212842
0.203042
0.19242
0.180962
0.168593
0.156266
0.143349
0.13011
0.116125
0.103085
0.089908
0.075059
0.062081
0.049093
0.036346
0.024214
0.003947
-0.00721
-0.017957
-0.02939
-0.039136
-0.047918
-0.056276
-0.063827
-0.070815
-0.076858
-0.082319
-0.087095
-0.09105
-0.094289
-0.096902
-0.098843
-0.100131
-0.100868
-0.101022
-0.100546
-0.099493
-0.097918
-0.095402
-0.092494
-0.088941
-0.08501
-0.080624
-0.075939
-0.071134
-0.066044
-0.061279
-0.056389
-0.051604
-0.047073
-0.042809
-0.038063
-0.033641
-0.029252
-0.024995
-0.02092
-0.016356
-0.012764
-0.00921
-0.005857
-0.002127
0.001252
0.004421
0.00822
0.011438
0.014245
0.016847
0.019139
0.021243
0.02316
0.02484
0.02614
0.027106
0.027709
0.027888
0.027678
0.027117
0.026356
0.02544
0.024317
0.023084
0.021732
0.020286
0.018808
0.017178
0.01553
0.013811
0.012134
0.010306
0.008332
0.006455
0.004757
0.003186
0.000898
-0.002039
-0.003387
-0.004766
-0.006123
-0.007465
-0.008714
-0.00983
-0.010802
-0.011586
-0.012248
-0.012756
-0.01298
-0.012965
-0.012776
-0.012441
-0.01203
-0.011516
-0.010943
-0.010167
-0.009295
-0.00826
-0.007073
-0.005876
-0.004608
-0.003268
-0.002164
-0.001216
-5.8e-05
0.001407
0.002516
0.002448
-0.000125
-0.002132
-0.00349
-0.004464
-0.005113
-0.005551
-0.005429
-0.004134
-0.001714
0.000341
0.001223
-0.001575
-0.003515
-0.004969
-0.005947
-0.005556
-0.003517
-0.000474
0.001136
0.001731
0.001929
0.002111
0.002335
0.002594
0.002773
0.002971
0.003125
0.003245
0.003078
0.002542
0.001885
0.001172
0.001097
-0.001512
-0.003386
-0.00476
-0.005848
-0.006582
-0.00682
-0.006495
-0.005823
-0.005285
-0.005037
-0.005309
-0.005568
-0.005727
-0.005782
-0.00575
0.02549
0.054894
0.122946
0.154176
0.161687
0.153721
0.137277
0.118603
0.098413
0.076938
0.055831
0.035882
0.017598
0.001611
-0.013314
-0.027093
-0.039789
-0.050501
-0.060296
-0.067739
-0.074128
-0.079236
-0.083216
-0.086439
-0.08885
-0.09018
-0.090325
-0.089479
-0.087599
-0.084954
-0.081633
-0.077898
-0.073605
-0.069085
-0.064139
-0.059039
-0.053721
-0.048262
-0.042499
-0.036762
-0.031029
-0.02543
-0.019827
-0.014387
-0.009143
-0.004132
0.000892
0.005633
0.010346
0.014664
0.017372
0.022247
0.026621
0.030527
0.034116
0.037449
0.040363
0.04274
0.044626
0.046163
0.047416
0.048385
0.049017
0.049142
0.048815
0.048151
0.047184
0.045972
0.044519
0.042696
0.040595
0.038199
0.035406
0.032465
0.029452
0.026354
0.023239
0.020144
0.016785
0.013774
0.010814
0.008051
0.005254
0.002511
4.4e-05
-0.003404
-0.007143
-0.009186
-0.01084
-0.012598
-0.014354
-0.016071
-0.017399
-0.018439
-0.019225
-0.019792
-0.020246
-0.020545
-0.020719
-0.020721
-0.02052
-0.020146
-0.019618
-0.018933
-0.018111
-0.017139
-0.016112
-0.014165
-0.012216
-0.010381
-0.008353
-0.006292
-0.00418
-0.001749
-0.000268
-0.001455
-0.002187
-0.002545
-0.002692
-0.002806
-0.003025
-0.003365
-0.003773
-0.004223
-0.004661
-0.005135
-0.005477
-0.005394
-0.004099
-0.002548
-0.001598
-0.001282
-0.001287
-0.001522
-0.001725
-0.001902
-0.002052
-0.002056
-0.001927
-0.001791
-0.001813
-0.001992
-0.00227
-0.002498
-0.002657
-0.002779
-0.002866
-0.002913
-0.002914
-0.002898
-0.003037
-0.003253
-0.003514
-0.003791
-0.004134
-0.004499
-0.004873
-0.005
-0.004933
-0.004719
-0.004423
-0.003255
-0.002348
-0.001608
-0.000269
0.001056
0.002127
0.00298
0.003163
0.00317
0.003042
0.002861
0.00252
0.002149
0.001828
0.00143
0.001037
-0.001289
-0.003951
-0.0059
-0.006836
-0.006712
-0.004708
-0.002367
-0.002242
-0.001899
-0.002612
-0.004195
-0.004966
-0.005093
-0.004851
-0.004352
-0.003698
-0.002722
-0.001776
-0.002157
-0.002645
-0.002879
-0.002832
-0.00254
-0.002141
-0.00176
-0.001114
0.002116
0.003968
0.005707
0.007308
0.009204
0.011326
0.013389
0.015532
0.017582
0.019317
0.020795
0.021908
0.022718
0.023181
0.023282
0.023238
0.023063
0.022749
0.022266
0.021591
0.020654
0.019487
0.017951
0.016286
0.014417
0.012427
0.010401
0.007683
0.003172
-0.001386
-0.005468
-0.008784
-0.011281
-0.013164
-0.014595
-0.016312
-0.018617
-0.021655
-0.025969
-0.031359
-0.037953
-0.045974
-0.055056
-0.019064
-0.00839
-0.012829
-0.029397
0.003414
0.018278
-0.002913
0.026787
0.098761
0.173498
0.239098
0.290702
0.332046
0.362194
0.383843
0.39559
0.397257
0.388831
0.373732
0.351495
0.323374
0.291223
0.256887
0.218216
0.174133
0.132633
0.089446
0.047902
0.006152
-0.040235
-0.084689
-0.124886
-0.165204
-0.201422
-0.238544
-0.272175
-0.30396
-0.333232
-0.360855
-0.385346
-0.40817
-0.427952
-0.443274
-0.453831
-0.45817
-0.456835
-0.450433
-0.439098
-0.423561
-0.40472
-0.383553
-0.359522
-0.330398
-0.299647
-0.266452
-0.231233
-0.191445
-0.149681
-0.10716
-0.068506
-0.033292
-0.000501
0.02815
0.052075
0.072555
0.091494
0.107983
0.122751
0.135292
0.145088
0.152472
0.15747
0.160248
0.160878
0.15971
0.156751
0.152621
0.147326
0.141211
0.133828
0.125131
0.116611
0.107018
0.097943
0.08632
0.075817
0.066246
0.057784
0.05113
0.046905
0.042749
0.038725
0.034836
0.031615
0.02916
0.028004
0.027769
0.02814
0.029237
0.030567
0.032302
0.033997
0.036098
0.038445
0.040588
0.042643
0.04415
0.045091
0.046014
0.046691
0.046728
0.046128
0.044161
0.041545
0.037322
0.031871
0.024409
0.015755
0.006292
-0.003322
-0.012919
-0.022144
-0.033146
-0.043603
-0.052008
-0.059182
-0.064085
-0.065886
-0.064948
-0.061503
-0.056718
-0.050466
-0.043632
-0.036204
-0.028916
-0.021623
-0.015411
-0.009696
-0.004969
-0.001391
0.001991
0.004186
0.004937
0.004356
0.002475
-0.000804
-0.006278
-0.01228
-0.018363
-0.024546
-0.030815
-0.037082
-0.043081
-0.048948
-0.054324
-0.058997
-0.063471
-0.067668
-0.071415
-0.07595
-0.080586
-0.084447
-0.087867
-0.091229
-0.094888
-0.097495
-0.100523
-0.103073
-0.104843
-0.10593
-0.106896
-0.107097
-0.106682
-0.106009
-0.105094
-0.104398
-0.103299
-0.099709
-0.094202
-0.08709
-0.078648
-0.068225
-0.05748
-0.046948
-0.035544
-0.022871
-0.010634
0.001013
0.012202
0.02237
0.03232
0.044405
0.054375
0.063752
0.07392
0.085729
0.096873
0.107615
0.118619
0.127924
0.136388
0.144207
0.152103
0.160918
0.169109
0.177056
0.18489
0.192329
0.198616
0.20546
0.213993
0.224601
0.236333
0.248783
0.260866
0.272704
0.284245
0.294899
0.30461
0.314534
0.323709
0.332004
0.339516
0.345936
0.352051
0.35625
0.35933
0.360284
0.359524
0.357033
0.352583
0.346253
0.337373
0.326189
0.31292
0.300408
0.285592
0.267867
0.246705
0.223284
0.197903
0.171759
0.142608
0.11031
0.07546
0.041046
0.004579
-0.030645
-0.067288
-0.102983
-0.139381
-0.175805
-0.215415
-0.260268
-0.308091
-0.355329
-0.402971
-0.448242
-0.489887
-0.522043
-0.543843
-0.554395
-0.554743
-0.545776
-0.528886
-0.504601
-0.473815
-0.439684
-0.39838
-0.344761
-0.294265
-0.2368
-0.181501
-0.120665
-0.060726
-0.010609
0.033932
0.074167
0.112831
0.148
0.179895
0.203649
0.219197
0.227354
0.229971
0.226811
0.216904
0.20243
0.184871
0.164814
0.142985
0.119946
0.096319
0.069443
0.044609
0.022771
0.001589
-0.018361
-0.036471
-0.054409
-0.070862
-0.084398
-0.093353
-0.098724
-0.100932
-0.100529
-0.097698
-0.093048
-0.086881
-0.078913
-0.070583
-0.06166
-0.052694
-0.042575
-0.03325
-0.024733
-0.0169
-0.009941
-0.003526
0.002138
0.007658
0.013757
0.020044
0.028084
0.034754
0.041202
0.047965
0.056641
0.064498
0.073486
0.08296
0.092625
0.103386
0.114981
0.127247
0.14029
0.15508
0.164726
0.16342
0.153314
0.135248
0.110951
0.083342
0.051115
0.016559
-0.018539
-0.059057
-0.102093
-0.145801
-0.192866
-0.247835
-0.299149
-0.348383
-0.397881
-0.443419
-0.483954
-0.514952
-0.538102
-0.554587
-0.565344
-0.569398
-0.567511
-0.559802
-0.546131
-0.525016
-0.496338
-0.463482
-0.42809
-0.385582
-0.34186
-0.291974
-0.24005
-0.182137
-0.123171
-0.068103
-0.006727
0.052598
0.10957
0.148829
0.181968
0.213225
0.23739
0.250302
0.257632
0.253997
0.240686
0.217979
0.189334
0.152821
0.112002
0.064102
0.014739
-0.03418
-0.086592
-0.134377
-0.181212
-0.224373
-0.263597
-0.296562
-0.322883
-0.338298
-0.345236
-0.34309
-0.332725
-0.312969
-0.286787
-0.258378
-0.23041
-0.20256
-0.174264
-0.146059
-0.119819
-0.097403
-0.079155
-0.063054
-0.050378
-0.041867
-0.035967
-0.032408
-0.030296
-0.029255
-0.029276
-0.02969
-0.030599
-0.026081
-0.012729
0.006871
0.032463
0.067409
0.104653
0.145629
0.193704
0.235921
0.273595
0.308784
0.340742
0.368818
0.382741
0.384441
0.374749
0.355704
0.330723
0.299289
0.267248
0.236481
0.207116
0.17926
0.152355
0.129217
0.107416
0.085178
0.061907
0.036157
0.006585
-0.025768
-0.061649
-0.099711
-0.142436
-0.186814
-0.2329
-0.278635
-0.323478
-0.354153
-0.370048
-0.368828
-0.353934
-0.326979
-0.288099
-0.24073
-0.185221
-0.120488
-0.050055
0.030677
0.112616
0.18816
0.249599
0.296936
0.332697
0.358527
0.365203
0.353446
0.326713
0.283988
0.229734
0.16956
0.135345
0.11673
0.111225
0.120026
0.14391
0.179931
0.225646
0.281263
0.339833
0.403241
0.469252
0.533541
0.600984
0.659059
0.713531
0.757351
0.793671
0.819101
0.833974
0.839483
0.835674
0.82234
0.798887
0.758106
0.70771
0.651794
0.588607
0.521592
0.4536
0.386833
0.321154
0.259594
0.203086
0.152564
0.101822
0.048652
-0.009267
-0.068742
-0.132337
-0.196255
-0.261768
-0.328558
-0.396847
-0.463702
-0.532907
-0.601234
-0.660369
-0.703406
-0.736152
-0.756534
-0.767293
-0.766831
-0.755384
-0.734154
-0.702956
-0.665284
-0.62105
-0.571545
-0.516274
-0.456802
-0.391568
-0.327307
-0.261389
-0.198391
-0.133999
-0.074301
-0.01287
0.048865
0.12021
0.199334
0.283363
0.371063
0.455446
0.549279
0.629489
0.706734
0.77281
0.83206
0.882093
0.919104
0.943153
0.955229
0.955797
0.94501
0.924211
0.893423
0.855449
0.809997
0.760567
0.707504
0.651537
0.594309
0.537874
0.483214
0.429144
0.377522
0.326359
0.275793
0.227318
0.183843
0.133818
0.091312
0.043247
-0.001608
-0.051566
-0.100389
-0.152511
-0.233259
-0.335493
-0.456252
-0.590814
-0.732325
-0.88064
-1.04482
-1.19447
-1.33408
-1.46825
-1.57974
-1.67358
-1.75398
-1.7923
-1.80119
-1.78301
-1.73655
-1.66934
-1.57881
-1.47276
-1.35454
-1.23907
-1.12145
-0.994673
-0.86596
-0.747426
-0.621719
-0.510138
-0.400042
-0.299148
-0.211492
-0.135305
-0.066013
-0.009255
0.035359
0.072732
0.097626
0.114886
0.124428
0.138403
0.156502
0.176724
0.198094
0.220523
0.248147
0.277785
0.311569
0.348204
0.383697
0.419011
0.455041
0.488939
0.523212
0.546831
0.563047
0.569171
0.565304
0.559126
0.55578
0.557645
0.562688
0.569259
0.576357
0.584942
0.593977
0.603386
0.605495
0.594012
0.569919
0.534313
0.48963
0.435688
0.373643
0.303029
0.224348
0.143247
0.057505
-0.029708
-0.116057
-0.202722
-0.287075
-0.36205
-0.431603
-0.49356
-0.545925
-0.584631
-0.615686
-0.636605
-0.647934
-0.649544
-0.64103
-0.621907
-0.592272
-0.553026
-0.492873
-0.411405
-0.318927
-0.212719
-0.105211
0.005339
0.126997
0.262714
0.378529
0.453963
0.507636
0.536923
0.545523
0.531502
0.502448
0.454216
0.413217
0.382965
0.360092
0.343775
0.339419
0.342093
0.351195
0.364689
0.37967
0.38912
0.392214
0.387878
0.376453
0.357143
0.333231
0.303792
0.271374
0.249303
0.240815
0.243088
0.253354
0.27069
0.292821
0.318707
0.346751
0.374157
0.392204
0.403435
0.406713
0.402946
0.392219
0.375537
0.353366
0.322647
0.282156
0.238593
0.190731
0.13749
0.082332
0.02381
-0.033677
-0.089372
-0.167983
-0.228422
-0.288325
-0.342498
-0.390995
-0.43416
-0.473422
-0.505598
-0.535694
-0.563997
-0.589653
-0.611753
-0.628682
-0.639955
-0.645644
-0.645294
-0.640266
-0.632876
-0.623737
-0.61342
-0.601723
-0.587948
-0.571652
-0.557532
-0.545358
-0.534095
-0.523496
-0.512023
-0.498637
-0.484966
-0.469296
-0.449914
-0.421044
-0.383088
-0.324115
-0.273031
-0.218524
-0.163554
-0.104015
-0.037267
0.036687
0.11873
0.209907
0.292354
0.379695
0.462587
0.5384
0.604766
0.660327
0.701968
0.732774
0.754986
0.763938
0.767904
0.772204
0.776217
0.778708
0.774525
0.763376
0.742652
0.722103
0.700146
0.678441
0.654001
0.631137
0.612323
0.590872
0.556097
0.507609
0.447832
0.384678
0.310243
0.220872
0.127497
0.0181
-0.095474
-0.213598
-0.316176
-0.41145
-0.482533
-0.513448
-0.500721
-0.452861
-0.386305
-0.301814
-0.202469
-0.085472
0.031693
0.151431
0.277569
0.39754
0.512931
0.592927
0.640238
0.655587
0.640665
0.597498
0.532172
0.447752
0.355805
0.254251
0.147614
0.055069
-0.027069
-0.100435
-0.153748
-0.193561
-0.22426
-0.24273
-0.247076
-0.226294
-0.18683
-0.129198
-0.056823
0.025
0.086685
0.126433
0.144283
0.138188
0.109469
0.062289
0.001326
-0.068691
-0.143421
-0.219412
-0.285883
-0.312431
-0.305906
-0.267187
-0.206962
-0.129884
-0.061381
-0.013668
0.011291
0.017463
0.004585
-0.015997
-0.037877
-0.058013
-0.072345
-0.082971
-0.098603
-0.1246
-0.155622
-0.19466
-0.240279
-0.283409
-0.321396
-0.351818
-0.356754
-0.334691
-0.304097
-0.247707
-0.203108
-0.171416
-0.174174
-0.199286
-0.24079
-0.283328
-0.31691
-0.329453
-0.323495
-0.308238
-0.295322
-0.288342
-0.283304
-0.277456
-0.276657
-0.291239
-0.319467
-0.35382
-0.38383
-0.378787
-0.336817
-0.256909
-0.13996
0.015609
0.186517
0.368507
0.589891
0.776599
0.928907
1.01182
1.0378
0.994594
0.889292
0.737027
0.546864
0.34253
0.133064
-0.079548
-0.276127
-0.457246
-0.621129
-0.765709
-0.854681
-0.922546
-0.963454
-0.967264
-0.943292
-0.901256
-0.849309
-0.798662
-0.746848
-0.695728
-0.636996
-0.556801
-0.439081
-0.287785
-0.09802
0.089721
0.290549
0.438983
0.571475
0.672513
0.730129
0.741554
0.706771
0.639867
0.55099
0.45027
0.348671
0.244158
0.145279
0.053235
-0.035521
-0.102592
-0.14652
-0.168504
-0.164396
-0.144771
-0.109032
-0.066849
-0.014464
0.022807
0.047381
0.058326
0.080984
0.122391
0.200452
0.297244
0.410853
0.51796
0.597348
0.62574
0.603315
0.542051
0.449037
0.372875
0.305539
0.241262
0.181079
0.125128
0.088424
0.074465
0.079535
0.095261
0.112361
0.106716
0.05038
-0.043786
-0.154477
-0.25801
-0.360058
-0.470337
-0.569947
-0.656326
-0.723937
-0.787227
-0.826175
-0.837546
-0.795071
-0.682491
-0.586439
-0.518194
-0.475837
-0.464583
-0.465932
-0.450662
-0.418298
-0.379071
-0.322484
-0.243487
-0.144767
-0.0403
0.046711
0.105325
0.130476
0.134322
0.129032
0.125811
0.153927
0.213698
0.293659
0.388656
0.506449
0.64501
0.765023
0.857633
0.898807
0.904901
0.906323
0.901479
0.8847
0.847737
0.779431
0.684165
0.556115
0.395023
0.221531
0.037239
-0.093393
-0.235707
-0.33384
-0.434187
-0.524154
-0.597453
-0.668602
-0.727362
-0.758712
-0.744001
-0.690046
-0.60613
-0.502596
-0.393096
-0.281018
-0.186745
-0.108018
-0.042286
0.008705
0.030341
0.028384
0.0046
-0.035138
-0.082522
-0.130182
-0.155963
-0.151851
-0.117626
-0.078682
-0.044268
-0.018101
-0.014538
-0.033473
-0.070902
-0.109531
-0.149534
-0.182407
-0.190822
-0.174115
-0.132764
-0.087296
-0.046079
-0.002829
0.034089
0.067648
0.091731
0.094715
0.07911
0.050257
0.013482
-0.029644
-0.07227
-0.114237
-0.148043
-0.191274
-0.25995
-0.342576
-0.405879
-0.426704
-0.414681
-0.400252
-0.408903
-0.396335
-0.322721
-0.2487
-0.191924
-0.164995
-0.175142
-0.219464
-0.267288
-0.278318
-0.247611
-0.198175
-0.151366
-0.101058
-0.027652
0.068846
0.190407
0.302205
0.399079
0.474106
0.533973
0.591925
0.611668
0.559817
0.41545
0.311446
0.26628
0.26185
0.259515
0.242409
0.196977
0.139276
0.064516
-0.100264
-0.335476
-0.583665
-0.811969
-1.09309
-1.38743
-1.40204
-1.37187
-1.2895
-1.16565
-1.02755
-0.853167
-0.670755
-0.4839
-0.265035
0.048866
0.319934
0.565004
0.771239
0.927203
1.04723
1.13824
1.20542
1.2548
1.25103
1.19713
1.12467
1.05865
0.996579
0.919986
0.86495
0.796708
0.728269
0.618111
0.433304
0.193538
-0.077674
-0.339985
-0.520905
-0.587124
-0.540446
-0.423395
-0.277381
-0.140583
-0.055047
-0.032601
-0.023378
-0.016937
-0.031392
-0.101169
-0.214386
-0.341389
-0.471969
-0.604476
-0.770581
-0.945534
-1.17202
-1.40465
-1.61942
-1.83285
-2.03761
-2.27216
-2.18042
-1.91108
-1.62698
-1.34212
-1.01052
-0.62225
-0.241276
0.123947
0.436416
0.660345
0.857581
1.00904
1.11057
1.14199
1.14471
1.19053
1.26528
1.35445
1.45867
1.54754
1.55115
1.48082
1.36273
1.21961
1.04208
0.834649
0.578924
0.369295
0.163391
-0.053597
-0.110101
-0.168503
-0.229759
-0.309578
-0.405282
-0.494626
-0.573483
-0.614285
-0.596785
-0.545676
-0.514997
-0.508985
-0.486902
-0.438634
-0.39237
-0.382867
-0.371213
-0.327786
-0.268905
-0.222774
-0.184124
-0.185454
-0.235689
-0.352998
-0.503103
-0.684431
-0.815153
-0.788908
-0.744258
-0.702751
-0.606478
-0.420346
-0.165674
0.106782
0.348836
0.629702
0.887734
1.04623
1.16194
1.17169
1.09761
1.01434
0.954464
0.886314
0.781945
0.690712
0.643084
0.597127
0.485341
0.318227
0.091541
-0.106937
-0.271842
-0.429248
-0.590817
-0.747371
-0.895354
-1.02633
-1.14639
-1.2713
-1.3949
-1.53141
-1.66901
-1.78682
-1.89701
-2.00192
-2.10848
-2.22438
-2.36717
-1.91767
-1.41817
-0.898132
-0.365956
0.106285
0.553719
0.977606
1.34896
1.73146
2.0446
2.30887
2.51563
2.66509
2.63814
2.44732
2.2267
1.99586
1.78625
1.56509
1.33912
1.1472
0.95167
0.805565
0.819503
1.00661
1.26642
1.94978
2.90252
3.9249
5.21763
6.72004
8.57747
10.5657
12.7303
15.058
17.4112
19.5909
21.9732
23.9866
26.111
27.7783
29.4298
31.0205
32.1936
33.1813
34.0446
34.7755
35.3357
35.7795
36.0726
36.2227
36.2212
36.0611
35.7821
35.3999
34.9445
34.3969
33.6246
32.8656
31.9253
30.8412
29.5615
27.969
26.4884
24.6886
22.7923
21.1564
17.7353
14.418
10.9862
7.48611
4.13785
0.908621
-1.9898
-4.58406
-7.20637
-9.36522
-11.3688
-13.0494
-14.4316
-15.0028
-15.9339
-16.2779
-16.5128
-16.6692
-16.7251
-16.6656
-16.5124
-16.2972
-16.0218
-15.695
-15.3125
-14.8878
-14.4259
-13.9179
-13.4036
-12.8279
-12.2339
-11.6812
-11.1082
-10.5317
-9.94088
-9.34018
-8.74449
-8.17118
-7.60021
-7.04713
-6.1668
-5.53161
-5.00838
-4.36022
-3.87981
-3.44441
-3.03831
-2.70902
-2.40879
-2.10098
-1.81922
-1.55644
-1.32331
-1.11275
-0.922552
-0.744866
-0.583985
-0.44944
-0.337112
-0.245506
-0.168097
-0.104484
-0.048425
0.000647
0.049724
0.110612
0.19274
0.327038
0.505912
0.764749
1.17407
1.6173
2.14112
2.70365
3.30486
3.8838
4.42756
4.91486
5.37044
5.76717
6.12745
6.43255
6.69698
6.91472
7.07268
7.19273
7.27264
7.30354
7.27066
7.15752
6.97849
6.76251
6.49099
6.1499
5.80496
5.43037
5.02995
4.64605
4.26802
3.88825
3.52734
3.19783
2.86264
2.54026
2.21336
1.91781
1.64222
1.38317
1.1011
0.892495
0.684392
0.49786
0.322589
0.169042
0.038223
-0.08653
-0.199646
-0.304289
-0.391329
-0.466282
-0.530403
-0.581475
-0.621552
-0.647902
-0.660035
-0.661641
-0.654761
-0.639541
-0.617794
-0.591281
-0.5616
-0.528251
-0.492151
-0.451202
-0.407077
-0.35921
-0.306571
-0.256116
-0.209061
-0.163701
-0.116333
-0.066786
-0.012622
0.036622
0.089949
0.139978
0.184783
0.229879
0.272691
0.30804
0.342042
0.375484
0.403777
0.431839
0.456223
0.48535
0.517852
0.544762
0.561933
0.572017
0.57554
0.575765
0.571737
0.563241
0.553967
0.544697
0.533717
0.521856
0.509281
0.496979
0.485256
0.473931
0.463316
0.456123
0.450607
0.445739
0.441538
0.437367
0.433122
0.430446
0.427437
0.424066
0.420552
0.416645
0.412729
0.40896
0.404546
0.400053
0.392083
0.383734
0.375148
0.365787
0.357588
0.348965
0.340276
0.331408
0.322594
0.31342
0.304017
0.295222
0.285724
0.275713
0.265537
0.257669
0.257608
0.262692
0.271613
0.285733
0.3037
0.330554
0.366825
0.410512
0.470087
0.546343
0.641371
0.762731
0.899435
1.05692
1.24413
1.46772
1.74371
2.06485
2.39375
2.77912
3.24683
3.77575
4.36563
5.03219
5.70656
6.41631
7.11742
7.7463
8.38155
8.94576
9.48886
9.96843
10.3705
10.7834
11.2188
11.4612
11.664
11.792
11.8871
11.9474
11.964
11.9176
11.8259
11.698
11.5161
11.3903
11.0794
10.6873
10.1514
9.57535
8.89487
8.09087
7.25281
6.25132
5.27561
4.21491
3.21834
2.34601
1.51196
0.720221
-0.020109
-0.678852
-1.25403
-1.79334
-2.23503
-2.67204
-2.98881
-3.22822
-3.41894
-3.55388
-3.62891
-3.66192
-3.65218
-3.60665
-3.52931
-3.4155
-3.28725
-3.13913
-2.97215
-2.79042
-2.59658
-2.40236
-2.20545
-2.00121
-1.80235
-1.58947
-1.39634
-1.20906
-1.01858
-0.846404
-0.68383
-0.535691
-0.39991
-0.278176
-0.167686
-0.079555
0.003269
0.075767
0.136463
0.1901
0.233894
0.264076
0.285784
0.297656
0.298605
0.289952
0.283197
0.271178
0.240377
0.196478
0.173611
0.121346
0.094093
0.037148
-0.013787
-0.069159
-0.126456
-0.186936
-0.249438
-0.313675
-0.379077
-0.443482
-0.514521
-0.579781
-0.646309
-0.707399
-0.770071
-0.828705
-0.881823
-0.935257
-0.986875
-1.03654
-1.08259
-1.12882
-1.17558
-1.21679
-1.25477
-1.29071
-1.3265
-1.35974
-1.38932
-1.41948
-1.44915
-1.47773
-1.50606
-1.53351
-1.56292
-1.58855
-1.61045
-1.63072
-1.65065
-1.67525
-1.70229
-1.72909
-1.75459
-1.78168
-1.80971
-1.83661
-1.86231
-1.88954
-1.91657
-1.94319
-1.96898
-1.99461
-2.01997
-2.04518
-2.07299
-2.10071
-2.12826
-2.15299
-2.17293
-2.1903
-2.20603
-2.21676
-2.22123
-2.21948
-2.21727
-2.21315
-2.20442
-2.19996
-2.19654
-2.1971
-2.20009
-2.20541
-2.21258
-2.22171
-2.23255
-2.24583
-2.26043
-2.27698
-2.28628
-2.30573
-2.3253
-2.34705
-2.35829
-2.38145
-2.40509
-2.43035
-2.44306
-2.46971
-2.48695
-2.5061
-2.52846
-2.59005
-2.68658
-2.85886
-3.01358
-3.4073
-3.9591
-4.27047
-4.64055
-5.02047
-5.37076
-5.82623
-6.22949
-6.51952
-6.79616
-7.05323
-7.5264
-7.73153
-7.93381
-8.12509
-8.28978
-8.44112
-8.57912
-8.70508
-8.81682
-8.90649
-8.98441
-9.04817
-9.09848
-9.14088
-9.1704
-9.19053
-9.20245
-9.20457
-9.19702
-9.18066
-9.15838
-9.1284
-9.09245
-9.05015
-9.00225
-8.95134
-8.88961
-8.82896
-8.76785
-8.69961
-8.63261
-8.55988
-8.48354
-8.406
-8.3322
-8.25688
-8.1827
-8.1018
-8.01874
-7.93735
-7.85556
-7.77866
-7.70035
-7.61894
-7.5496
-7.48188
-7.41574
-7.34257
-7.26646
-7.19527
-7.1298
-7.07031
-7.01437
-6.96029
-6.90865
-6.8651
-6.82334
-6.78341
-6.74428
-6.70611
-6.66868
-6.63457
-6.60011
-6.56872
-6.5368
-6.50461
-6.47211
-6.43798
-6.4021
-6.36096
-6.31779
-6.27605
-6.22733
-6.17445
-6.11579
-6.04562
-5.96768
-5.86798
-5.74814
-5.60299
-5.44495
-5.25542
-5.02762
-4.74512
-4.44715
-4.1095
-3.74545
-3.33457
-2.91772
-2.46519
-1.90337
-1.48551
-1.05968
-0.680583
-0.326911
-0.001304
0.330857
0.622521
0.879067
1.11908
1.3486
1.54973
1.72352
1.87978
2.01495
2.11933
2.2079
2.27628
2.32009
2.35064
2.36652
2.36942
2.35773
2.33531
2.30485
2.27116
2.2379
2.21062
2.18092
2.14954
2.1121
2.07233
2.01933
1.94457
1.85495
1.75024
1.64877
1.54534
1.45136
1.35856
1.28236
1.22751
1.2
1.19829
1.2077
1.24321
1.29226
1.34977
1.40976
1.46886
1.52523
1.58618
1.64243
1.69932
1.75398
1.81235
1.8668
1.92024
1.97207
2.04312
2.11545
2.18484
2.25193
2.31563
2.36897
2.42202
2.46484
2.50683
2.54508
2.57725
2.6044
2.62611
2.64339
2.65419
2.65978
2.66148
2.66716
2.70339
2.81351
2.98423
3.22307
3.49785
3.83997
4.25559
4.6419
5.05946
5.44576
5.85109
6.25605
6.61451
6.95536
7.2228
7.42964
7.58834
7.66906
7.67302
7.60408
7.45947
7.23692
6.95941
6.59995
6.17217
5.69257
5.13321
4.50359
3.81574
3.12509
2.38265
1.63346
0.805303
-0.001917
-0.848968
-1.67799
-2.5251
-3.28356
-4.01569
-4.67973
-5.27556
-5.82442
-6.34643
-6.83282
-7.22875
-7.59307
-7.91281
-8.16775
-8.38693
-8.55325
-8.69061
-8.77094
-8.81865
-8.83009
-8.80714
-8.75671
-8.67605
-8.5761
-8.45284
-8.32481
-8.184
-8.03257
-7.88427
-7.7207
-7.55757
-7.37847
-7.18912
-7.0054
-6.80306
-6.6046
-6.4006
-6.20143
-6.00222
-5.80591
-5.60717
-5.41169
-5.21425
-5.0304
-4.84877
-4.6997
-4.5711
-4.46396
-4.3753
-4.30356
-4.23506
-4.17058
-4.12648
-4.08632
-4.04807
-4.01459
-3.98266
-3.95006
-3.91578
-3.88025
-3.84349
-3.80341
-3.75817
-3.70373
-3.64212
-3.57196
-3.48544
-3.38713
-3.27168
-3.13096
-2.98417
-2.81326
-2.66565
-2.53127
-2.40719
-2.28654
-2.16713
-2.07208
-1.98115
-1.88509
-1.80635
-1.73928
-1.67847
-1.62386
-1.57435
-1.53075
-1.49232
-1.4585
-1.42932
-1.40457
-1.3883
-1.37534
-1.36497
-1.35852
-1.35417
-1.35198
-1.35152
-1.35299
-1.35588
-1.35972
-1.36403
-1.36833
-1.37261
-1.37677
-1.38043
-1.38371
-1.38639
-1.3888
-1.38983
-1.39011
-1.38939
-1.38765
-1.38482
-1.38073
-1.37545
-1.36931
-1.36201
-1.35348
-1.34396
-1.33279
-1.31719
-1.2982
-1.27737
-1.25684
-1.23706
-1.21912
-1.19913
-1.17928
-1.1584
-1.13682
-1.11726
-1.10427
-1.09367
-1.09647
-1.11312
-1.14602
-1.19749
-1.26873
-1.35664
-1.46527
-1.59204
-1.72728
-1.86905
-2.00787
-2.1559
-2.32008
-2.49063
-2.64369
-2.80764
-2.97767
-3.11944
-3.24711
-3.34383
-3.42076
-3.47435
-3.51409
-3.54025
-3.55657
-3.56316
-3.56169
-3.55259
-3.53551
-3.51064
-3.47369
-3.43747
-3.39619
-3.34941
-3.29463
-3.23542
-3.16459
-3.08825
-3.00431
-2.91302
-2.81111
-2.689
-2.57772
-2.45522
-2.29781
-2.14454
-2.0057
-1.85878
-1.71415
-1.56947
-1.43149
-1.29574
-1.16877
-1.04468
-0.927366
-0.818023
-0.703326
-0.600164
-0.50221
-0.414703
-0.334655
-0.258615
-0.180279
-0.118628
-0.064172
-0.013696
0.032228
0.074758
0.110653
0.141965
0.167562
0.205318
0.23017
0.237892
0.243492
0.246511
0.247219
0.24136
0.225074
0.189967
0.13671
0.048649
-0.038565
-0.272528
-0.512273
-0.728813
-0.835869
-0.987108
-1.06452
-1.05938
-0.977556
-0.841448
-0.651751
-0.388287
-0.062436
0.341019
0.714504
0.911872
1.12881
1.51467
1.68579
1.88143
2.22274
2.52373
2.80245
3.05199
3.16587
3.27759
3.37054
3.44893
3.51587
3.5858
3.65224
3.72739
3.8199
4.05229
4.19381
4.51589
4.84983
5.15459
5.39861
5.49665
5.66507
5.7719
5.83319
5.85679
5.85127
5.8399
5.82208
5.79512
5.73632
5.7042
5.62828
5.58405
5.54244
5.42276
5.23935
5.12474
4.7815
4.32325
3.82689
3.34642
2.87257
2.43526
2.03238
1.62712
1.22507
0.839489
0.483981
0.203654
0.033035
-0.071003
-0.119569
-0.115576
-0.071192
0.011506
0.121348
0.187233
0.343485
0.507304
0.668786
0.840717
1.01365
1.18326
1.35901
1.51752
1.67455
1.81452
1.94799
2.07096
2.13002
2.23587
2.32077
2.39636
2.46351
2.49317
2.54598
2.5887
2.62582
2.65989
2.6919
2.73312
2.7766
2.8162
2.85656
2.89191
2.93932
2.99939
3.17567
3.45703
3.61589
3.80153
3.99216
4.18652
4.47134
4.6766
4.76184
4.8396
4.96649
5.04729
5.0988
5.12476
5.12741
5.11092
5.08142
5.062
5.013
4.96086
4.90646
4.87876
4.84955
4.81917
4.79064
4.73791
4.71415
4.66869
4.62916
4.61115
4.57998
4.567
4.54315
4.53353
4.52442
4.51656
4.50381
4.49458
4.48798
4.4855
4.48166
4.47911
4.47748
4.47679
4.47696
4.47732
4.47865
4.48052
4.48285
4.48538
4.48798
4.48934
4.49071
4.49375
4.49484
4.49591
4.49777
4.49888
4.49925
4.4995
4.49962
4.4993
4.49893
4.49766
4.49568
4.49442
4.49143
4.48801
4.48608
4.48396
4.48132
4.47865
4.47596
4.47288
4.46848
4.46528
4.46181
4.45805
4.45439
4.45091
4.44639
4.44747
4.46074
4.50081
4.5751
4.68534
4.95722
5.08336
5.2261
5.36379
5.50133
5.64261
5.88946
6.00473
6.11079
6.21931
6.38019
6.44835
6.50473
6.54832
6.58167
6.60626
6.62299
6.62934
6.6316
6.61592
6.59821
6.547
6.5129
6.47659
6.41846
6.32536
6.27515
6.22528
6.17454
6.07459
6.02388
5.97284
5.92248
5.87186
5.82233
5.76883
5.72067
5.67486
5.62871
5.54298
5.5003
5.45417
5.40902
5.36801
5.32851
5.28849
5.24222
5.19067
5.14522
5.10502
5.06566
5.0391
5.02643
5.02374
5.03607
5.05966
5.08617
5.10561
5.11869
5.12425
5.12316
5.10429
5.06546
5.01532
4.91512
4.75313
4.54597
4.32159
4.10036
3.88753
3.68949
3.51145
3.34803
3.20046
3.07396
2.96159
2.85004
2.74745
2.65972
2.58708
2.52354
2.47065
2.42673
2.38937
2.35861
2.33555
2.31864
2.30626
2.28956
2.27583
2.27351
2.2656
2.24717
2.22273
2.14915
2.03954
1.79759
1.40946
1.14102
0.504598
0.108427
-0.313764
-0.803612
-1.29974
-1.75825
-2.24729
-2.77356
-3.287
-3.76488
-4.24346
-4.81258
-5.29692
-5.70767
-6.4184
-7.01036
-7.26898
-7.53381
-7.73067
-7.89911
-8.03301
-8.22004
-8.28051
-8.32145
-8.34251
-8.34542
-8.33172
-8.26634
-8.21749
-8.0823
-8.00109
-7.91183
-7.81632
-7.71681
-7.61143
-7.49785
-7.36001
-7.21592
-7.06809
-6.91351
-6.75033
-6.58622
-6.43204
-6.15081
-5.88812
-5.75769
-5.63582
-5.5185
-5.41189
-5.31018
-5.10353
-5.01868
-4.93176
-4.83752
-4.73264
-4.62184
-4.31663
-4.10443
-3.84179
-3.22632
-2.88674
-2.16672
-1.43863
-1.1114
-0.788854
-0.506194
-0.167736
0.068225
0.275504
0.482013
0.65629
0.945132
1.07692
1.19856
1.31937
1.4608
1.56473
1.7458
1.82019
1.87664
1.915
1.9375
1.94537
1.93939
1.9054
1.85233
1.77193
1.6502
1.51231
1.35786
1.17776
1.00478
0.793712
0.56067
0.374803
0.198115
0.028758
-0.352935
-0.502767
-0.640713
-0.762176
-1.0077
-1.10007
-1.18919
-1.3484
-1.47895
-1.58394
-1.61654
-1.64326
-1.66162
-1.67351
-1.67483
-1.66913
-1.66229
-1.65704
-1.6518
-1.64793
-1.76469
-1.89334
-2.15545
-2.95954
-4.28669
-5.18361
-7.28976
-9.60953
-10.7529
-11.8558
-12.9488
-13.9657
-15.7659
-16.5628
-17.3589
-18.0922
-18.8248
-19.9414
-20.8857
-21.2244
-21.5464
-21.8337
-22.3
-22.4738
-22.6259
-22.7468
-22.809
-22.863
-22.9003
-22.9358
-22.9608
-22.9789
-22.9901
-22.9888
-22.9746
-22.9468
-22.8643
-22.808
-22.7411
-22.6461
-22.3837
-22.2082
-21.984
-21.7141
-21.4044
-21.0621
-20.7064
-20.3362
-19.9397
-19.5252
-18.7554
-18.4031
-18.0373
-17.6748
-17.289
-16.8742
-16.4064
-15.3916
-14.1976
-12.8083
-11.2277
-10.1924
-9.02559
-7.94302
-6.761
-5.61734
-4.31538
-3.11811
-1.9552
-0.621135
1.66909
3.76748
5.69646
7.31383
8.55864
9.62171
10.3396
10.8335
11.1028
11.1671
11.0501
10.734
10.3285
9.81581
9.53899
9.21398
8.54073
8.22404
7.53598
7.21384
6.551
5.92852
5.60953
5.03289
4.5026
4.02216
3.81908
3.60695
3.41485
3.23711
3.04355
2.78992
2.60801
2.47312
2.3877
2.34295
2.33808
2.38831
2.42457
2.51182
2.60972
2.66362
2.72254
2.78477
2.9088
3.03693
3.16365
3.28081
3.3967
3.50623
3.61066
3.70491
3.7521
3.81303
3.93425
4.10255
4.36047
4.71131
5.23402
5.82825
6.58227
7.53226
8.47353
9.4412
9.9684
10.5384
10.9704
11.4447
11.7968
12.0782
12.3131
12.5065
12.7826
12.9144
12.9435
12.888
12.7606
12.5835
12.4829
12.2363
11.9726
11.6965
11.5631
11.42
11.1472
11.0159
10.7534
10.631
10.3998
10.2008
10.0301
9.86593
9.74797
9.66562
9.60226
9.56045
9.53675
9.53018
9.53733
9.54477
9.56687
9.59477
9.62748
9.66252
9.70173
9.73707
9.77163
9.80201
9.83007
9.85264
9.87216
9.88715
9.89667
9.90223
9.90254
9.89905
9.89209
9.88193
9.86914
9.85405
9.83767
9.81921
9.79994
9.7777
9.75628
9.73259
9.70904
9.68509
9.6602
9.64765
9.61979
9.59537
9.57164
9.55944
9.5462
9.5332
9.52164
9.51134
9.50099
9.49076
9.49089
9.49855
9.57491
9.72795
9.98775
10.3329
10.7614
11.2825
11.8449
12.4258
13.0085
13.5944
14.1719
14.7659
15.405
16.0099
16.6183
17.2326
17.8172
18.1133
18.6706
18.9219
19.4112
19.8238
20.2124
20.5915
20.9828
21.3504
21.6876
22.0146
22.2988
22.5858
22.8235
23.0232
23.1871
23.3015
23.4079
23.4554
23.4922
23.5139
23.5136
23.4908
23.45
23.4082
23.3604
23.317
23.2785
23.224
23.1744
23.135
23.087
23.0334
22.9719
22.8969
22.7987
22.6963
22.5811
22.4557
22.3166
22.1699
22.0273
21.8802
21.7178
21.5056
21.3289
21.1605
20.9913
20.8274
20.662
20.4938
20.3292
20.1877
20.0495
19.9083
19.7735
19.6529
19.5179
19.3863
19.2322
19.1056
19.0074
18.9183
18.8432
18.7745
18.714
18.6562
18.6058
18.5602
18.5176
18.475
18.4384
18.4036
18.3675
18.3349
18.3028
18.2707
18.2397
18.2085
18.1776
18.1487
18.1196
18.0923
18.0666
18.0359
18.0098
17.9846
17.9595
17.9351
17.9106
17.8846
17.8561
17.8301
17.8053
17.7776
17.7484
17.7146
17.6866
17.6579
17.6251
17.5937
17.5603
17.5266
17.4897
17.4463
17.404
17.3633
17.3192
17.277
17.2359
17.1959
17.1572
17.1191
17.0815
17.0436
17.0036
16.9693
16.929
16.8798
16.8072
16.7118
16.5902
16.4158
16.1846
15.834
15.4366
14.9507
14.3623
13.6624
12.9684
12.1747
11.3072
10.4035
9.49168
8.56053
7.64958
6.63502
5.81349
4.91773
4.0582
3.3226
2.66168
1.96363
1.39276
0.814644
0.293985
-0.199742
-0.674558
-1.0802
-1.45295
-1.80343
-2.12345
-2.39296
-2.68679
-2.89096
-3.05554
-3.17904
-3.2822
-3.34797
-3.38352
-3.39005
-3.36941
-3.33079
-3.29538
-3.27358
-3.26541
-3.26845
-3.2857
-3.31654
-3.36427
-3.45129
-3.55013
-3.67242
-3.81663
-3.98493
-4.17369
-4.39489
-4.65429
-4.91721
-5.18739
-5.47334
-5.84342
-6.18004
-6.47619
-6.79482
-7.12778
-7.44394
-7.74067
-8.03936
-8.3193
-8.60665
-8.87153
-9.12696
-9.3649
-9.65327
-9.8805
-10.0989
-10.3101
-10.5109
-10.719
-10.9048
-11.0832
-11.2328
-11.3657
-11.4888
-11.5966
-11.6896
-11.7782
-11.8405
-11.8936
-11.9361
-11.9703
-11.9954
-12.012
-12.0211
-12.0235
-12.0161
-11.9981
-11.9718
-11.9388
-11.8997
-11.8451
-11.7806
-11.7035
-11.6192
-11.5202
-11.3873
-11.2599
-11.1048
-10.9542
-10.7997
-10.6565
-10.5317
-10.412
-10.2921
-10.1646
-10.0505
-9.96256
-9.86754
-9.78343
-9.48516
-9.18437
-8.81576
-8.6124
-8.45988
-8.28368
-8.03774
-7.82406
-7.51553
-7.27122
-7.01166
-6.75282
-6.24153
-5.98378
-5.71687
-5.45713
-5.21084
-4.95321
-4.67709
-4.40964
-3.8974
-3.63717
-3.35084
-3.06338
-2.79125
-2.5189
-2.26158
-1.99107
-1.72353
-1.47928
-1.24372
-1.01145
-0.791195
-0.567139
-0.277858
-0.056123
0.143163
0.358687
0.55985
0.760296
0.985668
1.2123
1.45378
1.71924
2.00717
2.32071
2.62918
2.9644
3.32033
3.69079
4.03848
4.379
4.71685
5.07185
5.43501
5.80953
6.30441
6.70668
7.09031
7.47804
7.88403
8.31088
8.75694
9.23871
9.73438
10.2685
10.8186
11.4482
12.0161
12.636
13.2535
13.8985
14.5357
15.3163
15.9927
16.6198
17.2199
17.8211
18.3915
18.9059
19.3537
19.7575
20.1047
20.4362
20.7482
21.0485
21.3497
21.6144
21.846
22.0694
22.3036
22.7073
23.0851
23.4158
23.5556
23.7929
23.8936
23.9814
24.1133
24.1552
24.1934
24.2106
24.2036
24.176
24.1319
24.0756
23.9987
23.8105
23.5983
23.3675
23.1111
22.8278
22.5102
22.1409
21.935
21.4789
21.0857
20.6217
20.1434
19.6283
19.3543
18.7315
18.1442
17.5268
16.9468
16.3492
15.7196
15.07
14.4235
13.7142
13.1193
12.6065
12.11
11.7473
11.4706
11.2992
11.2314
11.2937
11.4693
11.7884
12.2314
12.8053
13.4847
14.2882
15.235
16.3217
17.6894
19.1004
20.5447
22.0214
23.4932
24.8753
26.2284
27.7958
29.1212
30.3549
31.5419
32.6995
33.735
34.792
35.7658
36.6511
37.4397
38.187
38.7778
39.3348
39.834
40.274
40.5898
40.8358
40.9999
41.1113
41.1551
41.1431
41.084
40.9571
40.7653
40.4521
40.1267
39.7183
39.2914
38.7918
38.2978
37.7984
37.3391
36.8289
36.296
35.7434
35.2138
34.692
34.1718
33.6874
33.2017
32.6959
32.2762
31.869
31.5076
31.1353
30.8332
30.5869
30.3736
30.2039
30.0664
29.9652
29.8972
29.8638
29.8661
29.9363
30.0273
30.1457
30.3
30.4641
30.647
30.881
31.104
31.3084
31.5191
31.7327
31.9483
32.1674
32.3715
32.5678
32.7581
32.9472
33.1237
33.288
33.4675
33.6015
33.7204
33.8249
33.9149
33.9881
34.0462
34.0902
34.1229
34.143
34.1393
34.0957
34.0456
33.9847
33.9217
33.8488
33.7736
33.6962
33.6159
33.535
33.4526
33.3665
33.0773
32.9917
32.9277
32.8619
32.802
32.7407
32.6919
32.6455
32.623
32.5397
32.5091
32.4806
32.4598
32.4507
32.4395
32.4371
32.437
32.4378
32.4386
32.4406
32.4439
32.4448
32.4481
32.4492
32.4499
32.4502
32.4491
32.4453
32.4307
32.4069
32.3764
32.3405
32.298
32.2489
32.1953
32.1347
32.0732
32.0111
31.9513
31.8932
31.8364
31.7831
31.7354
31.6851
31.6308
31.5701
31.5305
31.4527
31.4116
31.3206
31.2286
31.1302
31.0271
30.916
30.7989
30.6663
30.5405
30.4031
30.2975
30.214
30.1245
30.0186
29.9043
29.7924
29.6837
29.5782
29.469
29.3547
29.2121
29.0843
28.9482
28.7143
28.4066
28.065
27.6937
27.3172
26.9672
26.6217
26.2612
25.9015
25.5969
25.3255
25.0956
24.8405
24.5139
24.0964
23.5222
22.7971
21.9633
20.8303
19.3491
17.5933
15.032
12.8777
10.3431
7.96615
5.64767
3.3016
0.959833
-1.26362
-3.3302
-5.60167
-8.2973
-10.5034
-12.5315
-14.2378
-15.9678
-17.6766
-19.2453
-20.4752
-21.6787
-22.8134
-24.1117
-25.0524
-25.8553
-26.5874
-27.1466
-27.5495
-27.7775
-27.9038
-27.9015
-27.7422
-27.4261
-26.9553
-26.41
-25.6788
-24.8926
-24.0138
-22.9541
-21.9296
-20.8613
-19.7138
-18.4986
-17.2448
-16.0916
-14.8923
-13.7421
-12.612
-11.5212
-10.4241
-9.22904
-8.29054
-7.32619
-6.52332
-5.85512
-5.26674
-4.82312
-4.45818
-4.19323
-4.00505
-3.88581
-3.82534
-3.81371
-3.83849
-3.89347
-3.98517
-4.10158
-4.25141
-4.45103
-4.7321
-5.01121
-5.33246
-5.6571
-5.97307
-6.2703
-6.54886
-6.81121
-7.06325
-7.29058
-7.50683
-7.72821
-7.94795
-8.16036
-8.3537
-8.53885
-8.70988
-8.88419
-9.03819
-9.18636
-9.31707
-9.4536
-9.56846
-9.68035
-9.78414
-9.88226
-9.97526
-10.0694
-10.1456
-10.2
-10.2392
-10.2603
-10.2609
-10.2087
-10.1305
-10.0103
-9.81507
-9.57063
-9.25715
-8.89189
-8.44635
-7.88499
-7.20808
-6.32357
-5.47248
-4.60645
-3.71489
-2.7661
-1.84413
-0.837606
0.10884
0.968759
1.81627
2.65179
3.48006
4.17602
4.80469
5.3773
5.86618
6.31575
6.69123
7.01405
7.29906
7.53916
7.71893
7.8565
7.9376
7.97124
7.96389
7.91467
7.83157
7.71266
7.5726
7.41304
7.22971
7.01783
6.78454
6.5567
6.30284
6.06867
5.78965
5.52012
5.25203
4.96371
4.73203
4.50903
4.30446
4.09178
3.90917
3.73905
3.57862
3.44292
3.31444
3.18994
3.0878
3.00973
2.9578
2.93476
2.94148
2.97024
3.02639
3.11778
3.24837
3.40549
3.60462
3.83543
4.12398
4.45056
4.77064
5.15722
5.48192
5.81192
6.08022
6.33375
6.60439
6.78155
6.93174
7.04547
7.13222
7.18028
7.19488
7.13134
7.00678
6.79803
6.53864
6.16419
5.72214
5.17765
4.75929
4.3712
3.9842
3.58164
3.1101
2.72427
2.38762
2.0771
1.80113
1.57268
1.37174
1.21173
1.0735
0.939876
0.835141
0.7343
0.634497
0.531284
0.394213
0.210951
0.064001
-0.098325
-0.278456
-0.455613
-0.63031
-0.800431
-0.958286
-1.14595
-1.29077
-1.43319
-1.54601
-1.65137
-1.74076
-1.7974
-1.83771
-1.86598
-1.87881
-1.87994
-1.87016
-1.84741
-1.81298
-1.77049
-1.71926
-1.65706
-1.59271
-1.52583
-1.45407
-1.37334
-1.29129
-1.2071
-1.11455
-1.01171
-0.907983
-0.812688
-0.707241
-0.576162
-0.39554
-0.211625
0.017623
0.349705
0.696907
1.02622
1.39779
1.81188
2.25122
2.66103
3.05763
3.4312
3.78939
4.12078
4.42024
4.71222
4.9615
5.17172
5.34592
5.4807
5.58257
5.65012
5.69047
5.71232
5.71692
5.70411
5.68121
5.65501
5.62504
5.59453
5.57097
5.55628
5.53931
5.52607
5.51337
5.49846
5.4789
5.45265
5.42383
5.38827
5.35391
5.31724
5.27856
5.23476
5.18369
5.11796
5.04547
4.97149
4.89746
4.82609
4.75506
4.68259
4.61822
4.55577
4.50139
4.46014
4.42638
4.401
4.37791
4.35664
4.33407
4.30588
4.27994
4.25746
4.23562
4.21526
4.19884
4.18304
4.16808
4.15526
4.14451
4.13431
4.12525
4.11698
4.11012
4.10449
4.09975
4.09577
4.09256
4.09019
4.08843
4.08718
4.08415
4.07365
4.05613
4.02884
3.99038
3.93796
3.87261
3.77801
3.67609
3.55529
3.43403
3.29951
3.11365
2.88811
2.60012
2.27492
1.866
1.43585
0.97553
0.500402
-0.040741
-0.576126
-1.02618
-1.42257
-1.76801
-2.11107
-2.48656
-2.80579
-3.15606
-3.49401
-3.82431
-4.14802
-4.49964
-4.73419
-4.94924
-5.12232
-5.28232
-5.41592
-5.542
-5.63772
-5.74399
-5.79631
-5.84296
-5.85939
-5.86346
-5.85493
-5.83494
-5.7903
-5.74728
-5.69708
-5.64069
-5.54441
-5.46114
-5.35741
-5.27813
-5.19594
-5.11559
-5.03412
-4.91736
-4.83134
-4.7516
-4.66341
-4.5666
-4.46901
-4.36496
-4.23787
-4.08842
-3.95573
-3.8235
-3.69648
-3.57936
-3.43582
-3.28667
-3.1617
-3.069
-2.98527
-2.90567
-2.82335
-2.76394
-2.72349
-2.71099
-2.72279
-2.76633
-2.86876
-3.06777
-3.28422
-3.51603
-3.82206
-4.21924
-4.56705
-4.95324
-5.48148
-5.86244
-6.23378
-6.57301
-6.92628
-7.24926
-7.60344
-7.91265
-8.22732
-8.52957
-8.8275
-9.10878
-9.38322
-9.6653
-9.9329
-10.1588
-10.3885
-10.5854
-10.7586
-10.9049
-11.0341
-11.1357
-11.2203
-11.2952
-11.3547
-11.4029
-11.4319
-11.4418
-11.4147
-11.3499
-11.2209
-11.0121
-10.7088
-10.1221
-9.32378
-8.59991
-7.77701
-6.63417
-5.55419
-4.41706
-3.31618
-2.17849
-1.01194
0.160464
1.34724
2.45449
3.6038
4.6711
5.69273
6.64681
7.57798
8.52858
9.47687
10.2658
11.0009
11.655
12.3187
12.8962
13.3961
13.8555
14.2596
14.6045
14.8711
15.0983
15.2385
15.3211
15.3556
15.3432
15.2902
15.1983
15.0709
14.9171
14.7365
14.5406
14.3292
14.1006
13.8632
13.6337
13.336
13.0364
12.7994
12.5765
12.3468
12.1525
12.0196
11.9952
12.0616
12.2199
12.5719
13.1483
13.9939
14.9536
16.1359
17.5667
19.1247
21.1944
23.4877
25.4437
27.1803
28.6444
29.9741
31.1274
32.1423
33.0372
33.7778
34.3986
35.0111
35.5652
36.1466
36.8986
37.8786
38.8234
39.8945
41.2171
42.5961
43.6045
44.3214
44.923
45.4267
45.7947
46.0403
46.1523
46.1141
45.9671
45.7423
45.443
45.098
44.6408
44.1074
43.5928
43.0551
42.4673
41.8857
41.2705
40.6485
39.9821
39.2144
38.5192
37.8564
37.0149
36.3158
35.6266
35.1085
34.6272
34.1899
33.8045
33.4655
33.1581
32.8902
32.6837
32.5263
32.4088
32.3338
32.2944
32.2924
32.3212
32.3728
32.4473
32.5371
32.634
32.7448
32.8568
32.9574
33.0087
33.0463
33.0725
33.0875
33.0898
33.0777
33.0534
33.0164
32.9672
32.9183
32.862
32.8157
32.807
32.7778
32.7294
32.6335
32.3396
31.8322
31.1794
30.4705
29.7583
29.3313
28.954
28.6011
28.182
27.9223
27.6664
27.45
27.2407
26.9798
26.9591
27.0509
27.2654
27.3985
27.7716
28.2105
28.685
29.1971
29.72
30.1946
30.4087
30.7954
31.1111
31.3816
31.4888
31.6963
31.7759
31.8537
31.9049
31.9384
31.9579
31.9624
31.9522
31.872
31.6812
31.3662
30.9048
30.3015
29.5131
28.7077
27.4745
25.8888
24.5836
23.419
22.3052
21.2538
20.1763
19.1389
18.1747
17.0907
16.0326
14.9658
13.819
12.609
11.428
10.1601
8.86971
7.43624
5.91978
4.55644
3.10855
1.74483
0.451007
-0.798055
-1.94989
-3.09189
-4.20711
-5.2758
-6.25745
-7.16109
-7.98843
-8.74064
-9.30468
-9.76118
-10.1407
-10.4388
-10.6417
-10.7638
-10.8015
-10.7635
-10.6524
-10.476
-10.2535
-9.97543
-9.67476
-9.3469
-8.99692
-8.61072
-8.24659
-7.85744
-7.47329
-7.07481
-6.69276
-6.32897
-5.95222
-5.57904
-5.22008
-4.89527
-4.53272
-4.12495
-3.79111
-3.50052
-3.18506
-2.84363
-2.41921
-2.02575
-1.7194
-1.42498
-1.15674
-0.88813
-0.6408
-0.415571
-0.217602
-0.033442
0.133178
0.297117
0.444324
0.579091
0.682628
0.771818
0.838896
0.880832
0.885125
0.864671
0.792022
0.662146
0.501436
0.309848
0.10646
-0.108582
-0.303828
-0.482888
-0.639209
-0.793441
-0.939517
-1.08617
-1.21898
-1.35311
-1.47777
-1.59069
-1.69634
-1.79551
-1.894
-1.9935
-2.08113
-2.16407
-2.24363
-2.31788
-2.39962
-2.46133
-2.51083
-2.55509
-2.59302
-2.59898
-2.57319
-2.52739
-2.42899
-2.27453
-2.06155
-1.78859
-1.48916
-1.14152
-0.762825
-0.380102
0.002146
0.364678
0.722459
1.05342
1.39684
1.71681
2.04259
2.35191
2.64918
2.94009
3.25112
3.56886
3.90506
4.2611
4.60976
5.02847
5.39263
5.7385
6.08354
6.48386
6.82315
7.13891
7.43956
7.73137
8.00695
8.2607
8.49959
8.69703
8.88889
9.07184
9.21916
9.34399
9.43696
9.50817
9.55453
9.57493
9.57381
9.55312
9.50433
9.41163
9.22742
8.96178
8.6153
8.14507
7.57901
6.84835
6.06055
5.28307
4.54688
3.6676
2.57332
1.42485
0.102428
-1.37034
-2.8225
-4.28273
-5.79667
-7.34501
-8.73963
-10.0924
-11.3087
-12.4863
-13.5758
-14.5907
-15.5104
-16.3403
-17.1218
-17.786
-18.3843
-18.8647
-19.269
-19.6197
-19.8759
-20.0662
-20.2017
-20.2834
-20.3128
-20.2902
-20.2294
-20.1297
-20.0059
-19.8478
-19.6445
-19.4371
-19.2333
-18.9962
-18.7577
-18.5007
-18.2237
-17.9507
-17.6278
-17.2679
-16.8642
-16.4012
-15.9148
-15.446
-14.9863
-14.5298
-14.0761
-13.6338
-13.2121
-12.7953
-12.3763
-12.0093
-11.6598
-11.3457
-11.0626
-10.8002
-10.5178
-10.2667
-10.0638
-9.87957
-9.71974
-9.57457
-9.46855
-9.37018
-9.29612
-9.2395
-9.19741
-9.17372
-9.16316
-9.16152
-9.16803
-9.18072
-9.19964
-9.22476
-9.25528
-9.29047
-9.33122
-9.37316
-9.41789
-9.46043
-9.50455
-9.54985
-9.5973
-9.64368
-9.68572
-9.71913
-9.74528
-9.7657
-9.78467
-9.79895
-9.8124
-9.82515
-9.83447
-9.82684
-9.78515
-9.69001
-9.52445
-9.29273
-8.94708
-8.51333
-8.04179
-7.48196
-6.89684
-6.21365
-5.54121
-4.805
-3.14079
-2.24018
-1.05554
-0.011501
1.00569
1.98893
2.95848
3.96374
4.9709
5.95764
7.65454
8.42261
9.09857
9.69389
10.2583
10.7286
11.1441
11.5351
11.7964
12.0008
12.1571
12.1974
12.1347
11.9843
11.7786
11.5174
11.2474
10.9429
10.59
10.2247
9.77874
9.20856
8.72218
8.23654
7.72588
7.21325
6.62312
6.05444
5.51673
5.02745
4.54928
4.13877
3.75638
3.40426
3.07337
2.77884
2.52181
2.29697
2.09114
1.93549
1.81138
1.71491
1.64231
1.59503
1.56689
1.56052
1.57257
1.60059
1.65145
1.71961
1.79966
1.88505
1.98141
2.0804
2.18168
2.28754
2.40498
2.52172
2.63436
2.7476
2.85966
2.9703
3.0862
3.20287
3.31789
3.42876
3.53837
3.64646
3.76905
3.89892
4.03367
4.18146
4.34055
4.51223
4.71755
4.91656
5.15416
5.43462
5.74681
6.09904
6.50284
7.01031
7.59152
8.13764
8.79251
9.40844
10.0389
10.7339
11.4938
12.1047
12.7176
13.281
13.785
14.2277
14.6112
14.9104
15.1605
15.338
15.4657
15.5291
15.544
15.5105
15.4129
15.2535
15.0853
14.8215
14.5263
14.1854
13.8046
13.201
12.6778
12.1251
11.519
10.886
10.1598
9.37959
8.55598
7.75748
6.89905
5.62274
4.76853
3.95291
3.10981
2.40749
1.843
1.39362
1.02977
0.671215
0.426702
0.217498
0.088279
0.03259
0.037183
0.085675
0.169724
0.285944
0.43407
0.594814
0.776026
0.975076
1.17435
1.37283
1.58236
1.78737
1.99077
2.20492
2.41846
2.62443
2.81972
3.01641
3.21134
3.41917
3.58144
3.7359
3.8938
4.03251
4.15367
4.27209
4.37483
4.46544
4.55456
4.628
4.68864
4.74243
4.78803
4.82389
4.8539
4.87557
4.88953
4.89714
4.89889
4.89521
4.88605
4.87306
4.85627
4.83597
4.81323
4.78806
4.76037
4.73215
4.70287
4.67284
4.64138
4.60149
4.56529
4.52313
4.49171
4.45918
4.42569
4.39541
4.36571
4.34047
4.31686
4.29401
4.27268
4.25219
4.23326
4.21612
4.19965
4.18471
4.17095
4.15841
4.14698
4.13675
4.12744
4.11906
4.11146
4.1047
4.09864
4.09301
4.08829
4.0839
4.08005
4.07652
4.07317
4.07028
4.06757
4.06514
4.06286
4.06076
4.05869
4.05671
4.05466
4.05236
4.04995
4.04732
4.04452
4.04159
4.03786
4.03479
4.03164
4.02826
4.0245
4.02063
4.01629
4.01179
4.00664
4.00136
3.99518
3.98894
3.98292
3.97641
3.96963
3.96247
3.95537
3.94811
3.94041
3.93283
3.92435
3.9161
3.9079
3.89944
3.89073