
0
1075.93
-1772.05
1812.43
-1213.81
158.756
968.723
-1818.96
2087.95
-1743.55
1040.85
-322.535
-37.1562
-167.916
927.068
-1848.3
2651.13
-3147.59
2919.57
-1878.94
609.421
361.665
-1019.09
1067.13
-327.558
-793.178
1758.89
-2226.02
2118.11
-1381.68
194.182
932.45
-1330.29
802.661
328.787
-1690.82
2938.76
-3730.01
3523.93
-2267.74
419.267
1421.45
-2525.54
2705.72
-2124.65
728.388
1099.31
-2363.82
2760.03
-2309.25
943.575
672.794
-1864.56
2362.69
-1861.75
453.282
1123.86
-2496.55
3327.17
-2989.13
1671.86
-60.1982
-1259.23
2288.67
-2887.93
2341.79
-915.874
-396.912
1066.21
-1212.99
1038.21
-440.449
-664.403
1567.34
-1351.71
585.978
59.9193
-962.681
1966.95
-2358.73
1888.03
-775.269
-376.198
1213.31
-1740.73
1508.72
-607.177
-222.159
732.891
-993.417
989.631
-513.132
-295.181
893.867
-1024.26
850.843
-327.218
-540.295
1166.92
-1548.27
1738.23
-1343.83
694.633
-123.605
-479.368
936.291
-997.968
680.9
-134.521
-467.191
931.613
-943.887
468.403
21.9219
-381.491
716.5
-678.098
185.267
305.95
-688.887
858.921
-676.18
453.02
-253.799
12.6531
194.752
-347.736
305.252
-71.0412
-125.069
183.674
-158.284
25.6752
144.414
-200.306
145.371
-37.648
0.459882
35.3272
-241.742
414.845
-352.801
137.528
64.1812
-83.3677
15.3331
-16.9272
-42.0568
181.836
-208.023
81.6683
-18.0845
73.2108
-63.989
-15.1379
52.3077
-14.6203
-51.8085
147.093
-177.262
65.7996
-37.036
99.3307
-104.758
112.261
-167.354
225.585
-221.944
196.168
-142.471
-49.4517
267.232
-249.281
-18.1333
300.074
-435.951
401.574
-227.513
13.5176
155.502
-212.374
165.723
-126.021
24.5001
185.831
-339.181
334.763
-210.654
95.0292
-5.60486
-87.3451
133.15
-124.433
59.5167
36.8574
-139.862
231.434
-278.563
228.405
-59.0719
-111.31
220.442
-249.672
156.412
0.164071
-169.471
286.974
-278.739
185.927
-50.3528
-88.3534
159.463
-130.294
-4.79248
165.05
-216.577
157.78
-126.587
148.951
-111.469
-11.2991
138.764
-149.045
62.1798
24.214
-131.461
202.048
-178.54
131.165
-101.868
56.1147
33.2254
-76.4131
8.57809
88.2111
-135.795
154.795
-164.003
130.131
-73.2494
17.9627
43.7418
-71.9602
49.5949
15.6277
-76.4072
63.2555
-40.4375
58.2936
-80.698
89.1606
-66.6368
31.5734
-7.23054
8.85748
-30.084
39.5282
-36.2211
46.8224
-86.6205
96.7728
-67.521
39.7677
5.56081
-52.659
73.8898
-49.7601
-21.0982
80.5756
-105.732
102.989
-74.1851
42.0555
-21.8474
13.9353
-14.6775
31.6476
-57.4379
69.1499
-68.2632
57.4556
-50.1661
37.8591
-23.4358
35.1468
-34.0354
15.1719
-2.81718
6.09572
-38.706
66.6714
-75.6081
68.221
-53.1507
51.8523
-53.0723
42.2066
-25.4394
30.1321
-52.1288
62.8389
-55.6341
36.749
-28.782
21.7587
-9.16515
24.0967
-42.0633
32.7739
-14.3946
9.09018
-33.7918
57.596
-55.3735
46.6589
-45.6232
45.3772
-24.8922
-2.93537
12.5829
12.4088
-58.125
87.1813
-88.4865
49.1706
-0.534924
-19.4565
16.8465
7.81239
-25.1196
24.4338
-30.5976
46.7414
-66.6376
71.2136
-51.1358
23.6514
-9.45292
12.3317
-15.1602
14.713
-18.1125
35.9823
-66.0121
78.645
-71.3624
43.7597
-10.2851
0.997766
-1.11027
8.84145
-19.7461
26.2078
-37.1909
48.7584
-66.6157
78.3412
-64.0202
23.0191
14.6149
-16.528
-5.39999
37.8188
-63.006
70.0878
-60.6152
34.749
-18.1502
11.4759
-4.04689
9.33612
-22.15
36.6943
-46.9756
44.5027
-30.3355
8.04059
0.000403709
11.2473
-28.344
40.3174
-40.4217
36.8847
-27.0811
19.8241
-19.7542
26.1052
-41.5625
39.9428
-25.6543
13.1948
-6.40032
16.0935
-28.1566
33.6619
-31.4178
25.9325
-26.7329
30.4333
-31.5131
24.9953
-17.7108
14.7369
-18.3784
34.0297
-45.893
46.7191
-40.7225
32.2337
-32.9495
29.8758
-21.437
18.6462
-16.4723
21.2916
-27.1403
28.3525
-29.3571
31.1531
-34.588
33.2632
-26.6345
13.2641
-5.19504
12.8408
-29.0953
47.9782
-51.2388
40.9362
-28.0813
12.1526
-5.52888
5.58817
-11.3387
30.7229
-46.1827
43.2004
-25.4178
5.99906
0.923083
6.79066
-21.7824
30.2648
-30.3789
25.89
-23.1524
26.317
-26.0483
27.2766
-28.1
25.5274
-25.3202
21.4039
-18.2059
17.2737
-18.6565
24.298
-28.1781
27.9814
-24.9111
23.1373
-21.9936
21.501
-21.9767
22.3395
-23.3628
23.7227
-23.6971
23.2417
-23.0115
22.6267
-22.4806
22.438
-22.0386
23.2487
-24.9052
25.7779
-24.5781
21.6194
-18.0972
16.3972
-19.1225
23.2948
-26.6852
27.5937
-24.7176
21.9474
-20.5868
20.2463
-20.9836
19.6661
-19.0908
19.0876
-19.4222
23.669
-26.7295
28.1604
-26.9097
23.5547
-21.828
20.2146
-19.0845
17.5903
-19.0811
22.7255
-26.2796
28.818
-26.7826
22.6158
-16.176
13.7496
-18.0166
21.6769
-24.5751
24.6781
-22.1572
21.1282
-21.3467
21.9816
-21.0879
18.1189
-16.7168
18.2662
-20.7919
21.9268
-21.9756
20.853
-19.2634
19.7546
-19.4366
19.4605
-19.2004
18.0076
-19.3458
18.8722
-18.5192
19.6892
-20.8061
22.9954
-22.7595
19.5737
-15.6216
14.0875
-15.1152
17.7983
-20.8652
21.6111
-22.2241
22.3948
-21.1664
19.5909
-17.3121
17.0647
-18.1836
17.8645
-19.3758
21.1442
-21.4816
22.2818
-21.769
21.3125
-20.7646
19.1141
-16.6848
14.6936
-14.5789
16.0102
-20.167
23.7132
-25.7957
24.9482
-20.491
17.7488
-14.9528
13.9304
-16.0769
17.9971
-20.478
21.8726
-22.3019
22.9687
-21.5363
18.168
-14.631
11.6223
-10.5221
12.7296
-17.6753
22.5447
-25.3385
23.9396
-19.7722
15.8938
-12.1851
12.0876
-13.7636
16.1307
-20.2981
21.6073
-21.3597
19.7282
-17.5266
16.1118
-14.4292
14.2037
-14.6969
15.6556
-15.971
16.8538
-18.5863
18.9632
-19.5273
18.7008
-17.4683
17.1492
-15.9595
16.2232
-16.8557
16.2464
-16.7612
17.6733
-18.9378
19.8732
-19.1041
17.8721
-16.3725
15.6954
-15.3042
14.725
-13.977
14.2454
-16.9623
19.463
-22.2913
22.7469
-19.8156
16.3896
-11.7539
10.007
-11.9581
15.6522
-20.1074
22.1337
-21.3201
18.838
-16.2321
14.0042
-12.2744
11.1464
-11.5267
14.7166
-18.0236
19.7247
-20.0437
17.8638
-15.8939
15.277
-14.3672
13.9411
-12.4461
12.0713
-14.4056
17.1122
-20.0779
20.8477
-19.0867
15.6725
-11.8981
9.58618
-9.75933
13.0204
-16.659
20.075
-21.1534
18.905
-16.2763
13.5963
-11.9946
11.5106
-12.2825
15.0234
-17.2976
18.2688
-18.4276
17.2133
-15.7414
15.0409
-14.8939
14.4806
-13.4039
12.8392
-13.3893
15.3324
-17.0735
18.279
-18.2184
15.6419
-14.0029
13.0248
-12.6335
13.1276
-13.2279
14.627
-15.8523
16.4372
-16.9196
16.5406
-15.454
14.1539
-13.3936
12.7585
-12.8164
13.335
-14.0275
15.4003
-15.863
15.7076
-15.7239
14.8076
-14.0553
13.3027
-12.2779
12.4436
-12.634
13.5566
-14.8729
15.6921
-16.8677
17.0242
-16.0091
13.9454
-12.0663
10.8776
-10.9376
13.0022
-15.1872
17.3065
-17.4195
15.6714
-13.8206
11.7585
-11.6477
12.6442
-13.241
13.8785
-14.4594
15.4108
-16.0181
15.5669
-14.7543
13.9795
-13.3752
12.8029
-12.7706
13.0589
-12.9284
13.3734
-14.0512
15.1055
-15.2886
13.8646
-13.02
11.9564
-11.7381
12.3503
-12.5829
13.0498
-13.2149
13.9463
-14.5188
14.6016
-14.2927
13.409
-12.4573
11.235
-11.3154
11.9967
-12.5058
13.5773
-14.1505
14.5107
-14.0757
12.4144
-11.4024
10.9328
-11.144
12.1315
-12.9436
13.9913
-14.4253
14.2962
-13.8383
12.9584
-12.2755
11.9209
-12.6906
12.9964
-12.9843
13.1378
-12.9723
13.6466
-13.7946
13.9472
-13.7694
12.317
-11.1865
10.5529
-11.1673
12.7559
-14.3781
15.3667
-15.0133
13.7816
-12.2331
11.1501
-10.8336
11.2974
-12.4859
13.3246
-13.7582
13.9816
-13.5207
13.2088
-12.1656
10.5753
-9.98363
9.87809
-10.8656
12.2256
-13.3278
13.8685
-13.3389
12.4832
-11.236
10.4969
-10.2881
10.9249
-12.2265
12.9049
-13.2834
12.4803
-11.2554
10.8099
-10.6687
11.2101
-11.6219
11.3271
-11.0421
10.515
-10.2708
11.0672
-12.3507
13.195
-12.9087
12.3556
-11.7615
11.3242
-11.193
11.2627
-12.1013
12.3773
-12.5632
12.694
-12.4221
12.7654
-12.3949
11.4932
-10.4534
9.78421
-10.0898
10.8112
-12.0917
13.1512
-13.6181
13.2091
-12.3828
12.0234
-11.6227
11.3351
-10.9105
10.5763
-11.3034
12.2152
-13.0268
13.5027
-12.7958
11.6415
-10.0915
8.79591
-8.42265
8.78657
-10.0372
11.4675
-12.9844
13.3639
-12.4846
10.9635
-9.07525
8.76389
-9.51832
10.9578
-12.0838
11.8608
-11.587
10.8643
-10.0524
9.81839
-9.85057
9.86152
-9.55353
9.3127
-9.41291
10.0531
-10.8868
11.2945
-11.3292
10.9598
-10.565
10.3069
-10.0399
10.7326
-11.4487
11.6088
-11.8882
11.4847
-11.1143
10.7805
-10.3197
10.1227
-10.1126
10.6213
-10.8675
10.9407
-10.8318
10.8282
-11.1154
11.2255
-11.6146
11.4863
-11.2475
11.2677
-10.8515
10.7558
-10.9157
11.0678
-11.4284
11.5122
-11.5494
11.6357
-10.8702
9.47958
-8.34627
8.21356
-8.96911
10.2413
-11.6321
12.3466
-12.1468
10.6639
-9.10044
8.03705
-7.65094
8.71024
-9.83935
11.0449
-11.9826
11.7226
-10.7805
9.45358
-8.48053
7.97006
-7.73278
7.89024
-8.79277
10.0667
-10.8096
11.1447
-10.8719
10.168
-9.4425
8.32991
-7.78148
8.1165
-8.68992
10.1523
-11.3429
11.6646
-11.6667
10.7882
-9.74296
8.66135
-7.98944
8.38188
-9.44847
10.4957
-11.0111
11.3549
-11.0921
10.6485
-9.94947
9.29395
-9.80953
10.1621
-10.275
10.2968
-9.93815
9.86063
-9.91146
10.2707
-10.9901
11.2073
-10.6273
9.78672
-9.03838
8.53177
-8.41723
8.7005
-9.46848
10.5121
-10.8105
10.5129
-10.0126
9.0646
-8.61359
8.24826
-8.17607
8.84904
-9.17801
9.43764
-9.19815
8.7449
-8.86412
8.99267
-8.99656
8.93088
-8.65119
7.9601
-7.60018
7.7823
-8.362
9.35281
-9.8988
9.95701
-9.483
8.37741
-7.68861
7.52058
-7.73402
8.735
-9.51291
9.91742
-10.084
9.53976
-8.94602
8.24958
-7.70451
7.90838
-8.65226
9.39898
-10.004
10.2437
-9.92442
10.1215
-10.0562
9.31331
-8.6443
7.91899
-8.04466
8.70059
-9.53935
10.7348
-11.0275
10.2715
-9.18459
7.92501
-7.3523
7.83314
-8.3462
8.87933
-9.71984
10.2481
-10.3841
10.2227
-9.39075
8.52117
-7.73232
7.12825
-7.77117
8.48608
-9.04567
9.58084
-9.25584
8.87357
-8.23498
7.47637
-7.33733
7.46246
-7.55166
7.83079
-8.03635
7.89008
-8.25237
8.7265
-9.18824
9.61213
-9.03439
8.20224
-7.20204
6.03581
-6.0143
6.88257
-8.30122
9.9195
-10.2988
9.72963
-8.64207
7.08835
-6.22182
6.27421
-6.87477
8.0241
-9.26473
9.72607
-9.94637
9.88485
-9.20545
8.69806
-7.87201
7.47251
-7.52632
7.35422
-8.09053
9.03877
-9.51159
9.65463
-9.18957
8.43968
-7.821
7.2428
-7.13918
7.87159
-8.48505
9.01757
-9.50652
9.30626
-9.08773
8.88636
-8.31456
7.95859
-7.48262
7.17685
-7.60602
7.76837
-8.13645
8.60613
-8.4007
8.23508
-7.92256
7.43923
-7.25949
7.10898
-6.86866
7.15248
-7.54466
7.7383
-8.19431
8.1838
-8.17521
8.2314
-7.65904
7.32564
-7.00588
6.67371
-7.02051
7.20235
-7.32937
8.02504
-8.31666
8.22249
-7.88581
7.0256
-6.62329
6.87928
-7.22377
7.71349
-7.97309
7.77674
-7.86048
7.75188
-7.62509
8.02397
-7.82868
7.6103
-7.50936
7.21233
-7.58333
8.06192
-8.33223
8.71673
-8.60726
7.87708
-7.25906
6.63531
-6.48016
7.25283
-8.00691
8.77148
-9.07422
8.30153
-7.42076
6.61189
-6.0773
6.56162
-7.2277
7.84805
-8.46804
8.21051
-7.88989
7.65027
-7.18312
7.19005
-7.30854
7.19974
-7.11006
7.00306
-6.95256
7.26341
-7.27686
7.17874
-7.34292
6.96344
-6.80561
6.90147
-6.75761
6.89788
-6.90986
6.91715
-7.23436
7.21561
-7.21716
7.60912
-7.65364
7.52745
-7.25526
6.62499
-6.20779
6.03257
-6.23296
6.99197
-7.50696
7.59488
-7.67662
7.11858
-6.61097
6.65934
-6.48563
6.79558
-7.05946
6.8841
-7.07581
7.37563
-7.81169
8.23065
-8.02144
7.37414
-6.76982
6.02647
-5.70592
6.07896
-6.56973
7.44841
-7.94211
7.60283
-7.25712
6.64218
-6.0482
6.1906
-6.44979
6.87108
-7.26028
7.13891
-7.42145
7.58174
-7.1924
7.02801
-6.79548
6.47211
-6.38598
6.21169
-6.08375
6.44769
-6.77689
7.2262
-7.49016
6.90074
-6.51905
6.17463
-5.83979
6.1952
-6.54456
6.92325
-7.49659
7.54956
-7.26939
6.97247
-6.51362
6.41111
-6.39426
6.18788
-6.34796
6.39698
-6.30089
6.58202
-6.67246
6.70968
-7.0236
6.78002
-6.39126
6.12821
-5.81459
6.12613
-6.5237
6.91526
-7.40126
7.19815
-6.71603
6.42587
-5.90523
5.56573
-5.81327
6.07502
-6.54165
6.83749
-6.59794
6.49097
-6.11696
5.70016
-5.78065
5.7034
-5.68988
6.04351
-6.24199
6.77569
-7.39
7.35637
-7.12716
6.39777
-5.52205
5.16665
-4.96226
5.13121
-5.89554
6.75254
-7.54953
8.0269
-7.42478
6.4709
-5.48315
4.44678
-4.46575
5.10875
-6.09218
7.399
-8.13778
8.36227
-7.95744
6.66386
-5.44035
4.67415
-4.4118
5.27117
-6.47088
7.24366
-7.70488
7.4329
-6.61991
5.85311
-5.12404
4.99293
-5.49996
5.76168
-6.20259
6.50192
-6.36778
6.55149
-6.49436
6.38398
-6.39444
5.96343
-5.47005
5.16829
-4.94264
5.18287
-5.82306
6.09721
-6.32279
6.29324
-5.76727
5.49356
-5.20435
5.10768
-5.39361
5.47059
-5.66653
5.83562
-5.60327
5.7306
-6.00256
6.08827
-6.33814
6.14559
-5.62322
5.23675
-4.82344
4.78257
-5.28963
5.73093
-6.12007
6.48119
-6.38973
6.2934
-5.89802
5.32366
-5.34788
5.36674
-5.55262
6.07996
-6.43424
6.7336
-6.84306
6.49681
-6.08117
5.62175
-5.10211
5.15239
-5.36251
5.56624
-6.13916
6.46264
-6.52753
6.43663
-5.87013
5.42477
-5.13397
4.79568
-5.07365
5.44932
-5.79824
6.52283
-6.79406
6.57878
-6.08067
5.18628
-4.42601
4.08446
-4.05678
4.67138
-5.6274
6.268
-6.66278
6.3016
-5.48932
4.87214
-4.1387
3.90112
-4.27721
4.66179
-5.35009
5.99833
-6.03032
5.95422
-5.65101
5.14301
-4.80673
4.35533
-4.19071
4.39227
-4.61722
5.17947
-5.98658
6.42382
-6.53675
6.22008
-5.30817
4.60988
-4.07476
3.9518
-4.64875
5.45239
-6.35472
6.95627
-6.7983
6.3551
-5.68893
4.8325
-4.29505
4.06246
-4.1586
4.92743
-5.87304
6.73416
-7.33005
7.14358
-6.45463
5.48204
-4.31788
3.76398
-3.85136
4.28051
-5.35735
6.35657
-6.91173
7.00176
-6.2244
5.21504
-4.30487
3.57504
-3.48198
3.89392
-4.46583
5.3544
-6.10116
6.25068
-6.23778
5.70243
-4.85162
4.16356
-3.49718
3.50225
-4.04608
4.52856
-5.1209
5.4929
-5.44366
5.38551
-5.08285
4.64373
-4.36382
3.96492
-3.73812
3.82379
-4.11963
4.81655
-5.59541
5.94812
-6.05297
5.71968
-4.89525
4.2522
-3.71463
3.72051
-4.33562
4.82539
-5.40272
5.8219
-5.75426
5.50761
-5.14192
4.7195
-4.56752
4.52092
-4.464
4.64264
-4.85483
5.29952
-5.91075
6.12587
-6.03469
5.55012
-4.6611
4.0439
-3.87637
4.20379
-4.99619
5.49766
-5.71891
5.73382
-5.33119
4.8104
-4.22078
3.81617
-3.9412
4.41534
-4.82132
5.15918
-5.28495
5.13295
-4.98242
4.49128
-4.0201
3.91814
-3.92546
4.23744
-4.55898
4.70811
-4.91234
4.8286
-4.44239
4.16284
-3.92166
3.83944
-3.92304
4.05755
-4.42587
4.7254
-4.68158
4.51346
-4.4074
4.31507
-4.34371
4.23984
-4.02477
4.13158
-4.21545
4.5069
-4.95226
5.05439
-4.98645
4.68409
-4.36747
4.29159
-4.30494
4.31089
-4.42726
4.614
-4.802
4.95964
-4.84925
4.77403
-4.75917
4.57476
-4.5402
4.5194
-4.33018
4.24408
-4.25226
4.49598
-4.90139
5.04071
-5.14858
5.06672
-4.60466
4.18572
-3.92942
3.84549
-3.96121
4.20435
-4.39673
4.62295
-4.67883
4.4961
-4.39895
4.19907
-4.06348
3.92158
-3.67774
3.70958
-3.84627
4.07742
-4.48545
4.74363
-4.68815
4.35379
-3.83433
3.51115
-3.5424
3.66322
-3.8161
4.03964
-4.22956
4.34645
-4.23442
3.94941
-3.91982
3.88175
-3.84609
4.01985
-4.09056
4.18176
-4.14616
4.14755
-4.38854
4.51408
-4.52191
4.38971
-4.18616
4.0138
-3.96756
3.96888
-4.0216
4.15834
-4.10517
4.13127
-4.23773
4.21018
-4.22947
4.19169
-4.14956
4.12617
-3.93334
3.89077
-4.03828
4.15938
-4.34632
4.42404
-4.39893
4.31873
-4.14153
3.97363
-3.93524
3.99891
-3.93661
3.83376
-3.6052
3.4736
-3.54328
3.51103
-3.71659
3.99521
-4.13319
4.15072
-3.97694
3.8764
-3.79452
3.59246
-3.40515
3.38046
-3.44578
3.66675
-4.1485
4.63644
-4.89961
4.71244
-4.04163
3.30061
-2.65708
2.26661
-2.53065
3.19528
-4.07658
4.89982
-5.1931
5.05099
-4.35101
3.37771
-2.68597
2.52713
-2.96416
3.71196
-4.39713
4.78739
-4.97213
4.70694
-4.1746
3.74321
-3.2459
2.93926
-2.83366
2.94823
-3.38548
3.8741
-4.3777
4.68689
-4.5398
4.1085
-3.51659
2.97429
-2.8202
2.99024
-3.33646
3.84339
-4.37687
4.57709
-4.41004
3.98037
-3.37651
2.9395
-2.59216
2.5808
-2.90305
3.16008
-3.51911
3.80283
-4.04123
4.19693
-3.9889
3.56479
-3.14487
2.95259
-2.97169
3.19048
-3.49504
3.79341
-4.08132
4.08555
-3.89559
3.65015
-3.32169
3.12303
-2.93367
2.76255
-2.88293
3.19739
-3.7447
4.25734
-4.44944
4.34739
-3.8923
3.3133
-2.80714
2.65434
-2.90172
3.53416
-4.2906
4.58885
-4.56438
4.11134
-3.37179
2.72642
-2.27515
2.34766
-2.70774
3.22992
-3.89418
4.33262
-4.46761
4.30337
-3.80442
3.08435
-2.44071
2.1156
-2.23349
2.83843
-3.61818
4.23501
-4.51459
4.20506
-3.53346
2.70557
-1.93829
1.71499
-1.88575
2.45541
-3.26593
3.90777
-4.27259
4.17171
-3.79341
3.32901
-2.87055
2.4551
-2.26374
2.45418
-2.78583
3.27184
-3.72339
3.97589
-4.02347
3.68679
-3.17356
2.67465
-2.30472
2.30301
-2.56903
3.03946
-3.6302
4.00949
-4.19223
4.21624
-4.05428
3.65491
-3.10261
2.62355
-2.27925
2.30652
-2.62725
3.28361
-4.06998
4.43415
-4.45564
4.01212
-3.25873
2.44161
-1.80732
1.79569
-2.22086
2.94685
-3.76932
4.39771
-4.61691
4.26421
-3.51412
2.58407
-1.8884
1.58406
-1.54631
1.93188
-2.60297
3.33269
-3.88856
3.94292
-3.65402
3.00228
-2.23649
1.78336
-1.55715
1.75827
-2.24634
2.90753
-3.62141
3.97513
-3.9283
3.49627
-2.96755
2.31068
-1.65882
1.37739
-1.50616
2.18191
-2.96932
3.67969
-4.17871
4.03339
-3.42988
2.57566
-1.89066
1.73899
-1.96435
2.55517
-3.31631
3.90273
-4.1718
4.0402
-3.59519
2.965
-2.46989
2.23191
-2.22182
2.48941
-2.79127
3.2372
-3.66174
3.88896
-3.90948
3.42427
-2.82679
2.24889
-1.86121
2.02166
-2.53806
3.24558
-3.77648
3.9299
-3.649
3.05446
-2.32942
1.5928
-1.304
1.56791
-2.28716
3.0841
-3.49302
3.69554
-3.54105
2.92273
-2.25993
1.60918
-1.24771
1.3601
-1.81804
2.67458
-3.46358
3.77787
-3.55612
2.88776
-1.9706
1.11732
-0.773414
0.966563
-1.70726
2.58889
-3.2843
3.76826
-3.66193
3.22822
-2.54659
1.75287
-1.45733
1.55338
-1.97357
2.71088
-3.42922
3.84401
-3.76959
3.30405
-2.67992
2.08518
-1.653
1.60658
-2.04694
2.58082
-3.1094
3.47143
-3.49015
3.43127
-3.00891
2.52501
-2.33684
2.21437
-2.3881
2.64247
-2.87139
3.07179
-3.12526
3.08974
-2.90171
2.66135
-2.32871
2.07937
-1.91814
1.85064
-2.10607
2.3332
-2.56565
2.74019
-2.62652
2.58491
-2.50931
2.35121
-2.22212
1.94593
-1.82393
1.90111
-2.01577
2.23001
-2.41593
2.50663
-2.42827
2.23622
-1.88557
1.56832
-1.44732
1.41566
-1.73273
2.02862
-2.30325
2.63858
-2.55026
2.3614
-2.13713
1.94791
-1.98147
2.04353
-2.19253
2.39655
-2.53888
2.55787
-2.51018
2.39626
-2.26431
2.21643
-2.07676
2.03105
-2.13296
2.14894
-2.36603
2.58584
-2.61588
2.67274
-2.49484
2.29408
-2.16922
2.08327
-2.27998
2.51142
-2.68816
2.76463
-2.76791
2.69191
-2.52632
2.28479
-1.90894
1.80252
-1.86115
2.10114
-2.51194
2.60852
-2.59015
2.36118
-1.97257
1.76687
-1.60392
1.60393
-1.74362
1.88641
-2.11491
2.30063
-2.38602
2.40572
-2.31543
2.0754
-1.75839
1.45119
-1.11325
1.04877
-1.27982
1.73468
-2.45621
2.80808
-2.76175
2.40174
-1.68253
1.00942
-0.467231
0.459595
-1.06002
1.89979
-2.799
3.40499
-3.42299
2.80101
-1.97126
1.23219
-0.784788
0.811271
-1.08076
1.66043
-2.34169
2.82887
-3.22238
3.11594
-2.52117
1.75217
-0.936744
0.579459
-0.718387
1.35181
-2.32829
3.11455
-3.57473
3.53817
-2.98939
2.09546
-1.30246
0.843055
-0.759295
1.29941
-2.01141
2.71181
-3.18034
3.04861
-2.57901
1.76327
-0.983077
0.607702
-0.563564
1.00178
-1.64225
2.21213
-2.73718
2.98517
-2.78815
2.22693
-1.55323
1.02039
-0.848768
1.03644
-1.39937
1.92574
-2.24286
2.32266
-2.27825
1.88276
-1.5084
1.07965
-0.701657
0.697432
-0.814559
1.22287
-1.7529
2.16704
-2.42914
2.39545
-2.09178
1.66616
-1.34803
1.04768
-1.03748
1.40584
-1.77574
2.15084
-2.26898
2.20095
-2.09216
1.68446
-1.27802
0.923709
-0.722772
0.977401
-1.28741
1.65891
-2.17847
2.53555
-2.59484
2.35756
-1.87914
1.21733
-0.861992
0.919081
-1.29823
1.89396
-2.29349
2.62614
-2.49968
1.94186
-1.49832
1.01431
-0.794542
0.812655
-0.956751
1.36333
-1.70472
1.92865
-2.1133
2.19619
-2.0546
1.76222
-1.4115
1.00955
-0.886871
1.02069
-1.4093
2.03529
-2.30972
2.26009
-1.87682
1.23598
-0.899573
0.691946
-0.696383
0.893709
-1.00034
1.23877
-1.54741
1.80018
-1.85
1.73344
-1.52933
1.30983
-1.19565
1.0135
-0.978804
1.0691
-1.27887
1.71765
-1.92045
2.00381
-1.93849
1.49528
-1.0796
0.717571
-0.448638
0.430439
-0.629657
1.10714
-1.63924
2.00981
-2.12244
2.00651
-1.6468
1.09992
-0.743031
0.552632
-0.702203
1.1092
-1.51969
2.0894
-2.28223
2.08371
-1.71656
1.15628
-0.805359
0.597612
-0.54263
0.701288
-0.956849
1.36289
-1.84824
2.2151
-2.21607
1.88496
-1.29829
0.691599
-0.44233
0.486134
-0.917689
1.52175
-1.89482
2.21346
-2.1015
1.54543
-1.01183
0.523149
-0.414045
0.553741
-0.770736
1.08166
-1.30453
1.53206
-1.67158
1.67353
-1.46087
1.23579
-1.05412
0.813365
-0.838326
0.858623
-1.0203
1.3591
-1.44686
1.53453
-1.42397
1.0958
-0.765307
0.403417
-0.341387
0.528141
-0.788638
1.06413
-1.20674
1.26626
-1.25716
1.20186
-1.01144
0.857611
-0.858975
0.788481
-0.951293
1.19836
-1.39804
1.59272
-1.38867
1.10091
-0.735113
0.352808
-0.293698
0.454511
-0.894553
1.28475
-1.46205
1.45216
-1.25999
0.989585
-0.687023
0.633665
-0.676797
0.865542
-1.24618
1.456
-1.59393
1.48193
-1.18339
0.989095
-0.70309
0.557972
-0.605463
0.756474
-1.10576
1.31791
-1.33664
1.21514
-0.981488
0.78637
-0.710724
0.769563
-0.820709
1.07593
-1.39549
1.55565
-1.52665
1.08303
-0.711046
0.462055
-0.256365
0.376718
-0.536861
0.761639
-0.94936
0.95382
-0.98673
0.934821
-0.736404
0.494323
-0.336893
0.309694
-0.509584
0.917435
-1.19915
1.35653
-1.23838
0.850946
-0.611123
0.369032
-0.240126
0.27753
-0.414001
0.779694
-0.876678
0.779104
-0.694341
0.479288
-0.29542
0.213216
-0.380115
0.651419
-0.885259
0.9973
-0.998678
1.08438
-1.01698
0.907298
-0.798566
0.651923
-0.64445
0.514463
-0.506242
0.705866
-0.790097
0.92664
-0.974895
0.923175
-0.804183
0.517444
-0.40612
0.487667
-0.6774
0.892525
-1.05961
1.12298
-0.99292
0.957574
-0.891537
0.830932
-0.789374
0.587429
-0.545247
0.457088
-0.426637
0.504116
-0.44115
0.573072
-0.695685
0.696361
-0.674471
0.551539
-0.419047
0.265061
-0.248548
0.36696
-0.538667
0.714679
-0.771943
0.817484
-0.704433
0.527137
-0.375325
0.0957826
-0.0398717
0.0273627
0.00345136
0.134136
-0.220503
0.461871
-0.623914
0.579082
-0.510475
0.313276
-0.145371
0.0272621
-0.0277479
0.0871374
-0.209329
0.423369
-0.640073
1.00486
-1.135
1.01078
-0.774043
0.277996
0.0922729
-0.355307
0.389062
0.0600799
-0.565269
1.02712
-1.36191
1.35939
-1.05815
0.525409
-0.0131517
-0.32825
0.424325
-0.268238
-0.216132
0.884367
-1.28831
1.57526
-1.4706
0.876246
-0.273028
-0.359973
0.624594
-0.515435
0.165191
0.577927
-1.24732
1.62335
-1.52433
0.911534
-0.116483
-0.578168
0.963734
-0.951211
0.407049
0.338634
-1.00366
1.42694
-1.24595
0.811573
-0.219247
-0.540028
0.993068
-1.13852
0.765595
-0.0244633
-0.627206
1.2072
-1.39733
1.14548
-0.513834
-0.343677
0.997157
-1.20662
0.877568
-0.326613
-0.331538
0.813868
-1.00807
1.11266
-0.749875
0.17802
0.379323
-0.81538
0.749759
-0.457061
-0.0481184
0.583725
-0.815238
0.929734
-0.830656
0.510702
-0.107391
-0.283534
0.517346
-0.538978
0.294181
0.0212828
-0.394161
0.685079
-0.737657
0.809715
-0.610217
0.237111
0.124504
-0.497631
0.446228
-0.20218
-0.180173
0.648969
-0.874795
0.956381
-0.75504
0.31896
0.201593
-0.623991
0.821791
-0.724999
0.229831
0.219792
-0.543524
0.702192
-0.538212
0.337018