
667.344
1126.29
1867.2
2515.37
3000.38
3258.18
3265.62
3029.86
2528.03
1838.25
1058.23
495.145
1006.84
1779.27
2418.75
2818.2
3073.1
3187.57
3031.59
2563.25
1926.99
1389.4
1127.97
1273.96
1663.93
2024.52
2229.32
2272.8
2192.93
1967.3
1625.24
1330.94
1376.34
1777.6
2304.38
2822.59
3308.06
3730.61
3942.03
3915.08
3738.87
3419.21
3015.28
2705.72
2611.23
2679.79
2747.91
2741.17
2761.54
2812.01
2736.18
2540.64
2384.69
2362.7
2449.6
2568.62
2729.81
3022.28
3329.65
3447.21
3375.31
3179.86
2972.26
2924.17
2907.77
2689.28
2290.65
1849.08
1470.77
1233.37
1153.82
1220.13
1405.04
1595.91
1642.98
1580.58
1686.87
2000.8
2262.57
2362.2
2332.93
2183.11
1959.33
1822.9
1789.09
1685.46
1471.26
1256.71
1113.06
1045.68
1035.28
1020.71
993.737
996.55
1052.4
1209.92
1458.28
1605.27
1597.12
1654.11
1748.25
1651.3
1438.05
1306.97
1229.73
1119.25
1000.15
924.54
909.591
948.36
1003.85
994.57
875.412
727.677
685.452
742.629
803.319
815.624
816.133
862.646
861.279
743.836
634.434
590.994
530.622
467.443
405.42
316.562
232.618
190.741
183.78
200.99
217.796
211.949
200.316
199.546
186.23
170.354
258.237
378.595
424.282
390.249
310.501
197.877
85.006
35.1703
59.7508
144.656
211.597
212.865
138.191
33.4354
73.2486
88.2349
57.8626
57.831
100.389
143.558
187.943
177.268
78.9172
60.9858
118.486
113.258
129.151
181.859
226.053
232.418
234.733
267.073
287.706
290.836
320.199
375.661
419.963
441.338
438.422
403.973
348.438
287.751
223
175.204
190.229
262.635
330.078
358.67
345.933
293.741
237.029
207.905
178.029
145.048
132.746
144.124
169.96
206.414
245.004
282.402
308.621
299.941
268.639
252.458
255.131
262.199
276.731
300.281
307.361
284.711
251.99
218.981
182.726
162.136
178.041
215.989
238.848
219.742
163.306
131.737
164.174
190.213
189.593
173.797
157.57
152.392
170.996
205.575
211.549
181.092
146.38
131.216
125.056
99.9883
77.2827
104.788
135.678
146.15
155.179
170.131
167.242
147.25
130.236
107.805
77.4648
63.8378
77.6584
86.5673
63.5974
40.7757
61.3281
80.9915
92.312
85.5099
63.3283
33.903
9.0457
31.386
39.5858
36.3753
51.1398
87.563
103.565
94.8789
89.9918
86.2412
75.6582
74.0201
88.9679
106.005
111.873
110.989
103.638
84.4545
59.3265
35.4578
17.1787
17.5516
41.9698
62.3193
69.4374
69.2203
61.5836
56.0354
48.9206
29.2614
36.048
40.5219
25.0836
3.92685
27.899
58.4716
72.6162
75.8592
69.7304
55.9298
53.5265
56.6414
50.516
31.4704
30.2995
52.3506
64.0775
63.9776
51.2919
40.2591
35.528
15.8656
24.9395
42.4134
38.8965
21.8249
11.9311
42.0179
58.3224
56.4301
49.4913
48.8631
54.1071
48.4656
28.5734
14.0822
43.1195
71.2767
87.671
95.8714
87.4185
61.1254
34.0706
17.7528
25.471
30.116
28.3199
37.6712
52.7626
67.7377
73.119
64.1939
44.8671
22.3241
13.6537
15.1965
15.918
25.8828
48.2763
70.2935
78.7964
78.9321
69.7131
45.3748
21.2967
5.49837
12.8468
23.8251
31.2058
41.9149
52.0343
67.4481
80.057
81.3543
68.0159
40.4375
16.8061
29.7793
51.5936
65.3217
70.5853
69.4562
55.612
37.6224
27.602
13.2098
10.007
24.5125
37.8039
47.1283
48.849
44.081
28.631
5.29348
16.0539
31.9204
40.6053
40.8869
39.358
32.2979
22.6119
20.0872
26.5267
41.5648
44.0984
35.1094
23.666
8.1249
17.9872
29.0043
33.6621
32.2029
26.7239
26.8799
30.6251
32.7205
28.1494
19.7759
14.7617
21.3688
37.4585
46.1974
47.2152
43.7159
35.8279
35.719
35.6875
27.7335
22.5958
17.868
21.2933
27.1909
28.5767
29.6942
31.5164
35.6115
36.684
34.0653
24.299
7.34503
16.3943
33.5249
48.5992
52.9071
48.4321
42.3925
30.331
15.8148
6.91513
14.7075
33.8778
46.1897
48.306
41.3159
26.4841
8.12632
10.1467
24.3002
30.4329
30.6767
27.0246
23.5939
26.5813
26.6425
27.7385
29.3872
27.2628
27.4739
24.6499
20.39
18.2574
18.6921
24.3008
28.3441
28.9767
26.6018
24.7021
23.4367
22.5111
22.7699
22.9672
23.9519
24.454
24.5652
24.2162
23.9796
23.6254
23.3617
23.332
22.7405
23.713
25.4746
26.8181
26.5246
24.2718
20.5694
17.2685
19.1738
23.312
26.8511
28.5321
26.7262
24.0192
22.347
21.4742
22.1507
20.9918
19.8884
19.6354
19.4968
23.6706
26.8616
28.7364
28.6215
25.8626
24.0901
22.3381
20.8766
18.6776
19.2556
22.7904
26.4276
29.7037
29.3586
26.9181
21.1176
15.2255
18.1746
21.8273
24.963
25.9629
23.9957
22.7069
22.7424
23.5498
23.4515
20.7668
18.2206
18.8676
21.302
22.7654
23.2234
22.647
20.8999
21.081
20.9139
20.7483
20.7754
19.2404
20.2698
20.0894
19.3147
20.314
21.337
23.7853
24.6872
22.7683
18.8134
15.6621
15.565
17.8847
21.0268
22.0398
22.8339
23.5068
22.8078
21.6349
19.2501
18.087
19.0013
18.5232
19.6809
21.603
22.1017
23.1466
23.0967
22.8512
22.8059
21.7173
19.5135
16.6656
15.4122
16.124
20.1734
23.8465
26.4454
27.2067
24.1231
21.3386
18.2974
15.4242
16.629
18.3343
20.8081
22.5649
23.3444
24.6922
24.7203
22.6394
19.4686
15.495
12.0278
12.7899
17.6889
22.5684
25.9474
26.3339
23.7819
20.6098
16.0542
13.5194
14.2857
16.2185
20.4427
22.3184
22.7779
22.1395
20.2649
18.9208
16.8832
15.7947
15.7497
16.4367
16.6901
17.2869
19.1002
19.7178
20.5478
20.3289
19.1253
18.8581
17.6117
17.3267
18.0218
17.3573
17.5331
18.3567
19.6235
21.0041
20.8749
20.083
18.7083
17.7194
17.1952
16.4057
15.2824
14.712
17.1182
19.6645
22.7778
24.5561
23.2354
21.0968
16.6811
12.1565
12.3164
15.6759
20.2068
22.8746
23.2936
22.0358
20.033
17.8522
15.552
13.3285
12.1982
14.8263
18.2288
20.3146
21.4963
20.4132
18.4576
17.7421
16.7449
16.1685
14.5568
12.918
14.6479
17.2813
20.4944
22.2701
21.9952
20.0505
16.4681
12.6477
10.5248
13.0688
16.6881
20.2741
22.31
21.422
19.6173
17.1399
14.6958
13.159
12.8613
15.2439
17.6823
19.0103
19.7601
19.2551
17.9869
17.1279
16.8649
16.6046
15.4773
14.337
14.1863
15.8092
17.697
19.264
20.2347
18.6323
16.7851
15.5498
14.4419
14.5378
14.2652
15.2984
16.6581
17.4173
18.2508
18.4246
17.8523
16.6814
15.7357
14.7905
14.2986
14.5032
14.9127
16.2559
17.0837
17.1513
17.4959
17.0127
16.2827
15.668
14.3168
13.908
13.7634
14.2654
15.5648
16.4413
17.849
18.6765
18.5097
17.1498
15.1177
13.224
12.0202
13.4446
15.5766
17.9903
19.0863
18.2214
16.8962
14.5909
13.3268
13.8579
14.2972
14.8428
15.3762
16.3547
17.3422
17.4081
16.9267
16.2839
15.6706
14.9554
14.5517
14.7231
14.4692
14.6406
15.2257
16.3542
17.2533
16.3876
15.5772
14.4759
13.5725
13.8889
13.9733
14.3505
14.4604
15.0764
15.8767
16.2529
16.3979
15.8666
15.1271
13.6836
12.9643
13.3386
13.6047
14.6012
15.3998
16.0585
16.3313
15.126
13.8057
12.8865
12.4372
13.0888
13.7986
14.8827
15.6515
15.8401
15.7663
15.0791
14.3293
13.5773
14.0016
14.4554
14.4055
14.6331
14.3861
14.9687
15.3653
15.6402
16.0287
15.0373
13.7005
12.4462
12.2164
13.4634
15.1473
16.607
17.0226
16.4894
15.2464
13.8472
12.9144
12.7284
13.6217
14.5852
15.2032
15.7989
15.749
15.749
15.3609
13.7813
12.5679
11.7271
11.9943
13.2007
14.4203
15.4438
15.5027
15.1092
14.0711
12.961
12.2309
12.2177
13.3798
14.2648
15.0505
14.9484
13.8357
13.1155
12.6255
12.8353
13.3804
13.2618
13.0025
12.4413
11.7308
12.0409
13.2215
14.3806
14.5664
14.2538
13.792
13.2215
12.9229
12.6696
13.3338
13.7874
14.0003
14.3663
14.1732
14.6082
14.7337
14.1319
13.1478
11.9362
11.5944
11.8662
12.9489
14.1794
15.0387
15.1926
14.6174
14.2933
13.9631
13.6366
13.2111
12.4811
12.7246
13.5792
14.5166
15.5377
15.6368
15.1032
13.976
12.2864
11.0425
10.4485
11.0876
12.3517
14.0657
15.2136
15.1763
14.4276
12.4836
11.064
11.0244
12.0829
13.5465
13.8273
13.8731
13.57
12.7405
12.2461
12.0829
12.0696
11.7512
11.2728
10.9892
11.2803
12.0772
12.6727
12.961
12.8362
12.46
12.1672
11.6361
11.9417
12.7584
13.0476
13.5403
13.4912
13.1959
12.9971
12.496
12.1403
11.8498
12.1596
12.4768
12.5995
12.5637
12.4386
12.6987
12.807
13.2457
13.4015
13.19
13.3164
13.0151
12.7481
12.8357
12.9231
13.305
13.5908
13.7597
14.2138
14.1409
13.1375
11.6396
10.5531
10.5264
11.3967
12.8696
14.083
14.7565
14.2454
12.8835
11.5
10.0847
10.1997
11.081
12.2332
13.6234
14.1405
13.9362
13.0503
11.9322
11.0351
10.2654
9.74286
10.025
11.1766
12.142
12.8369
13.1032
12.7936
12.3612
11.3411
10.1222
9.78688
9.81773
10.9538
12.3939
13.103
13.6506
13.4309
12.6975
11.6605
10.3758
9.94472
10.5599
11.6157
12.3172
12.9468
13.1155
12.9368
12.5106
11.5602
11.6345
12.0485
12.2026
12.4056
12.142
11.9417
11.8747
12.0312
12.7911
13.4792
13.4704
12.9534
12.2402
11.4832
10.9197
10.7185
11.0931
12.1599
12.9407
13.0842
13.0591
12.3871
11.7367
11.2423
10.6394
10.9669
11.3407
11.7052
11.8075
11.3316
11.2545
11.3956
11.4734
11.5234
11.4775
10.8963
10.1332
9.82187
9.94957
10.8091
11.6384
12.1015
12.2116
11.4708
10.486
9.8685
9.47382
10.0594
10.9292
11.5107
12.0725
11.9862
11.5942
10.9931
10.0927
9.67976
10.035
10.7114
11.4066
11.9754
11.8812
12.0959
12.4797
12.0974
11.5429
10.5975
10.0295
10.2873
10.8695
12.1795
13.1677
13.1749
12.634
11.5035
10.235
9.98501
10.2177
10.4977
11.2734
12.0671
12.5696
12.9462
12.7205
12.0549
11.3123
10.1425
9.94711
10.4997
10.9866
11.8215
12.007
11.9086
11.6401
10.8288
10.2696
10.1145
9.99809
10.0541
10.2901
10.0831
10.1513
10.6032
11.093
11.9253
12.069
11.6424
11.003
9.546
8.35914
8.34171
9.29142
11.0767
12.203
12.4192
12.1297
10.9305
9.448
8.58514
8.41597
9.09725
10.3781
11.1796
11.6813
12.1405
11.909
11.6402
11.0212
10.2264
10.0398
9.5119
9.66605
10.5934
11.3063
11.8704
11.9531
11.5231
10.9601
10.2264
9.49395
9.69766
10.2408
10.752
11.503
11.7306
11.7006
11.8102
11.5026
11.164
10.7597
10.0573
10.0885
10.199
10.3466
10.99
11.1274
11.1108
11.0627
10.6481
10.3208
10.1194
9.66576
9.51232
9.80325
9.90776
10.3635
10.6245
10.6567
11.002
10.7713
10.3916
10.1171
9.49469
9.41378
9.555
9.42691
9.96225
10.5529
10.7587
10.8468
10.2466
9.43114
9.23418
9.32723
9.68818
10.1404
10.0918
10.1389
10.1951
9.92596
10.282
10.3837
10.1354
10.0876
9.64174
9.61933
10.0655
10.3814
10.9311
11.3557
11.0754
10.5575
9.85071
9.0211
9.18623
9.81739
10.6651
11.5812
11.578
11.0186
10.2877
9.22116
8.89563
9.28076
9.76041
10.6226
10.8814
10.7208
10.6994
10.2825
10.0481
10.1598
10.1196
10.0161
9.90179
9.68815
9.85355
10.0465
9.91164
10.1506
10.0188
9.66567
9.71906
9.53474
9.51265
9.55345
9.40872
9.63856
9.76088
9.64163
9.996
10.3097
10.3929
10.4515
10.0466
9.464
8.96157
8.61411
9.00346
9.66376
9.95294
10.3181
10.229
9.60523
9.47594
9.19117
9.14834
9.49951
9.33923
9.31945
9.52855
9.91913
10.6032
10.9763
10.7755
10.4066
9.72307
8.8368
8.60424
8.70015
9.3709
10.2763
10.4381
10.3788
10.0923
9.30163
8.93754
8.93975
9.11662
9.61974
9.63643
9.81514
10.2964
10.2042
10.0902
10.0254
9.71206
9.51543
9.3254
8.91809
8.92641
9.16335
9.54407
10.2086
10.113
9.74406
9.47378
8.83222
8.69299
8.89115
9.09207
9.72477
10.1893
10.216
10.17
9.82751
9.53799
9.53253
9.25627
9.19182
9.29258
9.09252
9.19752
9.39043
9.36274
9.74845
9.90981
9.6216
9.39562
8.8669
8.69863
8.95611
9.23733
9.91425
10.2553
10.0514
9.90581
9.55255
8.89052
8.69666
8.73856
9.02127
9.56751
9.61998
9.63839
9.54938
9.02865
8.84337
8.72859
8.41227
8.50062
8.57983
8.8661
9.6816
10.1217
10.3608
10.2508
9.49235
8.81944
8.22364
7.6936
7.85876
8.54514
9.4373
10.4927
10.8331
10.4583
9.87647
8.59882
7.4894
7.26863
7.63845
8.84898
9.99832
10.8264
11.3764
11.0427
10.0467
8.97469
7.77791
7.46749
8.33388
9.25342
10.1519
10.6586
10.4675
9.98586
9.20724
8.38816
8.3746
8.48722
8.71735
9.21684
9.22844
9.41182
9.61737
9.5868
9.81148
9.77225
9.3683
8.96022
8.4557
8.10056
8.45516
8.83915
9.15898
9.54961
9.35923
9.07157
8.78503
8.35729
8.37846
8.41516
8.45198
8.73141
8.59739
8.47233
8.73549
8.858
9.21486
9.48609
9.24087
8.90685
8.38674
7.79906
7.79958
8.10933
8.4275
8.96411
9.20089
9.31778
9.32276
8.74127
8.41622
8.27618
8.09788
8.4104
8.81582
9.23738
9.71158
9.82612
9.66855
9.43397
8.8248
8.3907
8.36159
8.27423
8.64153
9.16883
9.48402
9.80608
9.69038
9.27772
8.98973
8.40397
8.09733
8.25649
8.35051
9.00748
9.74711
10.0851
10.2158
9.8545
9.06945
8.30455
7.58747
7.32034
7.93367
8.69985
9.5226
9.99483
9.72871
9.35098
8.66715
7.75996
7.45186
7.40143
7.69946
8.48316
8.91891
9.14122
9.27866
9.01925
8.75195
8.30437
7.70177
7.44787
7.28327
7.37817
8.07079
8.80677
9.35208
9.7385
9.43681
8.78463
8.06304
7.14233
6.98135
7.4188
8.22971
9.2542
9.76573
9.8919
9.78875
9.22492
8.46068
7.78211
7.11266
7.09153
7.75788
8.66808
9.73859
10.3913
10.5054
10.2626
9.39716
8.24979
7.51225
7.05656
7.45096
8.49254
9.43439
10.3012
10.5316
10.1427
9.51349
8.54467
7.60782
7.19879
7.1596
7.64688
8.58758
9.19643
9.69418
9.95048
9.60277
9.10222
8.26519
7.39165
7.24011
7.37746
7.78397
8.38679
8.66355
8.86266
8.96701
8.72696
8.50568
8.1408
7.57841
7.17383
6.91658
7.10786
7.84935
8.52224
9.05335
9.42426
9.16391
8.62538
7.91054
7.12005
7.08888
7.34131
7.78185
8.45091
8.81409
8.9151
8.85608
8.53294
8.2103
8.04987
7.79227
7.67719
7.67055
7.82458
8.45909
9.06237
9.46562
9.65422
9.24935
8.48194
7.79269
7.36087
7.69829
8.31644
8.776
9.23206
9.35987
9.20244
8.79887
8.12376
7.61846
7.63415
7.91116
8.27701
8.68944
8.8395
8.98065
8.90415
8.40842
8.03635
7.72504
7.64192
7.88159
8.05176
8.34148
8.63575
8.54792
8.32414
8.05119
7.72873
7.5663
7.4338
7.54468
7.92282
8.1409
8.11892
8.05734
7.95903
7.93376
7.95373
7.66578
7.50761
7.44024
7.42359
7.84345
8.19633
8.40798
8.41651
8.15012
7.9351
7.84269
7.74255
7.686
7.77246
7.92138
8.19218
8.30301
8.26506
8.35756
8.28947
8.19607
8.24826
8.12746
7.92945
7.75421
7.68821
8.0125
8.32037
8.58897
8.91811
8.87836
8.57512
8.2314
7.90907
7.71347
7.74346
7.8613
8.07458
8.36725
8.39626
8.40364
8.35564
8.21872
8.15517
7.86064
7.59089
7.49655
7.46052
7.72233
8.16785
8.49643
8.5993
8.35326
7.8758
7.56876
7.45465
7.4021
7.48117
7.65886
7.88504
8.04625
7.88025
7.72182
7.68327
7.50141
7.51965
7.57929
7.64713
7.69016
7.5699
7.69668
7.92334
8.09868
8.18278
8.11744
7.96119
7.81774
7.74826
7.67529
7.77537
7.80269
7.73817
7.84861
7.88795
7.92116
7.96573
7.94028
7.99138
7.88621
7.66588
7.65581
7.69744
7.84568
8.05085
8.16839
8.26219
8.24378
8.12131
7.99752
8.04253
8.08675
8.07973
7.96757
7.67992
7.58987
7.44063
7.34335
7.54224
7.75361
7.96655
7.99193
7.93192
7.94148
7.84864
7.6021
7.36197
7.1821
7.04733
7.23107
7.74179
8.36548
8.86384
8.9134
8.55337
7.96592
7.07588
6.33179
6.16929
6.56137
7.47048
8.28861
8.87341
9.06766
8.63344
7.82447
6.94422
6.45141
6.59733
7.18274
7.78631
8.37503
8.76939
8.71267
8.55602
8.2282
7.73958
7.30338
6.88353
6.79352
7.01539
7.46651
8.09721
8.52245
8.63279
8.45354
7.93273
7.35362
7.00106
6.88456
7.0594
7.58988
8.18628
8.55096
8.69092
8.4705
8.08173
7.59616
7.02998
6.85831
6.83172
6.94693
7.21259
7.4884
7.91121
8.17348
8.12844
7.81698
7.42495
7.11369
6.95894
7.0341
7.22197
7.59211
7.93388
8.05228
8.07808
7.92373
7.69985
7.49837
7.11121
6.77662
6.63853
6.8217
7.3779
7.91082
8.32362
8.44035
8.21615
7.71089
7.08855
6.67027
6.67148
7.3201
8.01274
8.53757
8.84483
8.66478
8.21405
7.50282
6.84732
6.5643
6.54664
6.97677
7.60717
8.16344
8.58808
8.76074
8.55911
8.00683
7.28215
6.59848
6.3472
6.72676
7.42448
8.21584
8.74031
8.82528
8.57594
7.85394
6.99611
6.32874
5.96692
6.25962
6.88274
7.59394
8.09742
8.26483
8.21075
7.97658
7.58043
7.01348
6.62778
6.4895
6.61219
7.03339
7.48692
7.95164
8.19757
8.10269
7.79267
7.25422
6.71536
6.40497
6.35026
6.7041
7.20256
7.63438
8.02068
8.31381
8.44356
8.26899
7.89738
7.33855
6.77061
6.43141
6.45105
7.11325
7.86069
8.48285
8.86958
8.81777
8.42372
7.60078
6.73972
6.24097
6.21574
6.75533
7.5788
8.43172
8.98768
9.13426
8.83004
8.15832
7.458
6.75364
6.21256
6.17284
6.5882
7.34814
7.99947
8.39858
8.5111
8.12
7.54742
6.88499
6.26915
6.0283
6.14126
6.75409
7.48205
8.061
8.32357
8.3221
8.14239
7.55814
6.79448
6.01697
5.6658
5.96655
6.57193
7.46244
8.13551
8.36671
8.14343
7.44181
6.68559
6.1194
5.91167
6.28047
6.94388
7.62939
8.1242
8.33156
8.18962
7.76372
7.31061
6.86057
6.63729
6.60177
6.74678
7.19818
7.6699
8.21276
8.45663
8.30081
7.94365
7.25136
6.6368
6.42326
6.73161
7.40209
8.06672
8.53244
8.64843
8.47812
7.89432
7.02451
6.30063
6.07587
6.55987
7.18002
7.7568
8.32359
8.47959
8.29446
7.84833
7.09235
6.40397
5.9375
6.05095
6.81686
7.66841
8.30439
8.55976
8.39184
7.71588
6.76532
5.8623
5.39704
5.69889
6.31071
7.14883
7.79619
8.06807
8.09576
7.58221
6.82954
6.22957
5.81666
5.9203
6.52015
7.29762
7.91325
8.17555
8.10295
7.75703
7.18671
6.49085
6.12548
6.20585
6.5362
7.09508
7.48281
7.82264
7.99456
7.70995
7.43369
7.1188
6.88464
6.92682
7.04558
7.30411
7.54796
7.77824
7.91277
7.9499
7.85878
7.61149
7.37647
7.01239
6.82973
6.88694
6.98512
7.28904
7.43275
7.46537
7.57767
7.56597
7.57485
7.45012
7.14193
6.96839
6.85896
6.87554
7.03639
7.26598
7.46272
7.56947
7.53401
7.23079
6.92043
6.53062
6.2874
6.36483
6.42705
6.81086
7.12676
7.17483
7.14791
6.91595
6.7435
6.64582
6.58701
6.67488
6.85636
7.02376
7.12745
7.18403
7.12229
7.0905
7.02013
6.814
6.76417
6.68225
6.63292
6.8618
7.00413
7.19403
7.32494
7.2194
7.11347
6.87067
6.74084
6.84295
7.02204
7.23602
7.40883
7.58033
7.66102
7.70681
7.49389
7.13792
6.91678
6.74252
6.98379
7.31741
7.55379
7.76656
7.65293
7.44534
7.21662
6.93443
6.80803
6.74113
6.7809
6.96471
7.15908
7.36446
7.56107
7.67204
7.61715
7.46937
7.12897
6.60228
6.22709
6.01392
6.36159
7.0574
7.57431
7.98097
7.98757
7.63507
6.96477
6.00639
5.38797
5.36286
5.95462
6.90784
7.79668
8.2392
8.16588
7.76559
7.06875
6.39658
5.89946
5.66
5.96506
6.45944
7.15517
7.86636
8.15231
8.10238
7.59191
6.73608
5.91873
5.35202
5.56897
6.31777
7.2049
8.00017
8.4626
8.45449
7.97682
7.32268
6.49425
5.92929
5.99314
6.45172
7.29331
7.96166
8.34345
8.38347
7.89689
7.23013
6.4928
5.91637
5.86929
6.13104
6.65921
7.35517
7.91407
8.14299
7.99614
7.5444
6.9403
6.49117
6.26115
6.38997
6.82074
7.15886
7.55156
7.73371
7.6662
7.53867
7.06966
6.58963
6.18149
5.87835
5.99607
6.32918
6.80565
7.24545
7.4941
7.45337
7.26783
6.95138
6.43863
6.22011
6.28404
6.57006
6.97943
7.20855
7.48033
7.59319
7.42045
7.14648
6.60162
6.16638
6.03549
5.96517
6.22342
6.7383
7.26116
7.6285
7.79654
7.56965
6.97975
6.44133
6.07063
6.19492
6.57227
7.11038
7.73914
7.86655
7.78023
7.52229
7.03989
6.67641
6.31045
6.1824
6.34659
6.54685
6.80605
7.13922
7.42973
7.53433
7.51687
7.24681
6.78997
6.42967
6.18425
6.46676
7.05536
7.52316
7.88428
7.77249
7.42778
7.10588
6.69229
6.51532
6.38787
6.27251
6.36199
6.6214
6.93588
7.12497
7.21416
7.13558
7.05663
6.91627
6.64543
6.46769
6.2762
6.41379
6.77444
7.06341
7.47679
7.64658
7.52564
7.31851
6.91417
6.4543
6.02598
5.82021
6.02044
6.45266
6.92468
7.29979
7.55425
7.45915
7.11737
6.68269
6.17838
6.00958
6.01405
6.39121
7.04844
7.44112
7.69397
7.62096
7.31022
6.99482
6.58773
6.26605
6.04752
5.98814
6.22752
6.75794
7.32167
7.6867
7.78084
7.44973
6.90918
6.37094
5.96473
6.10736
6.46562
6.98138
7.61655
7.81809
7.7281
7.37424
6.84716
6.52306
6.29385
6.27246
6.36226
6.52251
6.78942
7.07399
7.25939
7.23124
7.21819
7.01916
6.78508
6.67044
6.46176
6.59894
6.82292
7.03374
7.3489
7.43343
7.38698
7.11715
6.66938
6.38715
6.26403
6.34158
6.5072
6.65927
6.79271
6.91415
6.96723
6.8118
6.7217
6.58085
6.38056
6.44997
6.56923
6.93394
7.26026
7.32786
7.33182
7.00897
6.57314
6.18486
6.02636
6.26064
6.57421
6.88997
7.06633
7.11365
6.93028
6.64144
6.44464
6.21377
6.28412
6.53372
6.82764
7.16938
7.22679
7.21367
7.11853
6.81703
6.58266
6.36556
6.37164
6.63854
6.8796
7.07024
7.09789
6.98245
6.78215
6.64995
6.52065
6.41327
6.6257
6.95053
7.38769
7.59841
7.44509
7.29975
6.96203
6.64867
6.5277
6.47413
6.63968
6.76526
6.86285
7.03011
7.10923
7.02878
6.81135
6.52708
6.23207
6.23002
6.48823
6.82778
7.23001
7.31642
7.22532
7.1125
6.83097
6.60994
6.37197
6.39807
6.69671
6.80178
6.89752
6.90219
6.74838
6.47413
6.20023
6.15179
6.24761
6.44399
6.53035
6.65782
6.83704
6.87441
6.92664
6.84728
6.79523
6.75441
6.51122
6.46625
6.50749
6.56577
6.74761
6.86093
6.99625
6.94273
6.6775
6.47225
6.36387
6.41931
6.56161
6.80626
6.92279
6.94199
7.02638
7.01939
7.12308
7.10372
7.00388
6.98322
6.82054
6.81557
6.75388
6.64655
6.76294
6.85216
6.95968
7.01955
7.00584
6.89815
6.68463
6.55464
6.51021
6.61889
6.76167
6.92623
7.1257
7.15864
7.21376
7.12016
6.88176
6.79817
6.59948
6.47032
6.39001
6.34725
6.57491
6.73155
6.86256
6.91694
6.83035
6.67996
6.47868
6.33454
6.1672
6.1125
6.09596
6.28028
6.72888
7.03258
7.31658
7.37208
7.13106
6.80987
6.22755
5.78588
5.77366
5.99427
6.49443
7.03582
7.44233
7.5847
7.41875
7.05469
6.56762
6.06541
5.66903
5.79806
6.23866
6.78473
7.49599
7.82165
7.8335
7.56113
6.93237
6.37054
5.82361
5.65092
6.09371
6.81354
7.60096
8.07373
8.12772
7.79911
7.20181
6.4203
5.73602
5.61409
5.9507
6.70333
7.405
7.76033
7.99461
7.83248
7.31081
6.62294
5.81337
5.48926
5.63639
6.15751
6.92962
7.57071
7.99591
7.97221
7.5086
6.74271
6.00031
5.59233
5.56075
5.98071
6.40698
6.94953
7.46404
7.57777
7.47545
6.99819
6.37874
5.94755
5.68527
5.89976
6.27421
6.64488
7.05593
7.30193
7.36557
7.21195
6.8932
6.47421
6.12597
5.98623
6.00052
6.2974
6.56345
6.85176
7.21767
7.30563
7.28085
6.96093
6.46543
6.17806
5.98949
6.18089
6.56108
6.98893
7.42848
7.65632
7.64647
7.36071
6.92407
6.3547
5.99513
6.07985
6.31332
6.7477
7.07991
7.26588