
0
0
0
0
0
0
0
0
0
0
0
0
0
0
0
0
0
0
0
0
0
0
0
0
0
0
0
0
0
0
0
0
0
0
0
0
0
0
0
0
0
0
0
0
0
0
0
0
0
0
0
0
0
0
0
0
0
0
0
0
0
0
0
0
0
0
0
0
0
0
0
0
0
0
0
0
0
0
0
0
0
0
0
0
0
0
0
0
0
0
0
0
0
0
0
0
0
0
0
0
0
0
0
0
0
0
0
0
0
0
0
0
0
0
0
0
0
0
0
0
0
0
0
0
0
0
0
0
0
0
0
0
0
0
0
0
0
0
0
0
0
0
0
0
0
0
0
0
0
0
0
0
0
0
0
0
0
0
0
0
-8.43344e-07
-5.12361e-06
-1.38901e-05
-2.64441e-05
-4.31242e-05
-6.28488e-05
-8.5868e-05
-0.000110627
-0.000138521
-0.000169048
-0.000200965
-0.000234164
-0.000269384
-0.000305523
-0.000341367
-0.000379063
-0.000418195
-0.000458488
-0.000499114
-0.000538897
-0.000585342
-0.000626603
-0.000668006
-0.000706928
-0.000745147
-0.000780769
-0.000813627
-0.000844216
-0.000870448
-0.000895144
-0.000917529
-0.00093795
-0.00095612
-0.000973125
-0.000988205
-0.00100219
-0.00101419
-0.00102432
-0.00103443
-0.00104143
-0.00104723
-0.00105143
-0.00105451
-0.00105589
-0.00105586
-0.00105449
-0.00105194
-0.0010483
-0.00104324
-0.00103736
-0.00103059
-0.00102295
-0.00101429
-0.00100517
-0.000995377
-0.000984875
-0.000974318
-0.000963323
-0.00095248
-0.000941956
-0.000931848
-0.000921751
-0.000912447
-0.000903433
-0.000894911
-0.000887114
-0.000879398
-0.000872391
-0.000865802
-0.000860123
-0.000855007
-0.000850489
-0.000846944
-0.000844057
-0.000842185
-0.000841103
-0.000840705
-0.000840761
-0.000841287
-0.000842499
-0.000844307
-0.000846734
-0.00084984
-0.000853666
-0.000857914
-0.00086278
-0.000867932
-0.000873005
-0.000877953
-0.000882505
-0.000887117
-0.00089149
-0.000895957
-0.000900232
-0.00090477
-0.000909067
-0.000913452
-0.000917669
-0.000921126
-0.000923863
-0.000925752
-0.000926649
-0.000926767
-0.000926327
-0.000925697
-0.000925327
-0.000925502
-0.000926296
-0.000927417
-0.000928492
-0.000929576
-0.000930484
-0.000931206
-0.000931801
-0.000932378
-0.000933176
-0.000934478
-0.000936354
-0.00093871
-0.000940889
-0.000942572
-0.000943638
-0.000944005
-0.000943842
-0.000943514
-0.000943453
-0.000943802
-0.000944502
-0.000945384
-0.000946286
-0.000946867
-0.000946657
-0.000945293
-0.000942829
-0.000939481
-0.000935724
-0.000931422
-0.000928559
-0.000927916
-0.000928909
-0.000931305
-0.000934476
-0.000937482
-0.000939635
-0.000940274
-0.000939456
-0.000937769
-0.00093639
-0.000936543
-0.000939305
-0.000945438
-0.000954133
-0.000963619
-0.000971074
-0.000973053
-0.000965654
-0.000947569
-0.000920898
-0.000886492
-0.000846256
-0.000791527
-0.000733162
-0.000677224
-0.00062372
-0.000573931
-0.000532711
-0.000502542
-0.000484107
-0.000476347
-0.000476752
-0.000483423
-0.000494926
-0.000509248
-0.000527163
-0.000545749
-0.000567581
-0.000592028
-0.000619448
-0.000651044
-0.000685501
-0.000722598
-0.000759608
-0.000794789
-0.000831817
-0.000866657
-0.000898895
-0.000928701
-0.000958251
-0.00098591
-0.00101338
-0.00103938
-0.0010641
-0.0010869
-0.00110801
-0.00112607
-0.00114124
-0.0011534
-0.00116318
-0.00117071
-0.00117642
-0.00118062
-0.00118348
-0.0011848
-0.00118448
-0.00118237
-0.00117823
-0.00117185
-0.0011634
-0.00115345
-0.0011419
-0.00112869
-0.00111457
-0.00109964
-0.00108402
-0.00106793
-0.00105102
-0.00103355
-0.00101489
-0.000994717
-0.000974925
-0.000956279
-0.000937222
-0.000918901
-0.000901197
-0.000883416
-0.000867016
-0.000851467
-0.000836062
-0.00082176
-0.000808801
-0.00079706
-0.000786485
-0.00077681
-0.00076741
-0.000760092
-0.000754105
-0.000749654
-0.00074623
-0.00074385
-0.000742394
-0.000742065
-0.000742932
-0.000745166
-0.000747859
-0.000751857
-0.000757009
-0.000763386
-0.000769835
-0.000776594
-0.000783596
-0.000790788
-0.000798543
-0.000806198
-0.000813943
-0.000823146
-0.000831092
-0.000839094
-0.000846995
-0.000854912
-0.000862576
-0.000870074
-0.000877026
-0.000883696
-0.000889706
-0.000894522
-0.000898817
-0.000902225
-0.000904876
-0.000907007
-0.00090862
-0.000909873
-0.000910702
-0.000911132
-0.00091144
-0.000911909
-0.000912733
-0.000913953
-0.000915446
-0.000917276
-0.000919249
-0.000921225
-0.000923223
-0.000924949
-0.000926471
-0.000927747
-0.000929101
-0.000930246
-0.00093129
-0.000932162
-0.000932844
-0.00093341
-0.000933917
-0.000934423
-0.000935072
-0.000935787
-0.000936593
-0.000937522
-0.000938448
-0.000939445
-0.000940446
-0.000941454
-0.000942465
-0.000943482
-0.000944572
-0.000945678
-0.0009468
-0.00094795
-0.000949193
-0.000950507
-0.000952087
-0.000953776
-0.000955557
-0.000957366
-0.00095923
-0.000961076
-0.000962868
-0.00096454
-0.000966016
-0.00096718
-0.000967939
-0.000968309
-0.000968279
-0.000967856
-0.00096705
-0.000965913
-0.000964512
-0.000962957
-0.000961478
-0.000960178
-0.000959177
-0.000958535
-0.000958419
-0.000958842
-0.000959646
-0.000960595
-0.000961668
-0.000962951
-0.000964448
-0.00096621
-0.000968541
-0.000970874
-0.000972905
-0.000974679
-0.000975964
-0.000976846
-0.000977672
-0.000978564
-0.000979697
-0.000981461
-0.000983882
-0.000986498
-0.000988726
-0.000990473
-0.000991735
-0.00099261
-0.000992992
-0.000993064
-0.000992928
-0.000992621
-0.000992339
-0.000992031
-0.000991318
-0.000989825
-0.000987164
-0.000983422
-0.000978206
-0.00097151
-0.000964073
-0.000955847
-0.00094767
-0.000939248
-0.00093086
-0.000922829
-0.000915095
-0.000907301
-0.00089876
-0.000889578
-0.000880123
-0.000870066
-0.000860562
-0.000851433
-0.00084356
-0.000836887
-0.000831799
-0.000828236
-0.000825877
-0.000824214
-0.000822812
-0.000821363
-0.000820163
-0.000819762
-0.000820864
-0.000824259
-0.00083044
-0.000839178
-0.000849646
-0.00086218
-0.000874774
-0.000886717
-0.000897478
-0.00090603
-0.00091284
-0.0009221
-0.000936205
-0.000953139
-0.000966031
-0.000976378
-0.0009831
-0.000976338
-0.000951234
-0.000913515
-0.000859037
-0.000788749
-0.000696739
-0.0005861
-0.00044905
-0.000291391
-0.000126063
6.48774e-05
0.000223595
0.00038259
0.000531167
0.000664538
0.000779538
0.000884979
0.000984826
0.00106116
0.00112384
0.00116802
0.00119616
0.00120813
0.00120092
0.00117671
0.00113342
0.00107633
0.000999051
0.000910716
0.000808665
0.000695693
0.000571086
0.000439915
0.000296922
0.000142391
-2.10401e-05
-0.000194151
-0.000370158
-0.00054264
-0.000715078
-0.000894033
-0.00106994
-0.00123658
-0.00139205
-0.00154126
-0.00169816
-0.001843
-0.00197825
-0.00210079
-0.00221854
-0.00232226
-0.00240853
-0.00247005
-0.00251214
-0.00253648
-0.00254425
-0.00253892
-0.00252318
-0.00249722
-0.00246344
-0.00242163
-0.00237365
-0.00232207
-0.00226606
-0.00220551
-0.00214345
-0.00207801
-0.00201537
-0.00194883
-0.00188397
-0.0018213
-0.00176048
-0.00170016
-0.00164303
-0.00159348
-0.00154546
-0.00150237
-0.00146099
-0.00142461
-0.00139274
-0.00136535
-0.00134086
-0.00131961
-0.00130092
-0.00128496
-0.00127055
-0.00125716
-0.0012444
-0.00123237
-0.00122045
-0.0012091
-0.00119805
-0.00118678
-0.00117537
-0.00116399
-0.00115129
-0.00113778
-0.00112353
-0.00110828
-0.00109146
-0.00107459
-0.00105676
-0.00103601
-0.00101709
-0.000995862
-0.000976634
-0.000958793
-0.000942697
-0.000928552
-0.000915559
-0.00090466
-0.000896422
-0.000891237
-0.000889832
-0.000892529
-0.000900555
-0.000912458
-0.000928197
-0.000947015
-0.00096966
-0.00099311
-0.00101908
-0.00104399
-0.00106786
-0.00109095
-0.00111193
-0.00113031
-0.00114585
-0.00115864
-0.00116832
-0.00117589
-0.00118088
-0.00118359
-0.00118453
-0.00118407
-0.00118282
-0.00118119
-0.00117956
-0.00117858
-0.00117867
-0.00118017
-0.00118353
-0.00118897
-0.00119681
-0.00120759
-0.0012208
-0.00123725
-0.00125531
-0.00127505
-0.00129689
-0.00132074
-0.00134562
-0.00137351
-0.00140188
-0.00143144
-0.00146326
-0.00149596
-0.00154318
-0.00158474
-0.00163489
-0.00168249
-0.00172709
-0.00177295
-0.00181798
-0.00185838
-0.00189912
-0.00194024
-0.00198073
-0.00202367
-0.00206969
-0.00211074
-0.00214904
-0.00218574
-0.00222037
-0.00225546
-0.00228486
-0.00230952
-0.00233107
-0.00234724
-0.00235865
-0.00236528
-0.00236751
-0.00236528
-0.00235886
-0.0023471
-0.00233236
-0.00231348
-0.00228857
-0.0022596
-0.00222833
-0.00219267
-0.00214867
-0.00210442
-0.00205615
-0.00200519
-0.00194647
-0.00188645
-0.00182557
-0.00176116
-0.00169206
-0.0016183
-0.00154539
-0.00146731
-0.00138936
-0.00130202
-0.00120648
-0.00110445
-0.0010019
-0.000895438
-0.000782002
-0.000665955
-0.000547224
-0.000416396
-0.000284756
-0.00015106
-1.89667e-05
0.000112285
0.000259787
0.000399034
0.000556717
0.000700951
0.000846808
0.000993412
0.00114132
0.00128217
0.00142145
0.00155954
0.00169305
0.00181884
0.00194413
0.0020662
0.00217979
0.00228708
0.0023848
0.00247001
0.00254544
0.00260973
0.00266396
0.00270118
0.0027247
0.00273373
0.0027286
0.00270973
0.00267653
0.00262963
0.00256597
0.00248268
0.00237867
0.00225984
0.00212086
0.00196705
0.00178916
0.00159359
0.00138048
0.00116171
0.000946236
0.000722674
0.000500196
0.000282623
7.08632e-05
-0.000117335
-0.000304385
-0.000506388
-0.000666283
-0.000817911
-0.000938186
-0.00104314
-0.00112009
-0.00116327
-0.00118178
-0.00117887
-0.00115581
-0.00111655
-0.00106237
-0.000995867
-0.000919534
-0.000838949
-0.000752783
-0.000665321
-0.000564431
-0.000474758
-0.000393792
-0.000316496
-0.000246368
-0.000185788
-0.000134845
-8.80078e-05
-5.43149e-05
-3.14477e-05
-1.78817e-05
-1.36536e-05
-1.76219e-05
-2.95905e-05
-4.88078e-05
-7.47966e-05
-0.000104529
-0.000137671
-0.00017389
-0.000214908
-0.000255479
-0.000294523
-0.000332315
-0.000369804
-0.000402302
-0.000430829
-0.000455176
-0.000478282
-0.000496225
-0.000510362
-0.000521759
-0.000530378
-0.000536761
-0.000540849
-0.000542141
-0.000540586
-0.000535978
-0.000526187
-0.000515061
-0.000500824
-0.000483792
-0.000462811
-0.000441204
-0.000415229
-0.000388094
-0.000358934
-0.000324864
-0.000286088
-0.000241202
-0.000189755
-0.000128591
-6.51625e-05
-1.9493e-06
6.3851e-05
0.000129088
0.00018949
0.00023962
0.000281212
0.000310579
0.000325583
0.000326242
0.000310524
0.000279181
0.000229079
0.000151197
6.09608e-05
-4.43939e-05
-0.000170029
-0.000316306
-0.000487205
-0.000666695
-0.000857191
-0.00105681
-0.00128278
-0.00151652
-0.00173834
-0.00195806
-0.00217248
-0.00239575
-0.00262499
-0.00283415
-0.00302235
-0.00321275
-0.00338021
-0.0035302
-0.00365108
-0.0037592
-0.00384561
-0.00390553
-0.00394765
-0.00396316
-0.00395099
-0.00391793
-0.00386283
-0.00377361
-0.00366112
-0.00356486
-0.0034663
-0.00336587
-0.00326549
-0.00316348
-0.00307311
-0.00298878
-0.00292047
-0.00286503
-0.00282821
-0.0028111
-0.00281465
-0.00283885
-0.00288462
-0.00294996
-0.00303397
-0.00313573
-0.00325816
-0.00338702
-0.00353427
-0.00367474
-0.00382551
-0.00398405
-0.00414481
-0.00428678
-0.00441254
-0.00451916
-0.00461156
-0.00469218
-0.00475817
-0.00481126
-0.00485548
-0.00489434
-0.00492606
-0.00494993
-0.00497
-0.00498583
-0.00499907
-0.00501204
-0.00502447
-0.0050374
-0.00505053
-0.00506372
-0.00507396
-0.00508051
-0.00508125
-0.00507242
-0.0050529
-0.00501861
-0.00495949
-0.00488764
-0.00480215
-0.00469726
-0.00457553
-0.00443311
-0.00428686
-0.00413552
-0.00396606
-0.00380328
-0.00365709
-0.00351254
-0.00338208
-0.00326303
-0.00315647
-0.00306456
-0.00298345
-0.00291998
-0.00286596
-0.00281791
-0.00278108
-0.00275252
-0.00273183
-0.00272093
-0.00272166
-0.00273624
-0.00276845
-0.00281914
-0.00288921
-0.00297615
-0.00308107
-0.00320107
-0.00334679
-0.00348327
-0.003631
-0.00377386
-0.00391486
-0.00403878
-0.00414554
-0.00423325
-0.00429411
-0.00432841
-0.00433037
-0.00430049
-0.00424027
-0.00415285
-0.00403527
-0.0038706
-0.00370026
-0.00352168
-0.00336428
-0.00320839
-0.00307242
-0.00295056
-0.00286374
-0.0027954
-0.0027398
-0.00269473
-0.0026511
-0.00260297
-0.00254269
-0.00246175
-0.00236305
-0.00223833
-0.00208713
-0.00191508
-0.00170048
-0.00147529
-0.00121431
-0.000947497
-0.000655503
-0.000356046
-4.90505e-05
0.000269543
0.000605643
0.000944981
0.00127654
0.00160423
0.00190457
0.00217816
0.00244184
0.00268413
0.00290053
0.00309187
0.00326228
0.00340678
0.00352545
0.00361825
0.0036881
0.0037346
0.00376107
0.00376682
0.00375158
0.00371493
0.00365475
0.00357013
0.00345757
0.00331989
0.00314824
0.00294131
0.00269826
0.00244997
0.00216714
0.0018881
0.00158635
0.00128511
0.000982277
0.000678506
0.000373579
8.94843e-05
-0.000183018
-0.000435118
-0.000669331
-0.000883278
-0.00108224
-0.00124893
-0.00139283
-0.00150698
-0.00160029
-0.0016655
-0.00170969
-0.00172718
-0.00171888
-0.00168191
-0.00161447
-0.00151363
-0.00138439
-0.00119814
-0.00099603
-0.000754109
-0.000498109
-0.000214804
0.000100951
0.000439052
0.000793229
0.00115853
0.00153733
0.00190672
0.00227044
0.00263585
0.00298132
0.00332043
0.00363713
0.00394245
0.00423479
0.0045098
0.00476208
0.00498826
0.00519416
0.0053733
0.00553509
0.00567987
0.00580467
0.00590351
0.00600089
0.00606819
0.00612638
0.00616161
0.00617781
0.00617172
0.00614076
0.00607652
0.00598961
0.00587117
0.00571477
0.00551885
0.00527018
0.00493047
0.00455089
0.00412054
0.00361859
0.00307883
0.00245109
0.00162374
0.000854758
0.000149621
-0.000626111
-0.00138747
-0.00208154
-0.00276732
-0.00341788
-0.004055
-0.00460577
-0.00510476
-0.0055817
-0.00601272
-0.00636826
-0.0067063
-0.0069741
-0.00720582
-0.0073913
-0.00753084
-0.00763157
-0.00770262
-0.00774253
-0.00775754
-0.00775285
-0.00773378
-0.00770042
-0.00766191
-0.00761373
-0.00755782
-0.007497
-0.00743162
-0.00735956
-0.00727399
-0.00718311
-0.00707554
-0.00695251
-0.00682172
-0.00667634
-0.00650873
-0.0063278
-0.00611705
-0.00591939
-0.0056942
-0.00547076
-0.0052507
-0.0050133
-0.00478943
-0.00456798
-0.00433573
-0.00410153
-0.00388357
-0.00366292
-0.00344769
-0.00321729
-0.00297912
-0.00275019
-0.00251991
-0.00229294
-0.00208133
-0.001881
-0.00169765
-0.00153409
-0.00139546
-0.00129142
-0.00121926
-0.00118054
-0.00117559
-0.00120467
-0.00126811
-0.00136073
-0.00148755
-0.00164563
-0.00182933
-0.00202392
-0.00225082
-0.00249103
-0.00274345
-0.00299128
-0.00324493
-0.00349879
-0.00375033
-0.00397632
-0.00419871
-0.00441184
-0.00459137
-0.00474292
-0.00484872
-0.00491184
-0.0049283
-0.00488456
-0.00478315
-0.00465052
-0.00447375
-0.00427215
-0.0040386
-0.00378692
-0.00357457
-0.00335105
-0.00316063
-0.00299179
-0.00283084
-0.00265582
-0.00251227
-0.002385
-0.00223734
-0.00210153
-0.00195781
-0.00180731
-0.00165208
-0.0014843
-0.00132876
-0.00117045
-0.00103283
-0.00090256
-0.000785248
-0.000672368
-0.000570008
-0.000469409
-0.000377605
-0.000280864
-0.000180969
-7.41249e-05
4.19178e-05
0.000171817
0.000305658
0.000457583
0.000615335
0.000774914
0.00093589
0.00108707
0.00123182
0.00138811
0.00153281
0.00164929
0.0017501
0.00183616
0.0019021
0.00194847
0.00197091
0.0019685
0.00193012
0.00187802
0.00180075
0.00170123
0.00157838
0.00143869
0.00127373
0.00109575
0.000897525
0.000688608
0.000468018
0.000234645
-8.76557e-06
-0.00024678
-0.000490356
-0.000739301
-0.00099935
-0.0012616
-0.00151606
-0.00176146
-0.00200944
-0.00225689
-0.0025475
-0.00278965
-0.00301643
-0.00324239
-0.00345596
-0.00367247
-0.00389655
-0.00409731
-0.00429632
-0.00448677
-0.00466708
-0.004836
-0.00503371
-0.00516832
-0.00528764
-0.00538563
-0.00546871
-0.00552685
-0.00555445
-0.00555204
-0.00551492
-0.00545038
-0.00534684
-0.00521183
-0.0050478
-0.00484872
-0.00461529
-0.00436098
-0.00406484
-0.00369957
-0.00339518
-0.00309125
-0.0027611
-0.00240142
-0.00199109
-0.00162447
-0.00127883
-0.000909549
-0.000597134
-0.000293875
-1.74653e-05
0.000285209
0.000571814
0.000820312
0.00105016
0.00128202
0.001508
0.00172522
0.00191046
0.00208147
0.00223458
0.00234169
0.00241374
0.00243909
0.0024159
0.0023492
0.00223361
0.00208575
0.00189702
0.00169402
0.00148394
0.00129785
0.00112432
0.000977069
0.000863803
0.000802676
0.000791313
0.000834178
0.000928132
0.00107442
0.00125484
0.00147214
0.00170655
0.00197428
0.00223261
0.00247426
0.00270302
0.00289622
0.00306004
0.0031888
0.00326701
0.00330643
0.00331206
0.00328813
0.00323931
0.00316404
0.00307558
0.00298035
0.00288405
0.00279444
0.00271453
0.00265294
0.0026133
0.0025997
0.00261204
0.00265059
0.002711
0.00278204
0.00284194
0.00288431
0.00289893
0.00287863
0.00281999
0.00272945
0.00262345
0.00251018
0.00238673
0.00228598
0.00220283
0.00213893
0.00209514
0.0020707
0.00205969
0.00205748
0.00205856
0.00205863
0.00205425
0.00204407
0.00202587
0.00199913
0.00196005
0.00191229
0.00184996
0.00177088
0.00167979
0.00156865
0.00141695
0.00127838
0.00108298
0.000954358
0.000796265
0.000686873
0.000584836
0.000495491
0.000409946
0.000320633
0.000237613
0.000135613
7.58036e-06
-0.000128362
-0.000281574
-0.000440079
-0.000585691
-0.00072594
-0.000857514
-0.000964862
-0.00106892
-0.00117706
-0.00130136
-0.0014401
-0.00158946
-0.00173311
-0.0018794
-0.00200562
-0.00209662
-0.00212628
-0.00208579
-0.00194533
-0.00174425
-0.00144254
-0.00110493
-0.000722972
-0.000314208
8.38876e-05
0.000446477
0.000771257
0.00103388
0.00122075
0.0013254
0.00133596
0.00125714
0.0010916
0.000826494
0.000551096
0.000219018
-0.000143033
-0.000504444
-0.000871637
-0.00124489
-0.0016192
-0.00196494
-0.00230701
-0.00261703
-0.00292716
-0.00319319
-0.00342403
-0.003604
-0.00373261
-0.00379681
-0.00379942
-0.00373857
-0.00361296
-0.00342238
-0.00317581
-0.00290716
-0.00261102
-0.00231226
-0.00202883
-0.0017764
-0.00156582
-0.00139878
-0.00128718
-0.00122377
-0.00120168
-0.00121227
-0.00124226
-0.00128679
-0.00133492
-0.00138229
-0.00143144
-0.0014758
-0.00152336
-0.00155798
-0.00158446
-0.00159649
-0.00158865
-0.0015545
-0.00147843
-0.00138169
-0.00125133
-0.00109427
-0.000911457
-0.000711744
-0.00049527
-0.000274913
-3.45965e-05
0.000183211
0.00038688
0.000557274
0.000675119
0.000759959
0.000813722
0.000851313
0.000882036
0.000909481
0.00094016
0.0009738
0.00100934
0.00103762
0.00105
0.0010344
0.000972881
0.000835935
0.000633922
0.000366167
6.41993e-05
-0.000293675
-0.00063529
-0.00101444
-0.00138096
-0.00179537
-0.00208418
-0.00233904
-0.00261155
-0.0028446
-0.00305687
-0.00325493
-0.00346377
-0.00363596
-0.00378216
-0.00390234
-0.0039881
-0.00405021
-0.0040873
-0.00410163
-0.00409623
-0.00407279
-0.00403293
-0.00398288
-0.00391654
-0.00384199
-0.00375305
-0.00363837
-0.00347867
-0.00326988
-0.00305814
-0.00277327
-0.00244639
-0.00212041
-0.00176581
-0.00137304
-0.000948226
-0.000574523
-0.000208427
0.000100509
0.000360224
0.000571953
0.000734007
0.000863453
0.000932389
0.000948519
0.000903714
0.000802936
0.000648447
0.000452022
0.000195101
-8.11956e-05
-0.000357071
-0.000632804
-0.000906393
-0.00116298
-0.00140945
-0.00162599
-0.00181924
-0.00196049
-0.00205498
-0.00210787
-0.00213069
-0.00213097
-0.00212156
-0.00211329
-0.00211439
-0.00212875
-0.00215865
-0.00219993
-0.00224727
-0.00229622
-0.00234255
-0.00238339
-0.00241309
-0.002435
-0.00245243
-0.00246998
-0.00249089
-0.00252198
-0.00256447
-0.00261935
-0.00268864
-0.0027649
-0.00282992
-0.00288334
-0.00292124
-0.00293581
-0.00292752
-0.00289891
-0.00286239
-0.00281806
-0.00278112
-0.00275247
-0.00273832
-0.00274041
-0.00276095
-0.00279857
-0.00285532
-0.00293848
-0.00304072
-0.00316252
-0.00328773
-0.00345929
-0.00363487
-0.00388965
-0.00414275
-0.00434844
-0.00449912
-0.0046352
-0.00474043
-0.00483259
-0.0049057
-0.00497197
-0.00503834
-0.0051155
-0.00520606
-0.00530721
-0.00541417
-0.00550005
-0.00554538
-0.00554282
-0.00548359
-0.00535991
-0.00518148
-0.00497029
-0.00470705
-0.00448726
-0.00427725
-0.00406645
-0.00390032
-0.00375034
-0.00361262
-0.00348079
-0.00335711
-0.00322492
-0.0031199
-0.00304033
-0.00300886
-0.0030499
-0.00316472
-0.00337894
-0.00369721
-0.00408163
-0.00449886
-0.00499715
-0.00553455
-0.00611449
-0.00663756
-0.00711454
-0.00751882
-0.00781818
-0.00802899
-0.00816634
-0.00818446
-0.0081098
-0.00794317
-0.00769269
-0.00735417
-0.00693696
-0.00650386
-0.00600569
-0.00549859
-0.00500532
-0.00450924
-0.00406378
-0.00362627
-0.0030459
-0.00262438
-0.00219871
-0.00184402
-0.00153337
-0.00129957
-0.00114892
-0.00107092
-0.00107129
-0.00113679
-0.00125865
-0.00143375
-0.00162797
-0.00181857
-0.00199009
-0.00214124
-0.00222737
-0.00226006
-0.00225473
-0.00223506
-0.00222668
-0.00224502
-0.00230025
-0.00240282
-0.00256082
-0.00278736
-0.00306794
-0.00343808
-0.00389565
-0.00441927
-0.0050487
-0.00574312
-0.00655977
-0.00734422
-0.00813062
-0.00892079
-0.00964359
-0.0102774
-0.010791
-0.0111281
-0.0113138
-0.0113088
-0.011146
-0.0108432
-0.0104725
-0.0100528
-0.00963095
-0.00916969
-0.00872297
-0.00826823
-0.00777789
-0.00722522
-0.0066288
-0.00602187
-0.00540825
-0.00474984
-0.00417956
-0.00366957
-0.0032168
-0.00277355
-0.0025043
-0.002313
-0.00214002
-0.00208074
-0.00208381
-0.00214913
-0.00226025
-0.00241103
-0.00257497
-0.00276089
-0.00295769
-0.00316874
-0.00338827
-0.00361597
-0.00383806
-0.00406069
-0.00426975
-0.00449726
-0.0046803
-0.00484449
-0.00497777
-0.00508865
-0.00518419
-0.00527181
-0.0053563
-0.00544948
-0.00560086
-0.00574789
-0.00591808
-0.00613079
-0.00637569
-0.00667429
-0.00702177
-0.00734228
-0.00762527
-0.00784445
-0.00797044
-0.00798329
-0.00784899
-0.00755308
-0.00724619
-0.00686143
-0.00644059
-0.00598232
-0.00552631
-0.00509854
-0.00469484
-0.00429775
-0.00395212
-0.00364287
-0.00327386
-0.00302235
-0.00283914
-0.00269392
-0.00260181
-0.0025752
-0.00262935
-0.00277535
-0.00299682
-0.00328912
-0.003625
-0.00400016
-0.00445429
-0.00492226
-0.0054317
-0.00599429
-0.0066221
-0.0073375
-0.00808754
-0.00891929
-0.00977287
-0.0106645
-0.0114603
-0.0121989
-0.0128443
-0.0133758
-0.0137123
-0.0138427
-0.0137462
-0.0134363
-0.0128261
-0.0120551
-0.0111769
-0.0102592
-0.00917077
-0.0080224
-0.00680379
-0.00575271
-0.00469374
-0.00372891
-0.00279021
-0.00195237
-0.00130764
-0.000792538
-0.000407273
-2.80902e-05
0.000293687
0.00063867
0.00116877
0.00189741
0.00286914
0.00421624
0.00599184
0.00851917
0.0116223
0.0154498
0.0200366
0.0258637
0.0325095
0.0413603
0.0502778
0.061254
0.0713069
0.0831439
0.0971703
0.110029
0.123581
0.137826
0.152477
0.166612
0.181617
0.196614
0.211579
0.226553
0.243078
0.258421
0.273398
0.287515
0.301755
0.318943
0.332413
0.346208
0.359477
0.372792
0.3873
0.39926
0.411639
0.42326
0.432314
0.440039
0.452701
0.463001
0.471185
0.477171
0.480856
0.482611
0.482363
0.480024
0.47594
0.470547
0.463577
0.455374
0.446502
0.441114
0.430032
0.424224
0.417621
0.410595
0.402154
0.394906
0.388207
0.38162
0.375202
0.36879
0.362533
0.356383
0.350216
0.344431
0.338404
0.332625
0.327568
0.322606
0.317881
0.313302
0.308915
0.304816
0.301029
0.297486
0.294227
0.289966
0.286551
0.283855
0.280721
0.27853
0.276665
0.275032
0.273783
0.272715
0.271706
0.270839
0.270066
0.269405
0.268834
0.268342
0.2679
0.267533
0.267255
0.267049
0.266907
0.266808
0.266743
0.266699
0.266669
0.266649
0.26664
0.26665
0.266698
0.266795
0.266974
0.267314
0.267736
0.268328
0.269093
0.270104
0.271333
0.272828
0.274545
0.276567
0.278753
0.281195
0.283732
0.28642
0.289284
0.292043
0.294895
0.297882
0.30098
0.304632
0.307712
0.310766
0.313757
0.316663
0.319497
0.322101
0.32457
0.326987
0.329143
0.331147
0.333054
0.334778
0.336266
0.337686
0.338966
0.340176
0.341192
0.342061
0.342803
0.343532
0.344018
0.344443
0.344767
0.34502
0.345193
0.345294
0.34534
0.345331
0.345269
0.345165
0.345022
0.34484
0.34463
0.344385
0.344132
0.343878
0.343605
0.343344
0.343067
0.342798
0.342546
0.342292
0.342047
0.341814
0.341591
0.341385
0.341194
0.341012
0.340863
0.340742
0.340645
0.340564
0.340502
0.340457
0.340439
0.340446
0.340479
0.340534
0.340615
0.340719
0.340826
0.34095
0.341096
0.341241
0.341407
0.341574
0.341806
0.34213
0.342508
0.342881
0.343257
0.343562
0.343879
0.344284
0.344698
0.345002
0.345246
0.345491
0.345723
0.345948
0.346167
0.346383
0.346596
0.346801
0.346994
0.347189
0.34739
0.34757
0.347757
0.347994
0.348174
0.348358
0.348539
0.348713
0.348898
0.349079
0.349253
0.349424
0.349594
0.349781
0.349941
0.350097
0.350267
0.350417
0.350565
0.350714
0.350866
0.351008
0.351147
0.351279
0.351401
0.351524
0.351642
0.351756
0.35187
0.35199
0.352118
0.352233
0.352353
0.352472
0.352597
0.352725
0.352859
0.353016
0.353201
0.35342
0.353687
0.353984
0.354329
0.354746
0.355246
0.35586
0.356559
0.357354
0.358248
0.359327
0.36055
0.361964
0.363646
0.365486
0.367635
0.370098
0.372725
0.375884
0.379241
0.383097
0.387177
0.391267
0.396244
0.403114
0.408192
0.413805
0.418627
0.423658
0.428592
0.433456
0.441487
0.449128
0.456622
0.464134
0.472212
0.476346
0.483437
0.490544
0.496984
0.502913
0.508361
0.513538
0.518306
0.522254
0.525707
0.528836
0.531045
0.532712
0.533861
0.534506
0.534698
0.534497
0.533905
0.533025
0.531734
0.530304
0.528775
0.527002
0.525046
0.522981
0.520892
0.518749
0.51663
0.514557
0.512428
0.510391
0.50842
0.506548
0.504759
0.502987
0.501342
0.499913
0.498573
0.497308
0.496147
0.495106
0.494255
0.493484
0.492822
0.49226
0.491815
0.49143
0.491144
0.490922
0.490785
0.49071
0.490692
0.49072
0.490788
0.490898
0.491026
0.491172
0.491336
0.491516
0.491692
0.491871
0.491984
0.492087
0.492286
0.492447
0.492526
0.492632
0.492676
0.492711
0.492716
0.492688
0.492626
0.49253
0.492394
0.492223
0.492015
0.491752
0.491446
0.491097
0.490717
0.490278
0.48979
0.489289
0.488763
0.488187
0.487579
0.486947
0.486285
0.485513
0.48476
0.483996
0.483236
0.482421
0.481565
0.480751
0.479925
0.479027
0.478147
0.477207
0.47625
0.47517
0.474161
0.473126
0.47209
0.471024
0.469962
0.468828
0.46773
0.466627
0.465519
0.464255
0.463082
0.461897
0.460717
0.459466
0.458198
0.456938
0.455654
0.454385
0.453085
0.451757
0.450409
0.448966
0.447681
0.446348
0.444903
0.443503
0.442084
0.440708
0.439174
0.438331
0.43749
0.43639
0.434509
0.433693
0.432128
0.430695
0.42924
0.427787
0.426368
0.424932
0.423474
0.422044
0.420596
0.419073
0.418253
0.416784
0.415206
0.413581
0.412715
0.411056
0.409306
0.407539
0.406614
0.404867
0.403984
0.403105
0.402204
0.400446
0.398629
0.396612
0.395467
0.393094
0.390556
0.389114
0.387436
0.385668
0.383027
0.380312
0.378096
0.375739
0.373284
0.370526
0.365272
0.362346
0.359217
0.356165
0.352929
0.349526
0.345945
0.342235
0.33871
0.335051
0.331396
0.327772
0.323915
0.320313
0.316631
0.312835
0.309025
0.304981
0.301016
0.297346
0.293509
0.289722
0.285921
0.282139
0.278517
0.274502
0.27085
0.267397
0.263736
0.260299
0.256705
0.253077
0.249503
0.246172
0.242828
0.239577
0.236064
0.232478
0.228968
0.225475
0.222174
0.218788
0.215227
0.212155
0.209118
0.206101
0.202685
0.198939
0.195306
0.191838
0.188571
0.185382
0.182192
0.17904
0.176289
0.173544
0.170815
0.168073
0.165297
0.162457
0.159711
0.156788
0.154032
0.15122
0.148474
0.145764
0.143014
0.140317
0.137368
0.134452
0.131751
0.128871
0.126077
0.123361
0.1206
0.117966
0.115356
0.11275
0.110108
0.107744
0.105427
0.103116
0.10079
0.0987946
0.0969268
0.0952095
0.0935279
0.0920463
0.0906605
0.0891852
0.0882521
0.087491
0.0869582
0.0866047
0.0864127
0.0863571
0.086436
0.0866277
0.0869345
0.0873677
0.0878907
0.0884923
0.0892048
0.0900162
0.0908454
0.0917898
0.09282
0.0937985
0.0948525
0.0958888
0.0970067
0.0980402
0.0990949
0.100129
0.101129
0.102134
0.103045
0.104001
0.104922
0.105905
0.106814
0.107643
0.108491
0.109335
0.110176
0.110912
0.111633
0.112264
0.112879
0.113437
0.113982
0.114487
0.114988
0.115453
0.11597
0.116455
0.116964
0.117496
0.118053
0.11862
0.119265
0.119891
0.120548
0.12121
0.121901
0.122598
0.123313
0.124041
0.125043
0.125994
0.126977
0.128027
0.129126
0.130113
0.131181
0.13211
0.133106
0.134124
0.135139
0.136186
0.137228
0.138289
0.13942
0.140507
0.141597
0.142651
0.143812
0.144997
0.14623
0.147534
0.148841
0.150349
0.152144
0.153859
0.155784
0.157706
0.159933
0.162484
0.165156
0.168179
0.171112
0.174056
0.177273
0.180556
0.18372
0.18698
0.190271
0.19365
0.196665
0.199693
0.20257
0.205218
0.207747
0.210073
0.212207
0.21397
0.21548
0.216634
0.217528
0.218043
0.218214
0.218012
0.217422
0.216511
0.215256
0.213713
0.211891
0.209782
0.207314
0.204551
0.201826
0.19879
0.195533
0.192306
0.188849
0.18537
0.181308
0.177677
0.173781
0.169617
0.165748
0.161913
0.157855
0.154007
0.150032
0.14642
0.142808
0.13921
0.135892
0.132431
0.129218
0.125897
0.122604
0.119603
0.116456
0.113505
0.110579
0.107812
0.105127
0.102551
0.100004
0.0975489
0.0951079
0.0928451
0.0905681
0.0885577
0.0865592
0.0844696
0.0821903
0.0799656
0.0778077
0.0754387
0.0733776
0.0714078
0.0694744
0.0677213
0.0659792
0.0642536
0.062545
0.0608303
0.0591313
0.0574665
0.0558156
0.0541154
0.0525053
0.0509494
0.0493245
0.0477563
0.0462399
0.0447446
0.0434205
0.0419622
0.0406924
0.0394905
0.0383688
0.0372868
0.0361929
0.0352957
0.0344123
0.0334394
0.0325946
0.0318316
0.0310948
0.0303875
0.0296963
0.0290347
0.0283952
0.0277703
0.0271637
0.026577
0.025993
0.0254206
0.0248403
0.024269
0.0236735
0.0230952
0.0224172
0.0217319
0.0210654
0.0204727
0.0198847
0.0193307
0.0187827
0.0181993
0.0176271
0.017048
0.0164768
0.0157805
0.0152446
0.0146484
0.0140644
0.0134951
0.0129207
0.0123293
0.0117419
0.0111881
0.0106373
0.0100845
0.00954466
0.00898403
0.00844138
0.00790241
0.00732705
0.00676248
0.0062164
0.00571648
0.00518968
0.00469422
0.00419917
0.00371215
0.00323559
0.00279813
0.00234105
0.00186839
0.00142613
0.000982038
0.00052315
4.12288e-05
-0.000454438
-0.00100677
-0.00161405
-0.0022459
-0.0028963
-0.00358093
-0.00432422
-0.0051862
-0.00615499
-0.00711405
-0.00826802
-0.00967187
-0.0110894
-0.0126388
-0.0140922
-0.0156701
-0.0171905
-0.0187082
-0.0201355
-0.0215999
-0.0229748
-0.024372
-0.0257757
-0.0272672
-0.0287827
-0.0305103
-0.0319074
-0.0333131
-0.034727
-0.0361308
-0.0374598
-0.0388536
-0.0402101
-0.041545
-0.0428556
-0.044195
-0.0455579
-0.046737
-0.0478879
-0.0491867
-0.0503503
-0.0513058
-0.0522101
-0.0530209
-0.0537601
-0.0544048
-0.0549887
-0.0554991
-0.0559631
-0.0563801
-0.056739
-0.0570859
-0.0573738
-0.0576261
-0.0578327
-0.058002
-0.0581446
-0.0582716
-0.0583582
-0.0584203
-0.0584615
-0.0584807
-0.0584778
-0.0584547
-0.0584134
-0.0583586
-0.0582941
-0.0581516
-0.0580084
-0.0579314
-0.0578518
-0.0577585
-0.057668
-0.0575745
-0.0574727
-0.0573864
-0.0573106
-0.0572767
-0.057294
-0.057436
-0.0576829
-0.0580632
-0.0583442
-0.0590287
-0.0597457
-0.0605279
-0.0612618
-0.0618572
-0.0623432
-0.062674
-0.0627925
-0.0627064
-0.0624318
-0.0621548
-0.0617689
-0.0608577
-0.0602355
-0.0595134
-0.0580819
-0.0564581
-0.0546764
-0.052673
-0.0514589
-0.0502478
-0.04889
-0.0475692
-0.0461346
-0.0446767
-0.0432407
-0.0417796
-0.0402919
-0.0375839
-0.0360511
-0.0330618
-0.0298997
-0.0264185
-0.0228993
-0.0209239
-0.0169826
-0.0129306
-0.00879444
-0.00469636
-0.000775705
0.00134815
0.00378075
0.00591142
0.00979989
0.0119337
0.0162349
0.0183149
0.0205679
0.0243948
0.0280175
0.0299276
0.0333057
0.0363073
0.0390184
0.041542
0.0436716
0.0455488
0.0470661
0.0482402
0.0491185
0.0497932
0.0502459
0.0505015
0.0506226
0.0506381
0.0505886
0.0505112
0.0504367
0.0503951
0.0504103
0.0504677
0.0506714
0.0509663
0.0513423
0.0518609
0.0524799
0.0532264
0.0540672
0.055058
0.0561746
0.0573138
0.058653
0.0600839
0.0608668
0.0623631
0.0639041
0.0655651
0.0672649
0.0681881
0.069936
0.0717456
0.0737914
0.0748505
0.0760195
0.0772086
0.0783355
0.0795317
0.0805575
0.0817928
0.0830175
0.0841432
0.0863574
0.088666
0.0899675
0.0913505
0.0929322
0.0944484
0.0975396
0.100677
0.102379
0.104307
0.107672
0.111082
0.114674
0.118319
0.122013
0.125529
0.129053
0.131093
0.134654
0.138147
0.141625
0.143441
0.145332
0.147129
0.148857
0.152207
0.153938
0.157209
0.160572
0.162268
0.165464
0.167251
0.170434
0.17213
0.173786
0.175458
0.178675
0.181981
0.185108
0.186823
0.189907
0.193099
0.196283
0.19939
0.202418
0.204091
0.207272
0.210541
0.213728
0.216737
0.219902
0.221548
0.223797
0.226941
0.228584
0.230485
0.233608
0.236756
0.238416
0.240254
0.242074
0.245133
0.246763
0.250061
0.253352
0.255046
0.258156
0.261327
0.262975
0.264909
0.266748
0.268493
0.270391
0.272995
0.274783
0.276629
0.278527
0.280291
0.281926
0.283578
0.286723
0.288334
0.290011
0.291733
0.293584
0.295678
0.299021
0.300882
0.302729
0.304741
0.306878
0.308918
0.312908
0.315055
0.317436
0.319685
0.324368
0.32689
0.32932
0.331809
0.334355
0.337227
0.339733
0.342261
0.344785
0.34961
0.352022
0.356885
0.359242
0.362651
0.365107
0.369752
0.372098
0.37443
0.376739
0.381191
0.383469
0.385719
0.387999
0.390266
0.39275
0.395053
0.397225
0.399382
0.401557
0.405635
0.407775
0.409943
0.412
0.414101
0.416141
0.418189
0.420275
0.42226
0.424158
0.426156
0.428053
0.429989
0.431906
0.433806
0.435662
0.437647
0.439557
0.441523
0.443461
0.445462
0.447435
0.449444
0.451341
0.453422
0.45544
0.457322
0.459045
0.460685
0.462261
0.463765
0.46519
0.46654
0.467817
0.469046
0.470213
0.471345
0.472471
0.473531
0.474552
0.475571
0.476523
0.477458
0.478408
0.4793
0.480159
0.481016
0.481877
0.48292
0.48396
0.485024
0.486134
0.487086
0.48802
0.489012
0.489968
0.490722
0.492048
0.493192
0.493659
0.494289
0.494451
0.494419
0.494196
0.493811
0.493241
0.492454
0.4915
0.490388
0.489066
0.4872
0.485289
0.483369
0.481324
0.476981
0.472373
0.469464
0.466747
0.463849
0.460935
0.457839
0.451891
0.448819
0.445703
0.442559
0.439384
0.436358
0.430659
0.427586
0.421627
0.418633
0.415672
0.412781
0.40988
0.407079
0.404067
0.401129
0.398357
0.395688
0.393006
0.390381
0.38792
0.385583
0.381083
0.376557
0.37432
0.372129
0.370094
0.368096
0.365634
0.361926
0.359953
0.358001
0.356137
0.354368
0.352616
0.349363
0.347798
0.34636
0.343962
0.342878
0.341082
0.33964
0.339045
0.338659
0.338358
0.338252
0.338252
0.33835
0.338518
0.338747
0.339295
0.339627
0.340023
0.340573
0.341094
0.34166
0.342886
0.34356
0.344254
0.344975
0.345711
0.346457
0.347327
0.348131
0.348985
0.349858
0.350621
0.351282
0.351889
0.352384
0.352867
0.353292
0.353577
0.353776
0.35389
0.353927
0.353831
0.353705
0.353486
0.353082
0.352383
0.351978
0.351539
0.350613
0.349571
0.348627
0.348098
0.34753
0.346878
0.346212
0.344886
0.344198
0.343523
0.342921
0.342387
0.341888
0.340912
0.340285
0.339494
0.33743
0.334642
0.332753
0.328103
0.32247
0.319081
0.314946
0.310294
0.305191
0.294599
0.288663
0.282363
0.275141
0.268283
0.252869
0.238767
0.231313
0.223575
0.215306
0.199572
0.191036
0.180741
0.172339
0.163768
0.155246
0.146417
0.137627
0.12902
0.120244
0.111325
0.102082
0.0936443
0.0849203
0.0679019
0.0593778
0.0506663
0.0418822
0.0256344
0.0172514
0.00877069
0.000211928
-0.00811371
-0.0163695
-0.0241664
-0.0319488
-0.0396754
-0.0472997
-0.0606824
-0.0674659
-0.0741386
-0.0807191
-0.0871329
-0.093414
-0.0993257
-0.109997
-0.120302
-0.129859
-0.139101
-0.144031
-0.14788
-0.151393
-0.15423
-0.15686
-0.158814
-0.160276
-0.161293
-0.161561
-0.160927
-0.159149
-0.156131
-0.151976
-0.146307
-0.139882
-0.132726
-0.12522
-0.117495
-0.109834
-0.101153
-0.0938176
-0.0865871
-0.0797381
-0.0760956
-0.0723311
-0.066325
-0.0631569
-0.0576097
-0.054887
-0.0501512
-0.0456508
-0.0435376
-0.0400644
-0.0366413
-0.033708
-0.0322097
-0.0308361
-0.0295346
-0.0280539
-0.0269188
-0.0249636
-0.023105
-0.0214001
-0.0197397
-0.0178366
-0.0162189
-0.0145566
-0.0136875
-0.0120002
-0.0102674
-0.00932312
-0.00832272
-0.00730768
-0.00525454
-0.00313297
-0.00104695
0.00112851
0.00343571
0.00588177
0.00834355
0.0107847
0.0122758
0.0136557
0.0162727
0.0190312
0.0219714
0.0252299
0.0286438
0.0326704
0.0372243
0.0422295
0.0475797
0.0540039
0.0582555
0.0621356
0.0672323
0.0718282
0.0762387
0.0806828
0.0851767
0.08983
0.0985374
0.107163
0.115663
0.124368
0.13302
0.141347
0.146027
0.154607
0.163127
0.171249
0.175475
0.179678
0.187331
0.191514
0.199166
0.203239
0.210627
0.217694
0.225888
0.233133
0.239989
0.246747
0.253111
0.26
0.266595
0.273339
0.279912
0.283377
0.289988
0.296611
0.30307
0.310385
0.317
0.323644
0.330328
0.33695
0.343657
0.350288
0.357059
0.363813
0.371314
0.378234
0.384882
0.391596
0.398532
0.4056
0.412194
0.41903
0.425526
0.432047
0.438798
0.445514
0.452066
0.458883
0.465422
0.471982
0.478757
0.482775
0.489273
0.495639
0.501998
0.505794
0.50983
0.513799
0.517535
0.521237
0.525278
0.529092
0.532924
0.536363
0.542777
0.549435
0.555888
0.562617
0.569694
0.577069
0.584786
0.592769
0.600896
0.609843
0.618693
0.628178
0.63854
0.648689
0.659302
0.67052
0.682558
0.689159
0.701462
0.708279
0.720209
0.732405
0.743773
0.755679
0.767478
0.779501
0.791145
0.802649
0.814354
0.827044
0.839061
0.850922
0.862885
0.875838
0.887947
0.89976
0.912001
0.924569
0.936601
0.948082
0.95966
0.971542
0.983125
0.994634
1.00587
1.01688
1.02806
1.03924
1.05074
1.06166
1.07211
1.0836
1.09436
1.10463
1.1146
1.12485
1.136
1.14605
1.15603
1.16597
1.17891
1.18963
1.199
1.20844
1.21815
1.22771
1.23727
1.24764
1.25735
1.26633
1.27554
1.28504
1.294
1.30273
1.3143
1.3261
1.33921
1.34927
1.35866
1.36859
1.37714
1.38535
1.39382
1.40201
1.4098
1.41807
1.42708
1.43548
1.44373
1.45183
1.46007
1.46809
1.47606
1.48362
1.49133
1.49982
1.50744
1.51543
1.52379
1.53144
1.53975
1.54765
1.55547
1.56338
1.57108
1.57878
1.58641
1.59538
1.6031
1.61134
1.61916
1.62881
1.63745
1.64584
1.65354
1.66092
1.66881
1.67621
1.68374
1.69128
1.69899
1.70805
1.71557
1.72402
1.7316
1.73906
1.74685
1.75405
1.76159
1.76895
1.77623
1.78367
1.79197
1.799
1.80665
1.81419
1.8217
1.82868
1.8357
1.84298
1.85021
1.85721
1.86387
1.87032
1.87698
1.88327
1.8888
1.89445
1.89972
1.90444
1.90873
1.91282
1.91692
1.9202
1.92335
1.92606
1.92824
1.92989
1.93139
1.93238
1.93307
1.93357
1.9338
1.93382
1.93364
1.93328
1.93269
1.93198
1.93111
1.92992
1.92874
1.92738
1.92604
1.92456
1.92278
1.92112
1.91959
1.9178
1.9163
1.91481
1.91327
1.91177
1.91025
1.90877
1.90726
1.90578
1.90425
1.90267
1.90104
1.89948
1.89777
1.89609
1.89429
1.89241
1.89028
1.88821
1.88601
1.88361
1.88058
1.87762
1.87473
1.87172
1.86812
1.86452
1.86109
1.85714
1.85334
1.84909
1.84509
1.84081
1.83598
1.83148
1.82701
1.82245
1.81753
1.81236
1.80739
1.80192
1.79673
1.79139
1.78598
1.78024
1.77456
1.7687
1.7624
1.75681
1.75089
1.74494
1.73904
1.73326
1.72718
1.72131
1.71539
1.70939
1.70349
1.69729
1.69109
1.68472
1.6784
1.67254
1.66616
1.66012
1.65325
1.64646
1.63997
1.63331
1.62609
1.61994
1.61337
1.60718
1.60098
1.5939
1.5875
1.57943
1.57442
1.57022
1.5561
1.55116
1.54343
1.53883
1.5356
1.53247
1.52866
1.52572
1.52186
1.51905
1.51619
1.51355
1.51096
1.50626
1.50385
1.50159
1.49953
1.49751
1.4955
1.49369
1.49206
1.48909
1.48758
1.4862
1.48499
1.4839
1.48294
1.48204
1.48122
1.48052
1.47992
1.47939
1.47897
1.47862
1.47828
1.47811
1.47803
1.47804
1.47813
1.47831
1.47859
1.47895
1.47938
1.47991
1.48052
1.48126
1.48207
1.48304
1.48418
1.48549
1.48684
1.48834
1.48999
1.49186
1.49389
1.49609
1.49894
1.50143
1.50385
1.50633
1.50896
1.5119
1.51495
1.51823
1.52161
1.5253
1.5291
1.53345
1.5376
1.54219
1.54687
1.55192
1.55701
1.56352
1.56952
1.57559
1.58183
1.58858
1.59578
1.60321
1.61065
1.61826
1.62554
1.6332
1.64098
1.64911
1.65797
1.66638
1.67421
1.68228
1.69126
1.69969
1.71591
1.73259
1.74911
1.75759
1.77461
1.78321
1.79262
1.80923
1.81988
1.82871
1.83794
1.85415
1.86316
1.87223
1.88114
1.89003
1.90677
1.92162
1.93686
1.95158
1.96571
1.97992
1.99522
2.00392
2.01753
2.03064
2.04394
2.05618
2.06871
2.07588
2.08768
2.09972
2.11039
2.1205
2.1299
2.13984
2.14873
2.15855
2.16748
2.17561
2.18363
2.19093
2.19782
2.2047
2.21131
2.21844
2.22591
2.23305
2.24015
2.24724
2.25435
2.26203
2.26998
2.27844
2.28801
2.29879
2.30996
2.32195
2.33498
2.34828
2.36183
2.37782
2.3943
2.41061
2.42688
2.4449
2.46246
2.48111
2.50016
2.519
2.53829
2.55858
2.57748
2.59628
2.61522
2.63681
2.65707
2.67631
2.6953
2.71483
2.73367
2.75277
2.77142
2.78955
2.80861
2.82919
2.85318
2.87441
2.89635
2.91709
2.93741
2.95804
2.97508
2.99138
3.00818
3.02535
3.04229
3.05925
3.0758
3.09116
3.10645
3.12235
3.13765
3.15228
3.16619
3.18111
3.19606
3.20934
3.22244
3.23587
3.24878
3.26213
3.27561
3.28853
3.30315
3.31697
3.33136
3.34458
3.35785
3.37195
3.3857
3.40017
3.41496
3.42909
3.44205
3.45531
3.46919
3.4831
3.49636
3.50977
3.52304
3.53746
3.55119
3.56532
3.5808
3.59652
3.61109
3.62589
3.64084
3.65621
3.67073
3.68537
3.70046
3.71494
3.7296
3.74461
3.75908
3.77419
3.78978
3.80482
3.81921
3.83473
3.84935
3.86406
3.87938
3.89514
3.93411
3.95397
3.96872
3.9838
3.99879
4.0158
4.03053
4.0451
4.06086
4.07888
4.09688
4.11141
4.13155
4.15005
4.1632
4.18611
4.19885
4.21083
4.23113
4.2505
4.27787
4.2908
4.3103
4.32339
4.33662
4.35069
4.36389
4.37779
4.39044
4.4131
4.43497
4.45695
4.47856
4.50071
4.52274
4.54537
4.56764
4.59021
4.61213
4.63405
4.65636
4.67783
4.69962
4.7207
4.74241
4.76364
4.78695
4.79924
4.82068
4.83202
4.85333
4.87424
4.89464
4.91468
4.93417
4.95582
4.97464
4.99369
5.01334
5.03254
5.05033
5.06831
5.08719
5.10452
5.12244
5.13964
5.1562
5.17274
5.18834
5.20338
5.21609
5.22782
5.24029
5.25262
5.2646
5.27641
5.28852
5.30043
5.31134
5.32248
5.33313
5.34366
5.35397
5.36427
5.375
5.38521
5.39549
5.40524
5.41449
5.4234
5.4319
5.43978
5.44826
5.4554
5.46087
5.4662
5.46991
5.4729
5.47481
5.4757
5.4756
5.47457
5.47208
5.46855
5.46374
5.45885
5.45268
5.44607
5.43784
5.4298
5.42201
5.41334
5.40234
5.39291
5.38314
5.37252
5.36156
5.35009
5.3381
5.32733
5.31511
5.30453
5.29185
5.27928
5.26884
5.25756
5.24611
5.23617
5.22588
5.21627
5.20743
5.19899
5.19089
5.18256
5.17574
5.16903
5.16253
5.15683
5.15109
5.14552
5.14056
5.13498
5.1304
5.12576
5.12194
5.11847
5.11539
5.11265
5.11011
5.10777
5.10546
5.10319
5.10092
5.09873
5.09654
5.0943
5.09205
5.08979
5.08752
5.08474
5.0822
5.07957
5.07675
5.07394
5.07094
5.06791
5.06478
5.06168
5.0585
5.05538
5.05211
5.04881
5.0455
5.04196
5.03864
5.03526
5.03178
5.02805
5.02429
5.02066
5.01704
5.01295
5.00927
5.00543
5.00139
4.99752
4.9933
4.98849
4.98385
4.9795
4.97515
4.97072
4.966
4.96158
4.95752
4.9534
4.94877
4.94448
4.94024
4.93639
4.93241
4.92891
4.9253
4.92211
4.91966
4.91758
4.91586
4.91455
4.91367
4.91312
4.91297
4.91318
4.91373
4.91464
4.9159
4.91738
4.91911
4.92114
4.92334
4.92573
4.9282
4.93086
4.93382
4.93692
4.94015
4.94338
4.94658
4.94968
4.95323
4.95649
4.95963
4.96302
4.96611
4.96924
4.97215
4.97516
4.978
4.98075
4.98337
4.98589
4.98877
4.99118
4.99371
4.99595
4.99801
4.99989
5.00174
5.0036
5.0052
5.00678
5.00829
5.00961
5.01103
5.01239
5.01374
5.01496
5.01622
5.01743
5.01867
5.01987
5.02104
5.02229
5.02359
5.02491
5.02635
5.02787
5.02968
5.03157
5.03366
5.03573
5.03781
5.04016
5.04251
5.04541
5.04829
5.05102
5.05374
5.05656
5.05939
5.06216
5.06524
5.06837
5.07122
5.07385
5.07666
5.07926
5.08232
5.08499
5.08707
5.08886
5.09057
5.09211
5.09358
5.09473
5.09571
5.09657
5.09732
5.09799
5.09856
5.09906
5.09959
5.10008
5.10053
5.1009
5.1012
5.10145
5.10167
5.10181
5.10188
5.10188
5.10181
5.10167
5.10146
5.10116
5.10076
5.10023
5.09965
5.09906
5.09847
5.0977
5.09691
5.0962
5.09546
5.09465
5.09392
5.09319
5.09244
5.0917
5.09098
5.09026
5.08953
5.08882
5.08819
5.08757
5.08699
5.08638
5.08584
5.08533
5.08485
5.08436
5.08396
5.08362
5.08331
5.08305
5.08285
5.08273
5.0827
5.08279
5.08298
5.08329
5.08377
5.08447
5.0853
5.08633
5.08748
5.08882
5.09027
5.09183
5.09354
5.09554
5.09749
5.09944
5.10166
5.10388
5.10606
5.1083
5.11039
5.11281
5.11567
5.1179
5.1202
5.12245
5.12496
5.12729
5.12982
5.13211
5.13428
5.13672
5.13894
5.14096
5.14313
5.14519
5.1475
5.14966
5.15184
5.15392
5.15598
5.15808
5.16022
5.16237
5.1645
5.16648
5.16843
5.17036
5.17249
5.17437
5.17619
5.17817
5.17996
5.18172
5.18349
5.18529
5.18709
5.18888
5.19079
5.193
5.19501
5.19685
5.19891
5.20073
5.20254
5.20432
5.20612
5.20769
5.20931
5.21091
5.21262
5.21434
5.21589
5.21744
5.21902
5.22058
5.22217
5.22368
5.22523
5.22683
5.22849
5.23012
5.23187
5.23336
5.23488
5.23646
5.23807
5.23964
5.24112
5.24267
5.24402
5.24544
5.24676
5.24794
5.249
5.24992
5.25071
5.25136
5.25181
5.25208
5.25216
5.25205
5.25177
5.2513
5.2507
5.24976
5.24882
5.24773
5.24644
5.24507
5.24363
5.24169
5.23996
5.23821
5.23645
5.23453
5.23257
5.23039
5.22838
5.22616
5.22301
5.22087
5.21774
5.21548
5.21323
5.21108
5.20849
5.20578
5.20359
5.20145
5.19936
5.19635
5.19358
5.19119
5.18922
5.18716
5.18524
5.18334
5.18056
5.1786
5.17671
5.17487
5.17312
5.17136
5.16949
5.16741
5.16568
5.16385
5.16213
5.16054
5.15896
5.1571
5.1552
5.1537
5.15237
5.15113
5.1497
5.14835
5.14712
5.14599
5.1448
5.1434
5.14188
5.14041
5.1386
5.13726
5.13582
5.13371
5.13196
5.13
5.12806
5.12523
5.12293
5.12066
5.11816
5.11558
5.11263
5.10968
5.10661
5.10345
5.10005
5.09651
5.09313
5.08952
5.08553
5.08167
5.07786
5.07368
5.06962
5.0655
5.0614
5.05709
5.05283
5.04851
5.04428
5.03995
5.03566
5.03128
5.0269
5.02246
5.01812
5.01377
5.00953
5.00555
5.00005
4.99467
4.99132
4.98801
4.98494
4.98264
4.98057
4.97908
4.9781
4.97753
4.97738
4.97766
4.9784
4.97957
4.98114
4.98314
4.98538
4.98819
4.99121
4.995
4.99885
5.00289
5.00768
5.01271
5.01753
5.02257
5.028
5.03371
5.03914
5.04525
5.05102
5.05693
5.06286
5.06884
5.07469
5.0808
5.08679
5.09294
5.09876
5.10495
5.11088
5.11646
5.12249
5.12785
5.13383
5.14121
5.14693
5.15268
5.15861
5.16554
5.17303
5.17966
5.18481
5.19065
5.19624
5.20161
5.20838
5.21482
5.22096
5.22792
5.23527
5.24482
5.255
5.26896
5.28221
5.2958
5.30837
5.32312
5.33774
5.35155
5.36569
5.37908
5.39361
5.40786
5.42178
5.43729
5.45835
5.47444
5.48971
5.50655
5.52476
5.54607
5.56313
5.57916
5.5973
5.615
5.63444
5.65487
5.67805
5.69767
5.71659
5.73522
5.75345
5.77159
5.78999
5.80789
5.82464
5.84163
5.85796
5.87421
5.89053
5.90688
5.92428
5.94295
5.95851
5.97595
5.9969
6.01568
6.03144
6.04729
6.06274
6.07779
6.09318
6.10742
6.12339
6.13944
6.15377
6.16844
6.18346
6.19794
6.2127
6.22898
6.24449
6.26039
6.27632
6.29261
6.30976
6.32705
6.34483
6.3636
6.38118
6.39946
6.41824
6.43626
6.45488
6.47369
6.49234
6.51216
6.53226
6.55281
6.57242
6.59224
6.60487
6.62581
6.64819
6.6695
6.69015
6.71197
6.7321
6.75248
6.77578
6.78782
6.7999
6.81541
6.82614
6.8375
6.84803
6.85922
6.8717
6.89168
6.90274
6.92169
6.93954
6.94961
6.96878
6.98832
7.00809
7.02846
7.0488
7.06918
7.08023
7.10154
7.12336
7.14516
7.15666
7.17928
7.19294
7.20503
7.21661
7.22862
7.2407
7.25268
7.26502
7.27714
7.28975
7.30259
7.31503
7.32758
7.33931
7.353
7.36872
7.38047
7.39089
7.40076
7.41007
7.41913
7.42734
7.43477
7.44245
7.4494
7.45579
7.46197
7.46774
7.47298
7.47781
7.48198
7.48584
7.48929
7.49199
7.49421
7.49575
7.49672
7.4972
7.49716
7.49661
7.49554
7.494
7.49206
7.4897
7.48681
7.48332
7.47994
7.47639
7.47255
7.46847
7.46433
7.46
7.45576
7.45147
7.44708
7.44275
7.43864
7.43438
7.43044
7.42661
7.4229
7.41911
7.41577
7.41241
7.40926
7.40612
7.40322
7.40057
7.39794
7.39542
7.39308
7.39098
7.38864
7.38605
7.38395
7.38224
7.3806
7.37912
7.37753
7.37622
7.37532
7.37456
7.37397
7.37345
7.37306
7.37277
7.37258
7.37246
7.37242
7.37244
7.37252
7.37267
7.37285
7.37309
7.37338
7.37371
7.37406
7.37443
7.37479
7.37513
7.3754
7.37561
7.37576
7.37584
7.37585
7.37578
7.37563
7.37541
7.37512
7.37477
7.37437
7.37392
7.37343
7.3729
7.37232
7.37171
7.37103
7.37028
7.36954
7.36877
7.36794
7.36707
7.36597
7.36499
7.36406
7.3631
7.36202
7.36096
7.35989
7.35886
7.35783
7.35683
7.35592
7.35508
7.35433
7.35368
7.35315
7.35277
7.35254
7.35245
7.35252
7.35273
7.35311
7.35359
7.35424
7.35498
7.35584
7.35679
7.35789
7.35911
7.36049
7.36204
7.36366
7.36576
7.36774
7.36977
7.37198
7.37476
7.37739
7.38007
7.3829
7.38591
7.38905
7.39223
7.39557
7.39881
7.40232
7.40612
7.40968
7.41333
7.41684
7.4206
7.42453
7.42834
7.43217
7.43603
7.43999
7.44388
7.44822
7.45278
7.45713
7.46095
7.46448
7.46806
7.47132
7.47414
7.47644
7.47837
7.48
7.48121
7.48197
7.48224
7.48199
7.48118
7.47977
7.47764
7.47504
7.47177
7.468
7.46346
7.45845
7.45297
7.44714
7.44097
7.4342
7.42744
7.42016
7.41301
7.40558
7.39734
7.38924
7.38112
7.37277
7.36438
7.35612
7.34757
7.33975
7.33178
7.32405
7.31592
7.30746
7.29947
7.29194
7.28368
7.27595
7.26815
7.2603
7.25325
7.24567
7.23822
7.23072
7.22284
7.21527
7.20828
7.20177
7.19552
7.1895
7.18364
7.17802
7.17241
7.16953
7.16953
7.16953
7.16953
7.16953
7.16953
7.16953
7.16953
7.16953
7.16953
7.16953
7.16953
7.16953
7.16953
7.16953
7.16953
7.16953
7.16953
7.16953
7.16953
7.16953
7.16953
7.16953
7.16953
7.16953
7.16953
7.16953
7.16953
7.16953
7.16953
7.16953
7.16953
7.16953
7.16953
7.16953
7.16953
7.16953
7.16953
7.16953
7.16953
7.16953
7.16953
7.16953
7.16953
7.16953
7.16953
7.16953
7.16953
7.16953
7.16953
7.16953
7.16953
7.16953
7.16953
7.16953
7.16953
7.16953
7.16953
7.16953
7.16953
7.16953
7.16953
7.16953
7.16953
7.16953
7.16953
7.16953
7.16953
7.16953
7.16953
7.16953
7.16953
7.16953
7.16953
7.16953
7.16953
7.16953
7.16953
7.16953
7.16953
7.16953
7.16953
7.16953
7.16953
7.16953
7.16953
7.16953
7.16953
7.16953
7.16953
7.16953
7.16953
7.16953
7.16953
7.16953
7.16953
7.16953
7.16953
7.16953
7.16953
7.16953
7.16953
7.16953
7.16953
7.16953
7.16953
7.16953
7.16953
7.16953
7.16953
7.16953
7.16953
7.16953
7.16953
7.16953
7.16953
7.16953
7.16953
7.16953
7.16953
7.16953
7.16953
7.16953
7.16953
7.16953
7.16953
7.16953
7.16953
7.16953
7.16953
7.16953
7.16953
7.16953
7.16953
7.16953
7.16953
7.16953
7.16953
7.16953
7.16953
7.16953
7.16953
7.16953
7.16953
7.16953
7.16953
7.16953
7.16953
7.16953
7.16953
7.16953
7.16953
7.16953
7.16953
7.16953
7.16953
7.16953
7.16953
7.16953
7.16953
7.16953
7.16953
7.16953
7.16953
7.16953
7.16953
7.16953
7.16953
7.16953
7.16953
7.16953
7.16953
7.16953
7.16953
7.16953
7.16953
7.16953
7.16953
7.16953
7.16953
7.16953
7.16953
7.16953
7.16953
7.16953
7.16953
7.16953
7.16953
7.16953
7.16953
7.16953
7.16953
7.16953
7.16953
7.16953
7.16953
7.16953
7.16953
7.16953
7.16953
7.16953
7.16953
7.16953
7.16953
7.16953
7.16953
7.16953
7.16953
7.16953
7.16953
7.16953
7.16953
7.16953
7.16953
7.16953
7.16953
7.16953
7.16953
7.16953
7.16953
7.16953
7.16953
7.16953
7.16953
7.16953
7.16953
7.16953
7.16953
7.16953
7.16953
7.16953
7.16953
7.16953
7.16953
7.16953
7.16953
7.16953
7.16953
7.16953
7.16953
7.16953
7.16953
7.16953
7.16953
7.16953
7.16953
7.16953
7.16953
7.16953
7.16953
7.16953
7.16953
7.16953
7.16953
7.16953
7.16953
7.16953
7.16953
7.16953
7.16953
7.16953
7.16953
7.16953
7.16953
7.16953
7.16953
7.16953
7.16953
7.16953
7.16953
7.16953
7.16953
7.16953
7.16953
7.16953
7.16953
7.16953
7.16953
7.16953
7.16953
7.16953
7.16953
7.16953
7.16953
7.16953
7.16953
7.16953
7.16953
7.16953
7.16953
7.16953
7.16953
7.16953
7.16953
7.16953
7.16953
7.16953
7.16953
7.16953
7.16953
7.16953
7.16953
7.16953
7.16953
7.16953
7.16953
7.16953
7.16953
7.16953
7.16953
7.16953
7.16953
7.16953
7.16953
7.16953
7.16953
7.16953
7.16953
7.16953
7.16953