
213.061
-149.051
-664.714
1049.43
-1406.66
820.678
-254.456
-694.202
869.473
-954.006
389.147
-320.842
201.293
-804.534
999.696
-1229.36
614.663
-36.2811
-1023.46
1163.5
-1072.89
302.902
28.7642
-447.662
-158.753
651.041
-1391.92
1221.54
-1024.82
129.39
147.019
-273.891
-617.785
1055.18
-1474.69
812.458
-159.818
-1091.02
1370.24
-1239.17
-68.0411
959.721
-1745.86
1236.9
-688.231
-623.839
955.561
-913.443
-181.977
849.931
-1549.39
901.198
-289.358
-801.591
852.157
-539.939
-641.984
1285.01
-1820.26
1033.77
-129.388
-924.721
1056.52
-985.082
48.3115
858.058
-1361.66
905.946
-382.096
-132.009
292.499
-200.376
-391.763
885.256
-656.388
92.692
401.161
-836.493
944.263
-352.711
-393.649
923.774
-743.594
319.295
419.735
-821.591
747.372
-223.711
-88.3371
378.906
-281.938
13.6507
480.373
-487.131
292.973
182.259
-531.874
726.141
-370.613
42.5296
525.628
-713.058
643.285
-278.849
-46.0963
446.021
-409.028
217.719
225.071
-435.521
507.908
-120.922
-139.476
258.207
-84.9774
-120.35
510.027
-468.922
310.005
30.5049
-174.875
191.853
-0.292336
-82.152
283.529
-301.712
330.636
-117.616
34.7305
20.9311
95.7272
-99.9834
161.405
-17.3243
-27.3179
109.092
-17.0447
41.0718
42.784
-109.626
214.076
-58.6552
-24.0736
109.448
17.5428
-6.46196
78.0346
-64.6603
74.5534
56.1941
7.16591
-9.01571
41.6105
10.407
78.0348
-40.7549
50.2279
46.3498
-39.3612
52.0827
37.4214
49.1341
-18.3721
51.4889
-13.1983
41.245
49.5823
-37.2724
81.2572
-17.3937
-48.3634
201.824
-102.5
-35.5282
178.808
-94.8237
1.13852
162.165
-151.483
122.702
28.1154
-55.7709
127.162
-89.0751
26.3651
124.999
-106.644
69.7057
41.0936
-59.2585
124.765
-67.6754
45.9236
52.3249
-51.0765
75.7898
12.2909
-58.2933
149.675
-79.0016
9.54605
115.543
-121.098
100.151
33.8969
-90.9295
140.899
-39.6174
-14.1338
102.465
-58.0448
14.3286
101.596
-94.5909
58.3721
50.6055
-27.049
43.3228
-24.6399
29.3966
73.7051
-96.6712
85.8802
15.5653
-37.1735
86.7832
-18.4437
-11.0532
59.593
-40.655
65.8948
1.3658
-31.4663
47.9307
28.7633
-35.8614
68.8402
-36.7343
23.1928
39.153
-40.4152
65.5678
-8.95453
-10.6051
51.9484
-4.41193
6.13743
5.60155
11.9716
23.5983
-12.2022
21.6126
19.3739
-10.7503
23.2503
8.9071
8.77846
10.5156
-1.14474
17.044
29.6372
-24.3391
42.1882
-8.04023
-7.91535
55.2992
-37.3722
17.8225
36.9801
-30.4695
38.8405
1.91861
2.56871
16.3653
10.2456
-3.16331
32.0103
-8.57489
15.1841
12.5877
5.64417
10.5054
14.4145
-5.28371
19.7061
-3.28194
31.0619
-11.8872
17.0212
20.1996
-0.617949
7.71104
24.0014
-7.4329
25.2478
-9.97057
27.6918
1.44004
14.2749
-5.97058
30.2523
-5.00832
11.8205
10.5954
4.39001
12.109
18.9277
2.78564
7.5834
7.13881
24.3367
-7.14537
10.3515
14.9689
5.26626
12.1947
6.77444
-1.23515
31.7725
-8.96924
3.66555
30.4755
-4.41855
-3.08539
43.2721
-17.8523
13.8429
21.3015
-4.83714
12.9446
6.46235
7.36871
20.3069
-14.0481
29.9293
3.06605
1.52507
14.4291
10.3267
2.67157
18.9535
-8.95436
29.4841
-0.671356
-1.49998
26.7432
-3.73342
-0.00358522
24.3579
-9.01275
18.0033
4.80073
4.6229
16.1631
-4.41493
17.2604
12.0389
-17.4082
34.729
0.485123
-6.80978
22.8048
4.34006
-8.65372
29.8948
-11.5507
9.37872
11.6281
-0.0236511
10.9289
11.4937
-5.745
19.9466
-0.359104
4.21643
11.5351
9.71924
-9.66663
22.8462
-2.80128
6.47633
6.61816
7.39867
-1.3422
14.3947
-0.252556
5.63464
6.62906
13.7155
-6.40284
13.4912
6.22981
0.0320913
5.897
9.2417
-0.326738
7.90526
1.57951
10.3246
-0.392174
6.17781
4.80362
7.52642
-5.01839
19.4553
-5.04986
6.86674
7.13819
3.37888
5.3278
3.3313
0.995799
10.7783
-3.54107
9.65609
2.32007
6.02846
3.00716
5.42007
2.19383
10.6563
-5.67585
13.3086
4.60796
-1.99346
8.02245
12.1139
-11.6954
17.9329
-2.1369
1.37447
10.0935
1.20282
-0.0761126
18.7942
-8.07315
4.99811
12.1385
0.603034
-3.82418
20.4361
-9.2315
10.6992
1.15204
8.49649
-1.88737
8.04056
0.270213
6.95561
0.431471
9.84074
-2.83741
13.4964
-3.43865
7.76268
5.36283
2.45224
-0.298498
12.8337
-3.86177
8.93034
1.35187
4.93909
1.9533
7.8057
-3.8623
13.5184
-4.71386
11.5329
0.196126
6.73539
2.35068
5.40404
4.04688
4.72432
-3.31102
14.91
-5.845
6.77281
7.15373
0.480483
-0.907358
14.7979
-8.04402
10.4728
2.73235
4.62129
1.44235
8.2867
-0.609653
9.02692
-3.36885
11.2421
-3.78675
5.85051
5.73044
0.678218
3.26045
8.29837
-2.38099
10.2105
-2.11611
7.03508
4.51938
2.99491
1.02927
12.8126
-7.84154
12.8165
2.41753
0.86564
2.03188
10.3405
-5.01709
10.8433
0.236671
7.696
-0.0099135
7.47867
2.64873
6.43648
-2.12847
11.9557
-1.91927
7.85326
1.09911
7.84338
-1.62362
9.02964
-1.48809
8.97925
-1.73964
9.00919
0.281902
8.0279
1.2478
5.82102
1.41141
8.78648
-4.15274
9.9382
2.3446
2.02821
4.26225
6.87036
-3.14057
10.7538
-3.39676
9.02256
0.474009
5.41718
1.15906
8.90569
-2.06425
9.96001
-2.70181
7.21143
1.15858
4.33201
2.46144
5.13284
0.554813
8.67017
-3.96062
10.0717
-0.116983
2.51124
6.43825
3.01331
-1.36236
13.1398
-5.53357
8.78147
1.69552
1.982
2.56692
6.53521
-3.05302
10.3189
-3.16575
7.8777
2.89532
0.438551
5.77733
4.32087
-3.91094
14.5497
-6.85641
7.28687
4.93347
0.216359
1.40177
9.69095
-7.65647
11.8126
-2.55723
4.1409
3.75041
4.52939
-2.0223
10.2014
-4.65049
8.89277
-1.13282
4.28989
1.4642
4.38808
0.142801
6.29253
-3.40154
8.76992
-3.72669
6.83842
-1.03032
5.77061
-0.973511
7.55205
-2.33084
7.81022
-3.42562
7.65977
-1.19152
4.15539
0.478498
5.90728
-2.89723
8.43275
-3.76222
8.54312
-2.92593
4.8104
2.60869
2.67101
-0.751053
11.1886
-7.9628
11.1549
-0.639729
0.674496
3.64175
5.59224
-5.99338
12.2829
-4.39042
5.234
2.52721
1.71755
2.11719
5.80842
-4.97866
11.774
-4.10666
5.64099
2.13265
3.6294
-1.12244
7.19106
-3.54113
8.96809
-5.17038
8.10438
0.524355
2.13617
1.92632
7.18345
-6.30748
12.0115
-4.06703
3.79868
4.57731
1.50375
-1.00773
10.4936
-7.21532
8.74487
-0.380689
2.62143
2.02645
4.73477
-3.29109
10.3941
-4.40358
6.96338
0.279593
3.58489
0.233371
5.66133
-1.35709
6.7263
-3.29262
8.39385
-2.25154
4.38588
1.27795
4.05272
-2.48285
9.60517
-4.23807
7.73346
-1.10909
5.08233
0.34774
5.12927
-2.13751
7.99987
-3.8758
8.06538
-1.47079
4.95664
0.461419
4.8573
-1.04045
7.2371
-2.9069
7.78613
-0.983863
5.59656
0.551125
5.0826
-0.630589
7.00535
-2.92492
8.06588
-1.98277
5.70794
1.03091
3.95713
1.0333
6.53874
-3.43225
9.5441
-2.63004
5.45666
2.24376
3.58353
-0.792792
9.16647
-4.78157
7.87663
-0.283048
3.67002
0.219024
6.5201
-2.22925
7.8436
-2.85479
7.45393
-0.685579
4.50988
0.660728
4.98297
-0.732541
6.69142
-1.95081
6.70241
-1.67655
5.96045
-0.175623
4.76453
-1.33959
7.97227
-3.04731
7.60839
-0.91334
5.56757
-0.338236
5.72366
-0.879771
6.81239
-2.67621
7.95841
-2.29879
6.1436
0.0421799
4.60665
-1.03928
7.14639
-2.94866
8.0183
-2.11669
5.87004
0.17586
5.55424
-2.4216
8.18018
-3.65772
6.98032
-1.2291
4.39026
0.0268836
4.93632
-1.75974
6.644
-2.44776
5.51897
-0.943329
5.41971
-1.57212
5.79824
-1.89266
6.39585
-3.19841
7.13049
-3.11064
4.95684
-0.499375
4.51724
-2.984
8.23697
-4.81215
6.56411
-0.843545
3.30205
-0.498737
5.57833
-3.46624
7.13255
-2.5866
4.75023
-0.834532
4.13708
-1.78194
5.88945
-4.26327
7.96758
-3.61977
5.08301
-0.318814
3.56028
-1.55177
6.36355
-3.81556
6.47466
-1.91693
3.89453
-0.507494
4.70764
-3.09617
6.66272
-2.99991
4.6121
-0.97981
4.88074
-2.52123
6.41586
-2.67201
5.99049
-2.93654
6.96121
-4.18366
6.79473
-1.63987
4.07138
-1.11767
5.32524
-2.36745
5.82181
-1.87737
4.63543
-0.735289
4.94207
-1.65486
6.02506
-2.41603
6.63341
-3.0008
5.73393
-0.711013
3.84387
-0.894665
6.0932
-3.78912
7.90242
-3.14397
5.49224
-0.993376
4.85479
-1.01978
5.30237
-1.84637
6.72568
-2.46596
5.37451
-0.340369
4.00024
-1.33146
7.17521
-4.78025
8.94515
-3.50451
5.55684
0.0812141
3.86799
-1.13408
7.50976
-4.10198
7.47454
-0.798104
3.74844
-0.104501
6.0831
-2.93517
6.60066
-1.65071
4.92206
-0.397278
5.22517
-1.45199
6.02356
-2.13752
7.23962
-3.64187
7.84898
-2.63263
6.03884
-1.49017
5.96948
-2.1287
6.37428
-1.99657
4.89001
-0.604408
4.88531
-1.4712
6.21137
-2.33954
6.27076
-1.8989
5.26974
-1.09249
5.32709
-1.97453
5.92357
-2.14156
6.01268
-2.62208
6.38736
-2.73596
5.6922
-1.84775
5.11576
-1.37602
5.27241
-1.65612
5.0906
-1.09416
4.29432
-0.731633
4.23922
-1.97719
7.19949
-4.51397
6.98032
-1.89328
3.9699
-0.637738
5.49812
-4.0687
8.20407
-3.58036
5.12504
0.0365579
3.53372
-1.36381
6.25999
-3.9097
6.54428
-1.53822
3.41901
0.297097
3.64245
-1.35545
6.2277
-4.04248
7.1335
-2.66818
4.89602
-0.987319
4.71514
-2.2402
6.89645
-4.27936
6.74893
-2.30265
3.55303
-0.0581924
3.88751
-2.20502
6.58052
-3.88941
6.14665
-1.63652
3.45903
-1.03536
5.15046
-3.43856
6.88555
-3.99171
6.0523
-2.49076
4.84329
-3.05681
5.65948
-2.93263
5.03057
-2.28458
4.99203
-2.54796
4.9797
-1.56778
3.16206
-0.889132
4.38331
-2.95824
6.07998
-3.52689
5.30229
-1.78553
3.84399
-2.33027
5.79511
-4.178
6.60364
-3.41282
5.15318
-1.81381
4.48003
-2.4456
5.20072
-2.54142
4.4242
-2.19176
4.66431
-2.20995
4.39436
-1.69479
4.01869
-2.64471
5.91631
-4.22041
5.96241
-2.63943
4.15967
-1.96064
5.31067
-4.09615
6.35791
-3.58714
4.24961
-1.5056
3.58869
-2.20039
5.19918
-3.42563
5.2971
-2.20957
3.36142
-1.35905
4.26756
-3.19651
6.07522
-3.83731
6.23761
-3.78751
4.98652
-2.10875
4.26322
-3.11027
6.28351
-4.42884
6.00067
-1.76965
3.16628
-0.990743
4.76795
-3.76076
6.23157
-3.20311
4.96774
-1.435
3.6233
-1.4712
5.01904
-3.79312
6.89001
-4.20848
5.58658
-1.82886
4.60868
-2.36116
6.02326
-3.5535
5.91456
-2.42353
4.1247
-1.19422
4.21969
-1.74995
5.08543
-2.42905
5.4644
-3.16636
5.98925
-2.74715
4.53471
-0.951614
4.31238
-2.39795
7.13011
-4.79074
6.73863
-1.8703
3.04776
-0.44682
4.75282
-3.4337
7.00666
-3.02314
4.22415
-0.0963154
2.57954
-0.921768
5.01284
-3.20032
6.54537
-3.41099
5.46484
-1.85337
4.15747
-1.84643
4.76687
-3.53486
6.42501
-3.48914
4.91838
-1.56159
3.81631
-1.94551
5.15104
-3.72063
5.66948
-2.61474
4.1137
-1.26415
3.85979
-2.09837
4.91536
-3.47065
5.89846
-3.84166
5.31043
-2.59051
4.70787
-2.48262
5.34258
-3.42305
5.4817
-3.03293
4.5015
-2.03879
3.96047
-1.77803
4.5175
-2.88093
5.22416
-3.26866
4.82677
-2.70829
4.15346
-2.15601
4.52786
-3.08148
5.67216
-3.82163
5.3547
-3.41134
4.24076
-2.40393
4.34344
-3.44892
5.58086
-3.48893
4.1579
-2.28015
3.66392
-2.79987
4.2887
-3.03892
4.47587
-2.974
4.7491
-3.35039
4.4213
-3.04691
4.25629
-3.6793
5.25985
-3.93438
4.81836
-2.49261
3.32213
-2.31506
4.40053
-4.12862
5.30478
-3.10757
3.39266
-1.47626
3.81609
-3.58177
5.7919
-4.27925
4.49135
-2.39328
3.51792
-2.69807
5.03209
-3.75974
5.33443
-3.46991
4.59757
-3.21116
4.5164
-2.8943
4.18486
-2.71345
4.50773
-2.91704
4.34776
-2.83451
3.93697
-2.84779
4.38014
-3.16784
4.77065
-3.34548
4.91681
-3.22748
4.49678
-3.11081
4.02662
-2.68691
4.32427
-3.52328
5.43892
-4.01139
4.78528
-2.56936
3.4358
-2.66602
4.42412
-3.68874
4.95116
-2.96509
4.1134
-2.61269
4.21752
-3.29087
4.46914
-3.5869
5.16624
-4.11311
4.91922
-2.5925
3.2466
-1.97752
3.84705
-3.73123
5.3958
-3.96075
4.28785
-2.11502
3.63179
-2.82345
4.88929
-3.96537
4.694
-2.90277
3.73354
-2.59124
4.16011
-2.88408
4.9303
-3.73935
5.01205
-3.49618
4.44344
-2.80045
3.96512
-2.42489
4.38641
-3.35116
5.1983
-3.34483
3.99769
-2.45872
3.99064
-3.17258
5.23869
-3.66743
4.98765
-2.67859
3.66633
-2.25034
4.11142
-3.16198
4.83933
-3.37104
5.00407
-3.1551
4.72106
-3.01071
4.3494
-2.99891
4.53317
-3.37171
5.2611
-3.36356
4.60486
-2.49242
4.28801
-3.20536
5.30285
-4.03693
4.99713
-2.75186
4.02078
-2.17388
4.34173
-3.3415
5.17841
-3.47081
4.42709
-2.69304
4.31093
-3.02864
5.19943
-3.59483
5.19577
-3.42565
4.40568
-2.50388
3.47496
-2.18119
4.55466
-3.8376
5.8422
-3.74268
4.32891
-2.09081
3.05881
-2.16107
4.69058
-4.40308
6.30207
-3.88507
3.96034
-1.61499
2.91005
-3.03698
5.65757
-5.25012
6.07181
-3.37447
3.09661
-0.885693
2.5706
-2.96913
5.35172
-4.86681
4.83842
-2.3636
2.65178
-1.86486
3.94471
-4.18035
5.43875
-4.27676
3.9785
-2.76357
3.49154
-2.99912
4.29895
-3.69548
4.58926
-3.98973
4.42565
-3.6971
3.60231
-2.58226
3.08779
-2.89727
4.26621
-4.09891
4.34643
-3.51548
3.43373
-3.05946
3.94907
-3.87418
4.72815
-3.97184
4.32968
-3.50491
3.84991
-3.47239
3.64455
-2.96085
3.55342
-3.23042
4.43724
-3.91803
4.17809
-2.94123
2.8748
-2.42838
3.59706
-3.57189
4.76751
-4.08534
4.53371
-3.33111
3.66003
-3.4557
4.35277
-4.27554
5.02615
-4.07385
4.09356
-2.7515
3.02289
-2.68904
3.69465
-3.89084
4.47761
-3.67443
3.8019
-2.64876
3.12863
-2.96061
4.12112
-4.25026
4.68747
-3.94781
3.80836
-2.74239
3.4412
-3.09262
4.5846
-4.63199
5.13177
-3.76456
3.26789
-1.86571
2.72109
-2.72724
4.77268
-4.54289
5.03758
-3.24917
3.08535
-2.2503
3.70759
-3.82792
5.69259
-4.69112
5.22373
-3.36183
3.56709
-2.70758
3.9714
-3.60118
4.962
-4.01552
4.70494
-2.92686
3.26094
-1.92668
2.86772
-2.8022
4.70264
-4.3542
5.16768
-3.22972
3.32578
-2.08387
3.53895
-3.99047
5.75183
-5.18996
5.20811
-3.15705
3.26519
-2.18134
3.63824
-3.79281
5.39334
-4.90807
5.00951
-2.92385
2.65428
-1.45231
3.16065
-3.68655
5.75313
-5.32359
5.21669
-3.2233
3.0164
-2.02887
3.91023
-4.34037
6.17477
-5.0855
4.72765
-2.60011
2.46988
-1.75598
3.42289
-3.57723
5.29857
-4.38198
4.44018
-2.73235
2.67469
-1.94308
3.42954
-3.80968
5.55723
-4.6333
4.98386
-3.42943
3.75565
-3.04866
4.09033
-3.81314
5.01715
-4.25816
4.95387
-3.44377
3.52011
-2.05144
2.83969
-2.80061
4.56017
-4.29989
5.17217
-3.40109
3.43482
-2.03815
3.32878
-3.45799
4.92802
-4.46729
4.95761
-3.43333
3.75285
-2.74077
3.76756
-3.40564
4.34393
-3.87263
4.46962
-3.5475
3.5846
-2.29062
2.86103
-2.87168
4.40216
-4.75044
5.04579
-3.87728
3.39375
-2.88882
3.88159
-4.18125
5.07456
-4.73952
4.49365
-3.40182
3.03654
-2.9276
3.78893
-3.96027
4.35057
-3.78966
3.56057
-2.89583
2.80497
-2.97385
3.73717
-3.95286
4.30307
-3.76211
3.78522
-3.25594
3.55576
-3.81032
4.39456
-4.34093
4.40808
-3.84587
3.6712
-3.12432
3.52116
-3.65694
3.91884
-3.68147
3.73245
-3.54179
3.63696
-3.21268
3.43283
-3.50227
4.05957
-4.4267
4.3878
-3.99786
3.59588
-3.50752
3.71225
-3.85179
3.96343
-4.06503
3.87934
-3.66147
3.2367
-3.25143
3.22766
-3.3297
3.47067
-3.60125
3.60786
-3.85918
3.6801
-3.54747
3.16086
-3.38223
3.74868
-4.22858
4.64936
-4.56455
4.04694
-3.58898
3.35295
-3.40912
3.74867
-3.90787
4.14579
-3.83401
3.6355
-3.31883
3.32019
-3.21394
3.46768
-3.60105
4.20072
-4.03793
4.22734
-3.46214
3.34028
-3.01004
3.81749
-4.06142
4.61811
-3.90708
4.00709
-3.25566
3.53367
-3.10713
3.83357
-3.59247
3.96562
-3.26421
3.76083
-3.09948
3.85664
-3.44446
4.19041
-3.62689
4.33615
-4.01013
4.54648
-3.74356
4.03283
-3.32659
3.97068
-3.56616
4.20311
-3.7111
4.08844
-3.52743
4.01067
-3.33966
3.82811
-3.315
3.85197
-3.43399
3.97217
-3.64024
3.86121
-3.28723
3.69636
-3.42752
4.13059
-3.91851
4.41745
-3.91504
4.09501
-3.59742
4.02068
-3.51876
3.74568
-3.14134
3.62138
-3.46169
4.04489
-4.0192
4.36388
-3.78422
3.8625
-3.45616
3.88972
-3.60521
4.16358
-4.10172
4.44806
-3.9642
3.83231
-2.9319
2.96314
-3.06154
4.23987
-4.74689
5.00796
-4.15359
3.22946
-2.12602
2.33792
-2.91054
4.36969
-4.91965
5.09635
-3.99843
3.02883
-2.40327
3.10219
-4.00534
4.98826
-4.86887
4.51
-3.52614
2.92378
-2.70208
3.14231
-3.59252
4.37678
-4.5646
4.65361
-3.92166
3.40044
-2.76373
2.97289
-3.51832
4.35737
-4.62187
4.45147
-3.62004
3.1642
-2.85789
3.21405
-3.84988
4.55237
-4.54586
4.15214
-3.30273
2.81404
-2.54959
2.99009
-3.59621
4.05269
-4.36574
4.31871
-4.11081
3.57028
-3.19423
3.25336
-3.78525
4.1957
-4.41612
4.1603
-3.81308
3.33997
-3.16053
3.30853
-3.76986
4.04479
-4.28838
4.06908
-3.93428
3.35396
-2.9719
2.75003
-3.21785
3.91372
-4.57431
4.56619
-4.16813
3.32455
-2.97663
3.03267
-3.88204
4.54226
-4.86044
4.00727
-3.35907
2.40323
-2.71091
3.11747
-4.37884
4.65319
-4.89203
4.02914
-3.528
2.62818
-3.04503
3.21163
-4.5185
4.82058
-5.28204
4.18683
-3.62547
2.52771
-3.1547
3.52835
-4.92149
4.8783
-4.80824
3.38637
-2.66538
1.98973
-2.77708
3.44576
-4.74172
4.76838
-4.69122
3.60405
-3.23574
2.77272
-3.19868
3.54398
-4.44811
4.56026
-4.57792
3.88213
-3.36879
2.86797
-3.04224
3.51901
-4.27163
4.49902
-4.39468
3.62188
-3.05849
2.582
-2.87947
3.42837
-4.14739
4.57753
-4.84192
4.49668
-3.8775
3.1538
-2.84751
3.06732
-3.78971
4.61079
-4.9311
4.33336
-3.38959
2.42652
-2.13757
2.6527
-3.76317
4.72024
-4.78653
4.2712
-3.11131
2.38567
-2.11346
3.0879
-4.13171
5.35182
-5.2556
4.98111
-3.78913
3.14523
-2.43687
3.12211
-3.66394
4.82963
-4.62634
4.56533
-3.11061
2.87197
-2.15589
3.12867
-3.48554
4.85371
-4.71446
4.78772
-3.41797
3.17463
-2.4044
3.10931
-3.50077
4.97963
-5.10545
5.23691
-3.82124
3.23531
-2.14607
2.91729
-3.46741
4.79076
-4.54519
4.23358
-2.97578
2.59897
-2.2948
3.31885
-3.98562
4.9764
-4.79869
4.54189
-3.58996
3.41381
-3.16324
3.7846
-4.05621
4.7486
-4.70738
4.52777
-3.63289
2.91898
-2.63629
3.02794
-3.83267
4.47996
-4.42147
3.68384
-2.86281
2.403
-2.82378
3.58098
-4.66175
5.07345
-4.84991
3.65483
-2.90397
2.56326
-3.34917
3.85012
-4.89687
4.72299
-4.44233
3.22608
-2.66094
2.21303
-3.03315
3.8486
-4.96656
4.58062
-4.0206
2.65487
-2.31733
2.37285
-3.8306
4.78667
-5.69155
4.99449
-4.37879
3.01058
-2.80896
2.77758
-3.82002
4.46505
-4.86291
4.0801
-3.43808
2.30458
-2.38635
2.7239
-3.98775
4.42184
-4.78165
4.03318
-3.5225
2.63279
-3.0519
3.40305
-4.44413
4.68009
-4.93902
4.3625
-3.95429
3.28637
-3.64035
3.58038
-4.26914
4.0042
-4.18547
3.50112
-3.48559
2.92549
-3.2915
3.21138
-3.99165
4.03842
-4.55961
4.16678
-4.05477
3.49474
-3.64026
3.53052
-4.08227
3.90204
-4.30793
4.03053
-4.1716
3.63736
-3.45812
3.20637
-3.44197
3.54678
-3.88752
3.79922
-3.67407
3.2799
-3.06423
3.13929
-3.57179
4.10276
-4.5555
4.50915
-4.37171
3.84724
-3.58428
3.68009
-3.86602
4.09085
-3.96396
3.80917
-3.48963
3.28497
-3.22493
3.40904
-3.54212
3.72339
-3.66538
3.66714
-3.52209
3.35688
-3.35505
3.41252
-3.6246
4.00237
-4.05442
4.11784
-3.8101
3.66906
-3.60545
3.80475
-4.07881
4.09755
-3.89087
3.58922
-3.32248
3.13692
-3.16075
3.35882
-3.86466
4.10789
-4.06654
3.73701
-3.36197
3.49573
-3.77021
4.2757
-4.45004
4.3488
-4.01658
3.69312
-3.42781
3.48106
-3.51666
3.92426
-3.94889
4.18138
-3.84044
3.68051
-3.03119
3.00827
-2.71775
3.53459
-3.90641
4.8089
-4.41796
3.99493
-2.98179
3.01157
-3.09067
4.37122
-4.95963
5.64063
-4.53049
3.73379
-2.2996
2.4196
-2.80694
4.37962
-4.72219
5.02681
-3.90274
3.33676
-2.39241
2.63038
-2.94174
4.05616
-4.57192
5.07084
-4.12263
3.40083
-2.28213
2.61447
-3.18926
4.6476
-5.17285
5.18592
-4.03571
3.01143
-2.02115
2.34091
-3.07863
4.21477
-4.70119
4.52454
-3.53953
2.79483
-2.34884
3.04014
-3.92634
4.98605
-5.09537
4.58052
-3.58579
2.79894
-2.65046
3.0677
-3.82891
4.64979
-4.92339
4.44331
-3.59496
2.84102
-2.7586
3.12506
-3.78251
4.19005
-4.16348
3.71516
-3.27893
2.78703
-2.99818
3.20109
-4.10736
4.46719
-4.8507
4.39326
-3.91035
3.13443
-3.05999
3.08046
-3.85287
4.10694
-4.46269
4.07996
-3.69562
3.06648
-3.31596
3.4755
-4.222
4.24026
-4.58291
4.02508
-3.69436
3.00223
-3.06137
3.33961
-4.07384
4.39462
-4.92103
4.43485
-3.98548
3.08242
-2.94709
3.02874
-4.04409
4.28275
-4.51002
3.60881
-3.25536
2.51337
-3.0242
3.53608
-4.39388
4.48666
-4.54816
3.84131
-3.56653
2.9609
-3.32438
3.36286
-3.9795
4.19567
-4.56506
4.20579
-3.93623
3.2699
-3.21106
3.40896
-4.04697
4.54661
-4.2831
3.71176
-2.88889
2.79128
-3.0382
3.65717
-4.00366
4.33692
-4.16393
4.24347
-3.59862
3.48546
-3.1099
3.59246
-3.59029
4.13178
-3.87103
4.19957
-3.5704
3.63696
-3.02055
3.52621
-3.6633
4.4111
-4.41008
4.52113
-3.65283
3.47774
-2.77707
3.20804
-3.35222
4.43571
-4.58309
4.8878
-4.0962
3.84018
-3.02214
3.40961
-3.56611
4.46867
-4.4855
4.57828
-3.75957
3.30817
-2.61841
3.2568
-3.49374
4.50816
-4.30587
4.55143
-3.72782
3.61865
-2.84484
3.1523
-3.09312
4.27164
-4.46438
5.0147
-4.0678
3.72374
-2.85232
3.44072
-3.6407
4.80248
-4.51068
4.80179
-3.48397
3.28423
-2.68345
3.55397
-3.76409
4.56652
-4.22774
4.42543
-3.68216
3.72622
-3.06207
3.43928
-3.36564
4.01209
-3.85974
4.25675
-3.65449
3.80434
-3.16722
3.5697
-3.53522
4.1223
-4.07102
4.19695
-3.50883
3.26357
-2.75993
3.28993
-3.38023
4.03446
-3.84973
4.12118
-3.69738
3.83153
-3.40045
3.85432
-3.68905
4.16259
-3.97897
4.01619
-3.43895
3.3263
-3.16718
3.78632
-3.98471
4.5391
-4.05669
3.77362
-2.96141
3.11576
-3.14467
3.77591
-3.80598
4.04044
-3.49496
3.4155
-3.09735
3.43007
-3.68953
4.24748
-4.17641
4.15049
-3.52579
3.52752
-3.14111
3.5973
-3.69024
4.2329
-4.02919
3.91092
-3.39484
3.47739
-3.41799
3.8809
-3.84725
3.98812
-3.70595
3.52915
-3.10877
3.35191
-3.68302
4.4189
-4.36648
4.34787
-3.80482
3.49836
-3.29902
3.4272
-3.62973
3.77506
-3.80497
3.79407
-3.51936
3.26541
-3.20219
3.41077
-3.89254
4.22775
-4.16069
3.78605
-3.30564
3.1808
-3.43506
3.70299
-4.14952
4.2547
-4.28172
3.81203
-3.72535
3.78038
-3.96681
4.11046
-4.15885
3.84445
-3.44442
3.20021
-3.27753
3.49786
-3.65085
3.85882
-3.99234
3.97193
-3.85237
3.7159
-3.62711
3.57378
-3.58666
3.94729
-3.91254
4.10163
-3.79788
3.77924
-3.42297
3.67701
-3.81799
4.20132
-3.94682
3.92806
-3.42013
3.50016
-3.37129
3.71947
-3.59172
4.00463
-3.87805
4.37694
-4.01405
4.35402
-3.82396
4.14064
-3.66963
3.97895
-3.74901
4.20347
-3.80153
4.07578
-3.44358
3.68251
-3.2545
3.90533
-3.63965
4.17024
-3.56624
3.86345
-3.0837
3.52321
-3.02027
3.8044
-3.6208
4.2888
-3.95341
4.40251
-3.76568
3.99493
-3.2962
3.94225
-3.54522
4.30679
-3.74766
4.16971
-3.30088
3.67437
-2.87794
3.53082
-3.05958
4.18268
-3.98607
4.7087
-3.79541
3.8808
-2.73867
3.32246
-2.96412
4.49657
-4.18348
4.99069
-3.74553
3.76993
-2.43533
3.15813
-2.871
4.27109
-3.99687
4.80389
-3.57813
3.42531
-2.24496
2.80875
-2.76677
4.36515
-4.33747
5.01148
-3.77176
3.60079
-2.47141
3.05233
-3.36738
4.80491
-4.91601
5.0031
-3.62486
3.05156
-2.2082
2.86542
-3.46931
4.66813
-4.62495
4.45672
-3.1529
2.82692
-2.23729
3.03807
-3.68013
4.85967
-4.85591
4.54341
-3.3728
2.84958
-2.33792
3.18287
-3.88118
5.06942
-4.82976
4.40847
-3.07281
2.79115
-2.42254
3.3526
-3.64625
4.65019
-4.49907
4.36398
-3.31436
3.02303
-2.77524
3.62506
-4.04596
4.85516
-4.47331
4.47617
-3.60153
3.4413
-3.02561
3.58161
-3.81761
4.53244
-4.3688
4.33788
-3.62964
3.35935
-3.01771
3.18875
-3.40624
4.07786
-4.22899
4.33532
-3.60454
3.35335
-2.9598
3.43764
-3.83603
4.56348
-4.67507
4.61554
-3.81404
3.36142
-2.8564
3.27264
-3.77401
4.466
-4.39788
4.33406
-3.60987
3.48927