
0
-528.194
673.697
-276.63
-466.672
1179.44
-1472.66
1235.58
-617.999
53.1331
186.72
-32.947
-226.701
287.428
121.524
-768.024
1399.04
-1670.79
1367.7
-530.314
-130.508
400.096
-175.576
-383.504
973.719
-983.607
537.83
198.007
-691.105
825.352
-311.655
-327.493
686.634
-255.052
-470.037
1293.62
-1560.05
1270.79
-135.926
-923.935
1584.19
-1153.33
266.994
837.723
-1307.24
1296.67
-240.544
-592.286
1194.39
-771.851
51.0582
1026.67
-1135
955.574
213.658
-825.571
1254.44
-506.456
-282.359
1561.86
-1529.73
1290.69
-136.345
-404.01
1290.38
-724.338
138.433
907.891
-782.107
903.767
-210.032
54.6006
437.215
369.149
-773.433
1247.78
-868.873
762.14
240.208
-557.039
768.683
79.915
-538.208
1164.34
-951.844
612.379
224.257
-272.569
365.562
85.2629
-276.116
679.98
-339.434
47.6474
430.166
-363.668
283.601
382.081
-646.436
942.464
-704.542
354.776
198.563
-316.253
469.133
-91.6957
-211.148
614.181
-532.705
392.756
91.4089
-220.642
168.282
204.636
-327.603
545.645
-280.176
-2.27606
297.672
-235.893
115.331
202.714
-222.695
329.377
-190.44
126.954
115.746
-136.565
133.935
44.9024
-11.0757
50.0298
104.073
-97.3112
120.193
33.4827
-32.4306
108.058
-95.2679
151.227
49.4818
-99.4473
126.599
49.6757
-51.4213
83.1789
-27.3071
37.3138
81.8547
-5.80527
-17.9403
54.9083
17.4848
55.2245
-6.16918
1.26471
78.0955
-33.9706
32.3186
65.1423
10.1682
5.86388
-1.30574
48.9428
-22.705
90.3528
-56.7159
53.921
25.1704
-50.6889
122.393
21.5243
-156.66
214.718
-49.1945
-63.5468
151.175
-52.7006
-43.752
177.324
-161.996
138.571
-52.192
-13.6318
110.292
-29.7571
-59.6663
158.044
-128.037
124.674
-35.7806
-3.31453
62.5369
-21.9162
-5.10977
92.0832
-109.988
126.784
-21.9293
-59.7673
116.685
-49.0181
-29.6721
150.321
-152.924
122.94
4.41619
-53.5659
70.8403
12.274
-77.832
141.586
-90.1861
16.7223
69.2123
-25.2895
-12.0134
41.691
-44.7324
109.158
-98.0981
42.3
55.5871
-49.2243
34.6866
41.6845
-82.038
91.612
-47.3285
38.1766
10.7824
-27.9476
11.7883
64.8182
-66.0645
54.1334
-10.099
-11.887
47.8185
-23.3996
8.7568
47.7713
-65.1147
71.8636
-21.6097
6.46179
-8.70473
26.8043
-3.68394
17.4719
-21.3027
52.7223
-40.5672
37.853
-9.58973
23.1752
-16.4924
28.3194
-19.1235
53.418
-43.6625
35.6168
-2.02277
-7.5889
24.6253
13.7635
-44.4129
83.9356
-56.3691
41.788
-3.17038
10.7209
-8.13709
35.6514
-30.2152
44.9829
-21.1645
20.1874
-3.7502
22.8419
-18.7385
36.511
-29.4071
36.8864
-18.5749
36.6623
-18.2582
17.9215
4.81821
16.9555
-23.3562
44.0886
-29.1686
32.0624
-18.8958
27.2944
-7.45094
16.2771
-15.4401
29.1406
-8.25555
8.41152
1.61011
14.8872
-8.49912
29.5712
-17.8008
17.5467
-12.0848
30.9635
-19.7251
12.8817
0.952615
17.4167
-14.5532
25.5077
-23.8022
37.2409
-16.8067
5.52155
8.59916
19.4
-34.831
51.0545
-23.2806
3.54583
11.2224
5.94231
-16.4926
28.9842
-22.2932
34.5006
-29.5287
27.368
-3.86302
2.91584
-5.66675
24.2078
-22.0199
27.1291
-21.6898
23.1271
-5.51887
-3.1574
4.00499
16.1493
-30.5588
37.267
-21.7048
15.7802
-3.94453
7.53095
-4.79546
13.2747
-17.1508
32.7879
-38.3498
33.2673
-5.26755
-5.5094
-2.03021
25.2103
-35.1624
35.3266
-17.8473
6.0127
1.09739
10.7006
-14.0006
25.9062
-25.7972
24.0964
-12.4267
9.29734
-8.8713
21.5283
-27.5272
25.2321
-10.6566
6.86261
-7.13928
15.7713
-17.2782
20.1029
-12.4845
11.8036
-9.50745
20.4681
-19.7901
14.6694
-5.47238
7.06067
-12.839
20.7899
-17.8195
16.7862
-13.5919
18.127
-14.8348
14.6835
-11.6117
18.6324
-19.6592
23.2351
-12.3174
7.42295
-3.90812
11.4395
-12.9186
16.0777
-16.7675
21.6206
-16.4453
16.4138
-9.53947
14.1204
-12.1825
16.5997
-14.3972
20.5515
-17.573
17.6245
-6.72657
8.05244
-12.0832
25.4604
-25.4169
20.05
-6.91031
5.4541
-4.18108
16.1332
-18.9772
27.1554
-17.6574
8.91289
-2.18673
14.6988
-23.1603
29.0116
-17.5331
11.2201
-6.21946
12.6783
-12.3711
14.0356
-10.1433
14.5742
-11.5482
17.3719
-13.5642
16.9278
-10.9305
10.3005
-5.63721
11.1552
-14.5985
20.7257
-13.8956
12.6613
-8.28447
12.065
-11.1927
17.0623
-15.3618
18.7081
-11.4878
12.6861
-6.63311
9.63822
-7.97963
11.9471
-10.0716
14.2366
-16.1552
20.0702
-12.1578
8.79261
-3.02901
10.3334
-15.7069
22.7704
-15.2154
11.7281
-3.76678
9.43811
-10.1448
15.2777
-12.0102
14.257
-12.1648
13.8303
-9.11019
8.57371
-3.13879
9.68282
-11.187
18.6049
-14.4451
15.8137
-10.3641
11.8306
-6.55813
12.0735
-13.4134
20.3087
-16.1294
13.4919
-4.37106
6.13905
-10.1114
18.6246
-14.33
14.1912
-6.96742
10.9324
-9.15178
12.2898
-8.54495
12.6746
-13.1347
16.1307
-10.193
10.3267
-8.21691
12.0402
-11.4011
12.9053
-9.81877
12.0018
-9.28294
11.4972
-7.62307
10.4844
-8.36414
10.0305
-9.72761
13.174
-12.6066
11.5633
-5.50314
6.6628
-8.70993
14.7591
-15.066
14.9083
-10.6067
10.6263
-7.04473
9.09091
-8.94228
13.2234
-11.5698
11.5467
-9.5321
8.39005
-6.26822
8.30471
-8.08188
11.4666
-11.0735
13.6522
-12.3351
11.4629
-6.54957
5.99653
-5.54553
11.8482
-15.0866
17.8528
-12.9599
8.39708
-5.24012
6.167
-8.92146
13.6082
-13.361
13.5678
-9.48004
8.64327
-5.12743
5.95974
-8.46817
14.2842
-17.1254
18.0868
-12.2668
6.50366
-2.84635
6.32724
-12.3446
16.9045
-16.1326
12.4924
-6.63125
5.64385
-5.30273
10.5136
-13.1191
14.1661
-11.5687
9.3917
-6.96026
6.69072
-7.32579
9.95093
-10.6448
12.125
-12.4657
12.4384
-9.99465
9.41503
-7.50641
9.67491
-8.96389
11.4455
-10.0837
10.452
-9.56985
9.5107
-7.20138
7.69862
-7.79462
11.2532
-11.1199
12.0809
-9.50031
9.92207
-7.37475
7.18793
-4.93641
9.14856
-11.1093
15.7019
-13.0765
9.55834
-3.61983
2.8579
-5.49213
12.4734
-14.1117
13.8311
-7.14155
4.893
-3.11316
6.8319
-8.48959
12.8647
-13.2989
13.8516
-7.9726
5.91529
-4.28421
7.94152
-10.2295
12.0507
-10.4977
11.051
-8.87014
8.35275
-3.95488
5.62119
-7.1435
12.6226
-13.06
12.0844
-6.08684
3.62277
-2.09916
7.54561
-11.398
14.9106
-12.0121
8.24146
-3.46171
4.93535
-5.82996
10.4904
-11.1463
12.8755
-8.4509
6.8377
-4.36552
6.34198
-7.21227
10.1253
-8.99492
10.2116
-9.14805
9.94006
-6.79274
6.4552
-5.48521
9.10079
-10.0487
12.7735
-8.79109
7.99558
-5.2383
6.78298
-6.20963
8.77613
-9.02615
10.7218
-8.39262
8.62569
-5.29983
6.33431
-5.4701
8.37516
-7.99079
10.2961
-8.2692
8.98754
-5.72236
6.98598
-5.94774
8.09739
-8.10186
9.85965
-8.82579
9.06363
-6.37157
6.59642
-4.95699
7.20984
-7.47661
10.3969
-10.4495
10.352
-6.87544
5.63108
-4.36917
7.10426
-9.52969
11.6931
-10.1479
7.36563
-4.72323
5.2864
-6.79802
9.65143
-8.9813
9.08657
-7.67941
7.34933
-5.53212
5.62469
-6.14363
7.96289
-8.33246
9.18156
-8.51256
8.14078
-7.37903
7.4311
-6.64183
7.50314
-8.37807
10.0963
-8.56555
7.75322
-6.04745
6.30362
-6.87029
7.68128
-8.02723
8.54079
-8.821
8.26161
-7.17333
6.12943
-5.91784
6.42092
-8.20814
9.1034
-8.86364
8.00055
-6.91111
5.81121
-6.09349
6.87948
-9.12451
8.50737
-8.18542
5.8462
-5.52005
4.74491
-6.24335
6.96201
-8.47811
7.99596
-7.97386
6.39948
-6.64041
6.91857
-7.92343
7.40447
-8.07213
7.56387
-8.48689
7.24515
-7.22178
5.38283
-5.75793
6.68835
-8.79155
9.08344
-8.07115
5.51252
-4.25249
4.38076
-6.45619
7.98435
-8.77461
7.74383
-6.46148
5.2161
-5.7957
6.36279
-7.72781
8.24287
-8.62569
8.11942
-6.13714
4.72022
-4.29055
5.53818
-7.23197
8.41743
-8.02914
6.80862
-5.36712
5.08218
-5.68279
7.30169
-8.21903
8.14717
-6.61989
5.86107
-5.37152
7.24027
-7.47891
8.187
-6.89714
7.04019
-6.75769
7.39413
-6.7298
6.19766
-4.17286
4.59448
-5.28423
7.03076
-6.57912
6.88479
-5.64214
5.98682
-5.37088
7.05257
-6.84955
7.73684
-6.96319
7.24828
-6.48709
5.98109
-4.7346
5.60704
-6.48187
8.36237
-8.20946
7.97334
-5.73419
5.01988
-4.38357
5.81932
-5.80255
6.87225
-6.67451
7.46354
-6.49893
5.75765
-5.07791
6.05588
-7.28421
9.01861
-8.65363
7.74439
-5.12112
3.94579
-3.32858
4.965
-6.51338
8.38058
-7.63912
6.01353
-3.83334
3.64693
-5.37817
7.22305
-7.71959
6.43674
-5.38354
5.06362
-5.34851
6.36185
-7.07276
7.05595
-7.24431
7.24663
-7.39032
6.30622
-5.43883
4.37999
-5.03121
5.10427
-6.03933
5.32107
-5.60204
4.30112
-5.01366
5.39958
-6.58151
6.42879
-6.77056
5.59894
-5.88204
4.80361
-5.68592
5.46474
-6.80151
5.91736
-6.54061
5.6007
-6.54947
5.48251
-6.02588
4.62231
-5.18451
4.58938
-5.39558
5.08297
-5.95913
4.98732
-5.70441
4.86408
-6.21653
5.8453
-7.59875
7.69924
-8.04201
5.40051
-4.59737
3.48073
-5.33876
6.28866
-8.13504
6.81852
-5.47255
2.97563
-3.3738
3.77262
-6.62411
6.63146
-7.47141
5.09576
-4.32514
2.94518
-4.71003
5.34999
-7.49912
7.32289
-8.28342
6.08116
-5.48314
3.79298
-5.04754
4.97346
-7.02838
6.40555
-7.35084
4.57655
-4.53134
2.54715
-4.4007
5.00894
-7.46524
6.79026
-7.30292
4.70644
-4.76382
3.28408
-5.83871
6.1021
-7.90997
6.28984
-6.66526
4.33726
-5.03662
3.76973
-5.92109
4.83624
-5.44909
4.06559
-5.02481
4.3007
-5.44216
4.25604
-4.84963
3.5413
-5.45074
5.74004
-7.38536
6.23567
-6.44418
4.53901
-4.90729
4.12675
-6.2959
6.22461
-7.02304
5.41707
-5.08874
3.63007
-4.29662
3.90261
-5.6421
4.77955
-5.52449
4.07311
-5.2871
4.67549
-5.55013
4.57808
-5.53539
4.84731
-6.63625
6.23969
-6.83321
4.93376
-4.69887
3.66045
-5.15075
5.34593
-6.76018
5.12986
-4.94151
3.04732
-3.80038
3.98773
-5.60301
5.63803
-6.07799
4.76328
-4.60586
3.64971
-4.998
5.64836
-6.86056
6.44562
-6.18113
5.14038
-5.23928
3.86837
-4.11878
4.23397
-5.66052
5.8368
-5.60104
4.20454
-3.05119
2.66659
-4.34911
5.5079
-6.72132
5.63962
-4.71478
3.78263
-3.78252
3.78444
-5.22567
5.7893
-6.83758
6.05935
-5.3704
3.80672
-3.35647
3.74536
-4.99197
5.09566
-5.42807
4.02207
-3.87189
2.88485
-3.80287
4.19081
-5.21487
5.03838
-5.65986
4.85221
-5.59744
4.6259
-4.61028
3.36777
-3.90563
4.31336
-6.09705
6.05873
-6.44299
3.62343
-2.92922
1.43449
-3.81286
4.80669
-6.65923
5.21081
-4.59283
1.96726
-3.04386
2.78825
-5.75226
5.82446
-7.13993
5.43785
-5.72627
3.39902
-4.36929
3.02617
-5.3694
4.36415
-6.46475
4.91145
-5.16821
2.80681
-3.86735
2.97157
-5.39508
4.60398
-6.30558
4.10373
-4.451
2.75773
-4.27779
3.67499
-5.95315
4.8207
-6.52702
4.76212
-5.63966
3.54971
-4.35921
3.34498
-4.95428
4.00552
-5.57583
3.56854
-4.65211
2.74137
-4.19186
3.08905
-4.88616
4.01194
-5.96767
4.18042
-5.56908
3.41015
-4.8427
3.22795
-4.9165
4.02036
-5.94224
4.46484
-5.79175
3.33393
-4.80914
2.65238
-4.36712
3.44816
-5.53568
4.05588
-4.88914
2.42905
-4.09861
2.96661
-5.16645
3.90592
-5.19236
3.8482
-5.04517
3.83392
-5.2386
3.43493
-4.85696
3.57144
-5.27058
4.16599
-4.78436
3.12575
-3.64495
2.51911
-4.53365
4.19336
-5.74367
4.11275
-3.96996
2.48085
-3.69484
4.00278
-6.08947
4.98062
-5.23559
2.91217
-3.49077
3.03334
-4.75844
4.63629
-5.3489
3.91095
-4.44625
3.0206
-4.20864
3.23063
-4.11644
3.17013
-4.26769
3.58307
-4.58632
3.34537
-4.51635
3.28699
-4.64479
3.91193
-4.86924
3.94766
-4.74515
3.65459
-4.46612
3.1624
-4.3785
3.15099
-4.30051
3.77217
-5.06792
4.18316
-4.68385
2.9011
-3.4152
2.44692
-4.34771
3.96781
-4.98216
3.80479
-3.95145
2.93943
-4.16171
3.47411
-4.89106
3.71262
-4.69446
3.86296
-4.46783
3.01522
-3.09213
2.16836
-3.78717
3.7558
-5.39929
4.43466
-4.39445
2.77143
-3.04904
2.98284
-4.6179
4.17997
-4.95493
3.31559
-3.55261
2.81421
-3.90849
3.76622
-4.48165
4.09073
-4.81793
3.52246
-3.98484
2.92202
-3.53051
2.98942
-3.84076
3.67173
-4.71743
3.84215
-4.15122
2.62796
-3.61944
3.3793
-4.58012
4.17995
-4.40457
3.12814
-3.41441
2.40013
-3.82534
3.58911
-4.8109
3.97596
-4.46102
3.56294
-4.0726
3.10728
-4.04428
3.00941
-4.16149
3.41694
-4.37086
3.67942
-4.0397
2.77925
-3.56892
2.95473
-4.56133
3.69786
-4.53203
2.79271
-3.12376
2.30158
-3.58625
3.17778
-4.80857
3.53082
-4.231
2.56841
-3.61658
2.92098
-4.28384
3.51239
-4.42868
2.8076
-3.80761
2.09173
-3.27926
2.15564
-3.88291
3.60297
-5.16767
3.63334
-3.98585
1.69692
-2.93358
1.89436
-4.23591
3.93729
-5.64536
3.77471
-3.76298
1.11316
-2.63932
1.94921
-5.0582
4.39913
-5.46589
2.72153
-2.56539
0.316763
-2.19084
2.01877
-5.35907
4.31814
-5.35873
2.3042
-2.56202
1.20598
-3.80207
3.47095
-5.74589
3.69045
-4.32812
1.75111
-3.08003
2.20455
-4.11068
3.14085
-4.56525
2.85706
-4.215
2.34517
-3.58017
1.85043
-3.07828
2.2474
-4.12978
3.44044
-4.76018
2.8298
-3.63953
2.21642
-3.62792
3.12603
-4.37603
3.30066
-3.8769
2.42589
-3.34783
2.19384
-3.46488
2.40081
-3.26975
2.67819
-3.82979
3.27564
-4.03361
2.49825
-3.01479
1.94236
-3.4197
3.38567
-4.6266
3.81599
-4.26443
2.80522
-3.37116
2.29329
-3.81744
3.20292
-4.14477
3.0675
-3.26489
1.85386
-2.45665
1.76735
-3.37331
3.04585
-4.29137
3.23877
-3.39848
2.30762
-2.86724
2.38419
-3.84364
3.53779
-4.49071
3.28141
-3.34286
2.28754
-2.66646
2.63931
-3.72796
3.62798
-4.38849
3.05024
-2.66907
1.4436
-2.00794
2.44786
-3.99202
4.28227
-4.70587
3.14281
-2.73129
1.71474
-2.89065
3.40529
-4.61079
4.30226
-4.09272
2.48884
-2.45293
1.46697
-2.75418
2.74639
-3.8042
3.19586
-3.44963
2.22279
-2.37282
1.4008
-2.58482
2.3652
-4.11966
3.99733
-4.60282
3.08621
-2.86283
1.57033
-2.91547
2.94461
-4.92103
4.18988
-4.3047
2.22789
-1.97352
1.11727
-2.58009
2.68798
-4.41857
3.64131
-3.98394
2.06188
-1.81475
0.800238
-2.31188
2.89534
-4.9743
4.36929
-4.56439
2.20755
-1.93043
0.976767
-2.45204
3.01165
-4.74121
3.79679
-3.59084
1.16406
-1.27773
0.510678
-2.38123
2.82566
-4.40846
3.61663
-3.81137
1.76409
-2.13315
1.16652
-2.81926
3.06275
-4.72725
4.05536
-4.07211
2.18142
-2.53673
1.46627
-2.89178
2.43914
-3.65245
2.82855
-3.32056
1.95077
-2.27899
0.934332
-2.01348
1.64325
-3.63519
3.36631
-4.21047
2.63463
-2.62199
1.05222
-2.376
2.11072
-4.25294
3.29588
-4.04751
2.2095
-2.56688
1.2182
-2.66859
1.92875
-3.62387
2.38139
-3.54962
2.00849
-2.89352
1.30848
-2.43924
1.64574
-3.86278
3.21471
-4.71513
2.60924
-2.90179
1.11083
-2.68544
2.34722
-4.05997
2.76857
-3.4811
1.43583
-2.07948
0.80236
-2.56582
2.21429
-3.56912
2.20804
-2.85013
1.32394
-2.37644
1.4671
-3.13206
2.71142
-3.80779
2.5986
-3.09604
1.86004
-2.85644
2.02221
-3.50461
2.64779
-3.41048
2.03266
-2.58762
1.41656
-2.39139
1.76788
-3.18569
2.17494
-2.97812
1.87897
-2.83464
1.92031
-2.8037
1.98713
-3.31883
2.531
-3.66014
2.25471
-2.70262
1.47898
-2.51281
1.95136
-2.99209
2.06469
-2.87068
1.77775
-2.38975
1.43647
-2.37336
1.91815
-2.79322
2.25485
-3.04562
2.28534
-3.03179
2.2357
-2.67104
2.00514
-2.82604
2.77447
-3.43779
2.90047
-2.94569
1.79151
-1.9481
1.60896
-2.35363
2.32636
-2.81841
2.35682
-2.44482
1.76395
-2.12976
1.89962
-2.45824
2.37239
-2.88463
2.78987
-2.86627
2.25971
-2.17468
1.68109
-2.3011
2.54532
-3.213
2.73005
-2.44496
1.75036
-1.99449
1.7341
-2.34447
2.27137
-2.80182
2.25435
-2.3945
2.08562
-2.54778
2.31225
-2.96456
2.49331
-2.94775
2.33826
-2.95261
2.1878
-2.42579
1.6415
-2.26656
1.84946
-2.67219
2.03219
-2.6336
1.8038
-2.38728
1.75956
-2.36836
1.70692
-2.52902
1.86717
-2.69375
1.95554
-2.74658
1.83687
-2.45202
1.87262
-2.79273
2.27083
-3.01817
2.12675
-2.62343
1.63405
-2.29988
1.65184
-2.37441
1.55183
-2.31215
1.74509
-2.85091
2.16178
-3.0191
2.05667
-2.45776
1.4993
-2.32463
1.77157
-2.64765
1.9466
-2.81773
1.81714
-2.27112
1.14193
-1.72329
1.12678
-2.62941
2.53642
-3.56046
2.09363
-1.947
0.365474
-1.03473
1.08623
-3.03924
3.14139
-3.93467
2.27907
-1.97126
0.410506
-1.49403
1.75336
-3.52085
2.94801
-3.06342
1.33371
-1.45282
0.468605
-1.74145
1.74354
-3.03793
2.58771
-3.11849
1.84673
-1.91112
0.718487
-1.56088
1.30995
-2.87876
2.52956
-3.1041
1.6735
-1.69039
0.707543
-1.80573
1.61066
-3.0012
2.44525
-2.75509
1.24958
-1.42021
0.58295
-1.80004
1.70784
-3.17806
2.49304
-3.11734
1.94307
-2.26972
1.15686
-1.7911
1.44029
-2.72972
2.23196
-2.74623
1.57327
-1.85576
0.987435
-1.80572
1.53019
-2.67255
2.07623
-2.63287
1.56332
-1.92405
0.993426
-1.55845
1.23802
-2.51318
2.47769
-3.25669
2.10766
-2.05862
0.812633
-1.52088
1.41026
-2.85188
2.49352
-2.82749
1.14103
-1.21295
0.474909
-1.82654
2.12539
-3.43235
2.75152
-2.66433
1.24636
-1.29405
0.682125
-1.89774
2.10554
-3.25309
2.78257
-2.63836
1.17804
-0.909119
0.463404
-1.62349
2.20436
-3.01781
2.39917
-1.67239
0.477484
-0.304084
0.611982
-1.92248
2.69718
-3.31196
2.71295
-1.9571
0.989539
-0.858473
1.10062
-1.80158
2.2853
-2.72422
2.44554
-1.90082
1.21327
-0.89576
0.946487
-1.52114
2.10089
-2.58761
2.30765
-1.82525
1.03836
-0.831344
0.978437
-1.69985
2.39058
-2.82155
2.68755
-2.35349
1.64778
-1.02644
0.687152
-0.95478
1.56758
-2.31083
2.61026
-2.33004
1.31627
-0.49686
0.253651
-0.761979
1.84843
-2.79499
3.16848
-2.43721
1.50742
-0.606697
0.570889
-1.17309
2.44419
-3.29776
3.52061
-2.6636
1.57612
-0.644679
0.328337
-0.623543
1.5515
-2.38791
2.73134
-2.22981
1.37767
-0.565896
0.385383
-1.01318
1.78674
-2.7469
2.84998
-2.69706
1.55675
-0.947294
0.411626
-1.1184
1.52685
-2.69342
2.83787
-2.92633
1.58011
-0.844084
-0.0891175
-0.540653
1.02141
-2.57929
2.47777
-2.51433
0.953244
-0.824049
0.264615
-1.49789
1.95685
-3.22114
2.67441
-2.65656
1.19187
-1.16471
0.53918
-1.55312
1.48139
-2.46864
1.83564
-2.18457
0.82838
-0.900281
-0.129549
-0.993454
1.07921
-2.49286
2.01169
-2.13383
0.621013
-0.818233
0.396191
-1.91267
2.13223
-3.20808
2.29334
-1.99228
0.287008
-0.519728
0.417023
-2.02029
2.04073
-2.77255
1.74002
-1.30579
0.0987911
-0.383704
0.503042
-1.93605
2.35922
-2.98626
1.79086
-1.11486
0.0963016
-0.679157
1.3088
-2.89282
3.13304
-3.07949
1.5741
-0.741829
-0.116539
-0.36194
0.98682
-2.06896
2.27189
-2.10547
0.90929
-0.472294
0.0148751
-0.822408
1.62405
-2.70938
2.61667
-2.26826
1.2415
-0.849615
0.558761
-1.36917
2.02803
-2.64421
2.42242
-2.00457
1.19731
-0.833719
0.51356
-1.1239
1.31885
-1.71286
1.44442
-1.23408
0.840089
-0.802261
0.857655
-1.24661
1.61173
-1.97016
2.06881
-1.85461
1.53774
-1.03826
0.919644
-1.00552
1.31897
-1.53829
1.57568
-1.37848
1.3498
-0.967564
0.918777
-0.55492
0.919479
-1.0412
1.47875
-1.41121
1.47455
-1.03578
1.04995
-0.902882
1.42505
-1.75807
2.19877
-2.07419
1.76367
-1.15859
0.90433
-0.596581
1.07642
-1.15724
1.37969
-1.04555
0.907903
-0.664682
0.745589
-0.850848
1.23348
-1.32308
1.45246
-1.28457
1.23695
-1.12544
1.10807
-1.17148
1.4402
-1.52098
1.81785
-1.60649
1.45807
-1.12909
1.01665
-1.09847
1.3042
-1.43549
1.33329
-0.959577
0.788534
-0.677121
0.86691
-1.0629
1.47794
-1.71185
1.87191
-1.39333
1.20019
-0.828747
1.26893
-1.49581
1.86066
-1.6109
1.32488
-0.761492
0.724296
-0.534889
0.993697
-0.997255
1.47507
-1.23985
1.32316
-0.815757
0.763248
-0.37167
0.760561
-0.90766
1.72912
-2.01085
2.17511
-1.52014
0.774626
-0.268899
0.669638
-1.29692
2.1923
-2.34667
1.90768
-0.642446
-0.359801
0.606764
0.0192592
-1.27991
2.22877
-2.30839
1.41883
-0.504776
-0.253441
0.024613
0.430542
-1.5015
2.02149
-2.29035
1.6869
-0.81294
-0.147425
0.0736532
0.470918
-1.81383
2.33029
-2.48339
1.22696
-0.269906
-0.718059
0.366725
0.32474
-1.78988
2.17034
-2.29956
1.2228
-0.485409
-0.0999919
-0.495998
1.24815
-2.37786
2.35834
-2.06317
0.684303
-0.143304
-0.366872
-0.441686
1.04561
-1.96142
1.99565
-1.85552
0.711753
-0.157327
-0.298478
-0.404932
0.946786
-1.70829
1.57512
-1.38759
0.599992
-0.566276
0.331669
-1.05961
1.37993
-2.07625
1.98963
-1.72972
0.957263
-0.42404
0.0477122
-0.418901
0.86418
-1.55086
1.66074
-1.46956
0.966125
-0.537254
0.32479
-0.784574
1.2497
-1.6347
1.53089
-1.20734
0.78529
-0.26771
0.263895
-0.49398
1.2302
-1.66083
1.75127
-1.48161
0.907381
-0.13388
-0.0934424
-0.0411453
0.782403
-1.43281
1.65108
-1.05261
0.471918
0.0652139
0.280665
-0.668988
1.76701
-1.78307
1.79416
-0.959664
0.622548
-0.0569764
0.403083
-0.517737
1.35369
-1.21575
1.73401
-1.09788
1.08955
-0.164885
0.42567
-0.0691543
1.14725
-1.02912
1.7245
-0.594264
0.455723
0.404504
0.419494
-0.651797
1.70156
-1.36033
1.71697
-0.812909
1.05449
-0.179456
0.538958
-0.235358
1.10338
-0.926251
1.45093
-0.856276
1.09543
-0.433648
0.648931
-0.361235
1.00404
-1.19316
1.63814
-1.19976
1.03205
-0.115477
0.21353
-0.048751
0.82023
-1.16788
1.88483
-1.60687
1.30402
-0.366445
0.167233
0.115148
0.529714
-0.942602
1.48878
-1.16274
0.81667
0.0088881
-0.107743
0.250615
0.767452
-1.14389
1.70866
-1.19019
0.888638
-0.174898
0.110269
0.0500974
0.52484
-0.873834
1.67026
-1.61141
1.34569
-0.390482
-0.0484262
0.195007
0.556228
-1.07424
1.59664
-1.10794
0.606369
0.190358
-0.449454
0.0292055
0.701953
-1.26956
1.29599
-0.938166
0.487066
-0.121706
-0.0339109
-0.0246229
0.2752
-0.702043
0.916613
-0.892003
0.721417
-0.410577
0.216358
-0.231549
0.356819
-0.801996
0.849964
-0.864232
0.481654
-0.0866027
-0.144933
-0.0136087
0.554517
-0.999998
1.15711
-1.03304
0.767364
-0.579441
0.439782
-0.439502
0.590006
-0.786688
0.718142
-0.724573
0.350786
-0.164453
0.0545563
-0.372631
0.826744
-1.0518
0.963144
-0.496874
-0.0775105
0.268668
-0.0305444
-0.567139
0.883785
-0.984243
0.713174
-0.415058
0.176029
-0.392373
0.636224
-1.05829
1.16417
-0.941317
0.532504
-0.131401
0.111954
-0.276859
0.572263
-0.933049
0.929516
-0.792454
0.303472
-0.154444
0.194453
-0.533955
0.717165
-0.815819
0.548399
-0.438958
0.194092
-0.218271
0.485264
-1.00435
1.24064
-1.03732
0.430903
-0.126183
-0.219678
-0.0638182
0.253686
-0.621306
0.620999
-0.576405
0.435241
-0.27752
0.151609
-0.348107
0.676244
-1.01216
1.09846
-0.702645
0.285275
0.0187837
0.17402
-0.616015
0.96286
-1.05882
1.01544
-0.606336
0.346496
-0.0579578
0.496215
-0.424309
0.656775
-0.304897
0.21963
0.287352
0.0202091
-0.0899518
0.711371
-0.575648
0.894
-0.590138
0.713894
-0.217306
0.436392
-0.0907587
0.532694
-0.226872
0.88341
-0.441701
0.726926
-0.138812
0.383448
0.0190734
0.529592
-0.437282
0.885316
-0.245883
0.377374
0.188548
0.277518
-0.129421
0.771248
-0.420415
0.942438
-0.495615
0.951562
-0.31606
0.57811
0.000554371
0.314331
0.0553227
0.295135
-0.0526205
0.483632
0.0213735
0.231664
0.300746
0.0782419
0.156273
0.490467
-0.227757
0.531146
0.0493004
0.153162
0.284672
0.176772
-0.110151
0.68272
-0.649662
0.870472
-0.468225
0.540545
0.0174934
0.108988
0.265014
0.284368
-0.152534
0.511412
-0.0994652
0.138612
0.349781
-0.114147
0.279645
0.229355
-0.293606
0.836371
-0.776947
0.663677
0.0393685
-0.292651
0.628898
-0.0743668
-0.286758
1.05882
-0.929549
0.519934
0.233634
-0.745574
0.828674
-0.344321
-0.406017
0.860023
-0.947546
0.431621
0.117951
-0.864407
0.661735
-0.251147
-0.724964
1.2962
-1.47634
0.672254
-0.0324548
-0.796769
0.477514
-0.211089
-1.00959
1.26439
-1.33276
0.133461
0.655207
-1.37606
0.787953
-0.155979
-1.05786
1.24108
-1.01145
-0.0673785
0.750031
-1.03685
0.349995
0.309425
-1.36045
1.42715
-1.13423
-0.0512882
0.743106
-1.0322
0.462762
0.403863
-1.3076
1.43122
-0.860042
-0.309274
1.00333
-1.03579
0.306301
0.485615
-1.13537
1.10632
-0.907977
-0.0164538
0.482614
-0.719506
0.0641829
0.59677
-1.17337
1.05565
-0.606647
-0.131544
0.420703
-0.710013
0.252185
0.0909066
-0.697883
0.643426
-0.513946
-0.188796
0.441259
-0.788273
0.390777
-0.154639
-0.396913
0.666814
-0.686237
0.252947
0.255309
-0.535704
0.237267
0.202213
-0.810087
0.902401
-0.711005
0.0699624
0.558022
-0.875547
0.649609
-0.0701606
-0.612712
0.826894
-0.458283
-0.0348388
0.547359
-0.597854
0.422227