
-0
-0
-0
-0
-0
-0
-0
-0
-0
-0
-0
-0
-0
-0
-0
-0
-0
-0
-0
-0
-0
-0
-0
-0
-0
-0
-0
-0
-0
-0
-0
-0
-0
-0
-0
-0
-0
-0
-0
-0
-0
-0
-0
-0
-0
-0
-0
-0
-0
-0
-0
-0
-0
-0
-0
-0
-0
-0
-0
-0
-0
-0
-0
-0
-0
-0
-0
-0
-0
-0
-0
-0
-0
-0
-0
-0
-0
-0
-0
-0
-0
-0
-0
-0
-0
-0
-0
-0
-0
-0
-0
-0
-0
-0
-0
-0
-0
-0
-0
-0
-0
-0
-0
-0
-0
-0
-0
-0
-0
-0
-0
-0
-0
-0
-0
-0
-0
-0
-0
-0
-0
-0
-0
-0
-0
-0
-0
-0
-0
-0
-0
-0
-0
-0
-0
-0
-0
-0
-0
-0
-0
-0
-0
-0
-0
-0
-0
-0
-0
-0
-0
-0
-0
-0
-0
-0
-0
-0
-0
-0
-9.9492e-05
-0.000381464
-0.000628212
-0.00085958
-0.00106664
-0.0012448
-0.00140079
-0.00153605
-0.0016584
-0.00176732
-0.00186562
-0.00195495
-0.00203328
-0.00209808
-0.00214811
-0.00218196
-0.00219817
-0.00219751
-0.00218153
-0.00215119
-0.00210745
-0.00205594
-0.00199227
-0.00192009
-0.00183791
-0.00174808
-0.00165105
-0.00154756
-0.00144215
-0.00133161
-0.00122314
-0.00111655
-0.00101168
-0.000908958
-0.000815834
-0.000723545
-0.000634214
-0.000546067
-0.00045807
-0.000376832
-0.000287776
-0.000200841
-0.000115064
-3.70319e-05
3.99303e-05
0.000113862
0.000175924
0.000238178
0.000298823
0.000355677
0.000409541
0.000458636
0.000502042
0.000539004
0.000569487
0.000591562
0.000604402
0.000608164
0.000602938
0.00058977
0.000569403
0.00054414
0.000517249
0.00048994
0.00046351
0.000437745
0.000411002
0.000382839
0.000350217
0.000312596
0.000268844
0.000222167
0.000174805
0.000127075
8.0674e-05
3.77307e-05
7.03442e-06
-1.31857e-05
-4.75298e-05
-8.17093e-05
-0.000117582
-0.000154937
-0.000192701
-0.000227988
-0.000256999
-0.000276766
-0.000284779
-0.000281795
-0.000271898
-0.000259085
-0.000247605
-0.000241071
-0.0002404
-0.000244556
-0.00024907
-0.000249733
-0.000239852
-0.000216385
-0.000178834
-0.000129303
-7.53865e-05
-2.60232e-05
1.31324e-05
3.48192e-05
3.27899e-05
7.98224e-06
-2.7155e-05
-5.64045e-05
-5.84428e-05
-5.85127e-05
-5.51008e-05
-4.68611e-05
-3.72942e-05
-3.03499e-05
-3.36579e-05
-5.49338e-05
-9.20055e-05
-0.000125475
-0.000141753
-0.000111025
-7.74531e-05
-3.92215e-05
-1.44856e-06
1.99778e-05
1.61321e-05
-9.45623e-06
-3.05241e-05
-4.50902e-05
-5.0327e-05
-4.11444e-05
-1.2733e-05
3.4125e-05
9.25124e-05
0.000147434
0.000183096
0.000185339
0.000149793
8.06705e-05
-1.04434e-05
-0.000102285
-0.000177797
-0.000185763
-0.000151471
-7.99789e-05
8.64053e-06
8.17024e-05
0.00010487
5.42867e-05
-7.17222e-05
-0.000247091
-0.000424204
-0.00053677
-0.000520926
-0.000318836
0.000102207
0.000737864
0.00122764
0.0018228
0.00200706
0.00243038
0.00286154
0.00315044
0.00320292
0.0029786
0.00253296
0.0019526
0.00131809
0.000709098
0.000184255
-0.000230723
-0.00052304
-0.000718328
-0.000854565
-0.000980656
-0.00111593
-0.00128868
-0.00148198
-0.00168038
-0.0018578
-0.00198733
-0.00205467
-0.00205987
-0.00201358
-0.00193234
-0.00183846
-0.00174854
-0.00167379
-0.00161433
-0.00156575
-0.00151336
-0.00144681
-0.00135423
-0.0012335
-0.00108822
-0.000930359
-0.000769841
-0.00061951
-0.000486827
-0.000376237
-0.000283237
-0.000200331
-0.00011823
-3.16006e-05
6.70101e-05
0.000175043
0.000292089
0.000423641
0.000524159
0.000614741
0.000692071
0.000754933
0.000805692
0.000850281
0.000893855
0.00093822
0.000981819
0.0010216
0.00105374
0.00107477
0.00108348
0.00107831
0.00105929
0.00102898
0.000990566
0.000947589
0.000903827
0.000859277
0.000813571
0.00076629
0.000713385
0.000653273
0.000586534
0.000514284
0.000438976
0.000366664
0.000293939
0.000225557
0.000160476
0.000100257
4.24977e-05
-1.66246e-05
-6.53774e-05
-0.000110646
-0.000171236
-0.0002317
-0.000284388
-0.000327925
-0.000361045
-0.000386829
-0.000405044
-0.000417132
-0.000425044
-0.00042996
-0.000433988
-0.000437588
-0.00044098
-0.000443332
-0.000442613
-0.000436735
-0.000424057
-0.000403271
-0.000374173
-0.000336339
-0.000299909
-0.000257765
-0.000211523
-0.000167505
-0.000127506
-9.50338e-05
-7.57156e-05
-5.89056e-05
-2.83914e-05
-1.56693e-05
-1.85612e-05
-3.28978e-05
-5.34981e-05
-7.51695e-05
-9.40507e-05
-0.000107569
-0.000113854
-0.000112499
-0.000103249
-8.90272e-05
-7.46899e-05
-7.0372e-05
-6.85057e-05
-6.21608e-05
-5.22119e-05
-4.24689e-05
-3.39977e-05
-2.92131e-05
-2.7577e-05
-2.84966e-05
-3.25297e-05
-3.89069e-05
-4.57536e-05
-5.08623e-05
-5.37978e-05
-5.48371e-05
-5.53568e-05
-5.56294e-05
-5.56245e-05
-5.57943e-05
-5.67707e-05
-5.92088e-05
-6.33176e-05
-6.76704e-05
-7.31024e-05
-7.96727e-05
-8.70861e-05
-9.39424e-05
-9.95337e-05
-0.000102659
-0.000104505
-0.000103212
-9.72333e-05
-8.52716e-05
-7.5276e-05
-5.64714e-05
-3.12303e-05
-9.37967e-06
1.2727e-05
3.47804e-05
5.38174e-05
7.22472e-05
8.35833e-05
8.67022e-05
8.08463e-05
6.78489e-05
4.76759e-05
2.11743e-05
-8.45635e-06
-3.99388e-05
-5.14289e-05
-5.67365e-05
-6.41843e-05
-7.48065e-05
-8.76774e-05
-0.000110617
-0.000128743
-0.000118213
-0.000106638
-8.46881e-05
-5.76258e-05
-4.48931e-05
-4.56521e-05
-5.61059e-05
-7.23918e-05
-8.96681e-05
-0.000105702
-0.000113964
-0.000100158
-7.75734e-05
-5.26624e-05
-2.94449e-05
-1.09557e-05
2.46007e-06
1.28991e-05
2.10861e-05
9.21479e-06
2.35522e-05
5.6221e-05
0.000109313
0.000176117
0.000250786
0.000326601
0.000391625
0.000438702
0.000465096
0.000470507
0.000461514
0.00044664
0.000436473
0.000439236
0.000456154
0.000484538
0.000516394
0.000540559
0.000545712
0.000524435
0.00047439
0.000402047
0.000315986
0.000230875
0.000158587
0.000105798
7.8909e-05
8.07537e-05
7.95776e-05
5.44948e-05
-9.34637e-06
-0.000116238
-0.000257375
-0.000414664
-0.00055836
-0.000663398
-0.000713163
-0.000698897
-0.000632857
-0.00053473
-0.000427023
-0.000332296
-0.000719937
-0.000858155
-0.000804492
-0.00052238
-0.000556522
-0.000154254
0.000917623
0.00179382
0.00252985
0.0034478
0.00455321
0.00575886
0.00688929
0.00783539
0.00848711
0.00882102
0.00884724
0.00861244
0.00815306
0.00755274
0.00687045
0.00614083
0.00537582
0.00460683
0.00384058
0.00298775
0.00208786
0.0011146
0.000106759
-0.000860795
-0.00182053
-0.00276541
-0.00363032
-0.00445
-0.00517827
-0.00587217
-0.0065294
-0.00716595
-0.00777214
-0.00834967
-0.00885973
-0.00928614
-0.0096135
-0.00982186
-0.00991411
-0.00988578
-0.00974296
-0.00950341
-0.00918032
-0.00878153
-0.00830717
-0.00776541
-0.0071765
-0.00650253
-0.00575336
-0.00493512
-0.00409487
-0.00323802
-0.00239093
-0.00154734
-0.000748076
-3.08813e-05
0.000606216
0.00116634
0.00164433
0.00203543
0.00236544
0.00264152
0.00287836
0.00308486
0.00325622
0.00338788
0.00347369
0.00351071
0.00349695
0.00343793
0.00333608
0.00320155
0.00304082
0.0028668
0.00268619
0.0024883
0.00228924
0.00207677
0.00188707
0.00169008
0.0014962
0.00131269
0.00114064
0.000979725
0.000856522
0.000769658
0.000715373
0.00068267
0.000664484
0.000650232
0.000640331
0.000636643
0.000638326
0.00065155
0.000675468
0.000714188
0.000760927
0.000813073
0.000869457
0.000922521
0.000970793
0.00100936
0.00102898
0.00102963
0.00101376
0.000979975
0.000933728
0.000864891
0.000779408
0.000669431
0.000539628
0.000380523
0.000190322
-3.13984e-05
-0.000275675
-0.000531443
-0.000759486
-0.00096465
-0.00114441
-0.00127557
-0.00135821
-0.00139586
-0.00138583
-0.0013322
-0.00123399
-0.00110621
-0.000954863
-0.000794772
-0.000631695
-0.000478028
-0.000331227
-0.000203339
-9.37735e-05
-4.13356e-06
5.32982e-05
8.61466e-05
9.48601e-05
7.6704e-05
3.08244e-05
-4.06532e-05
-0.000126397
-0.000237661
-0.000371255
-0.000517818
-0.000667853
-0.000813319
-0.000949819
-0.0010716
-0.00118102
-0.00128187
-0.00137295
-0.00146002
-0.00154963
-0.00163266
-0.00171726
-0.00181099
-0.00190701
-0.00199667
-0.00207141
-0.00214091
-0.00218823
-0.00222267
-0.00224955
-0.00227138
-0.00228589
-0.0023017
-0.00231686
-0.00232429
-0.00231739
-0.00228297
-0.00221807
-0.00213551
-0.00202379
-0.00187777
-0.0016969
-0.00149395
-0.00126128
-0.00100419
-0.000744299
-0.000494816
-0.000245287
1.89804e-06
0.000244142
0.000487963
0.000727341
0.000941015
0.00117422
0.00141312
0.0016444
0.00185916
0.00207958
0.00230107
0.00251431
0.00273601
0.00295413
0.00316355
0.00335468
0.00351839
0.00367195
0.003816
0.00395635
0.00410501
0.00427953
0.00447156
0.00467588
0.00489073
0.00512305
0.00536973
0.00563124
0.00589442
0.00614869
0.00639156
0.00661899
0.00681847
0.00700172
0.00717287
0.0073325
0.00748215
0.00760826
0.00771783
0.0077913
0.00782751
0.00781357
0.00774544
0.00762649
0.00746151
0.00726527
0.00704283
0.00679609
0.00649502
0.00616337
0.00579549
0.00538337
0.00490403
0.00434937
0.00371075
0.00302335
0.00230819
0.00158209
0.000835748
0.000108191
-0.000630686
-0.00136259
-0.00213001
-0.00294007
-0.00382198
-0.00475747
-0.00572453
-0.00672621
-0.00775938
-0.00875882
-0.00968725
-0.0104896
-0.0111632
-0.011667
-0.0119776
-0.0120704
-0.0119398
-0.0115892
-0.0110407
-0.0103175
-0.00942186
-0.00842607
-0.00741461
-0.00626337
-0.00510694
-0.00388717
-0.00271822
-0.00157292
-0.000399104
0.000724021
0.00175123
0.00262819
0.0033545
0.00391522
0.00435356
0.00467003
0.00486101
0.00491626
0.00484995
0.00468671
0.00442237
0.00406283
0.00362575
0.0031294
0.00259452
0.00204058
0.00151802
0.000993338
0.000472544
-9.39972e-06
-0.000450693
-0.000852289
-0.00119309
-0.00148176
-0.00172701
-0.00193876
-0.00209971
-0.00219962
-0.00223006
-0.00219116
-0.00208468
-0.00192159
-0.00172371
-0.0014983
-0.00126945
-0.00105027
-0.000865024
-0.000699972
-0.000553745
-0.000420594
-0.000288368
-0.00015006
3.9763e-06
0.000170407
0.000339497
0.000508709
0.000654226
0.000801398
0.000937271
0.00106192
0.00117166
0.00131152
0.00148017
0.00169837
0.00197404
0.00228981
0.00262523
0.0029453
0.00320275
0.00333829
0.00337581
0.00333851
0.0031839
0.00289921
0.00247771
0.00191154
0.00124091
0.000469241
-0.000399718
-0.00130164
-0.00225683
-0.00327773
-0.00432902
-0.00534988
-0.00643212
-0.00752349
-0.00855445
-0.00951664
-0.0103704
-0.0111183
-0.0117123
-0.0121249
-0.012346
-0.0123976
-0.0122921
-0.0120505
-0.0116938
-0.0112503
-0.010727
-0.0100894
-0.00931736
-0.00845485
-0.00744507
-0.00634952
-0.00514822
-0.00391301
-0.00263443
-0.00130864
-8.76962e-05
0.00106439
0.00210489
0.00314769
0.00403971
0.0047083
0.00518292
0.00548962
0.00556277
0.00545678
0.00516713
0.00470781
0.00406816
0.00329817
0.00239686
0.00143028
0.000381423
-0.000728087
-0.00181647
-0.00292252
-0.00396421
-0.00492308
-0.00575588
-0.00644278
-0.00695031
-0.00729407
-0.00743564
-0.0073835
-0.00714847
-0.00677791
-0.00628994
-0.0056978
-0.00503191
-0.00434891
-0.00369933
-0.00311138
-0.00258804
-0.0021222
-0.0017146
-0.0013855
-0.00112004
-0.000908186
-0.000762013
-0.000677574
-0.000651284
-0.000665587
-0.000688779
-0.000685678
-0.000605834
-0.000457217
-0.000226534
0.000148726
0.000689688
0.00135854
0.00219871
0.00314529
0.00409576
0.0051014
0.00606605
0.00689091
0.00751758
0.00790406
0.00812616
0.008158
0.00800553
0.00768082
0.0071967
0.00661597
0.00594212
0.00521808
0.00449792
0.00382357
0.0032265
0.0026835
0.00220292
0.0017671
0.0013323
0.000857206
0.000303032
-0.000379481
-0.00119932
-0.0021589
-0.00319279
-0.00426512
-0.00529015
-0.00619446
-0.00689084
-0.00743203
-0.00776092
-0.00785961
-0.00767385
-0.00718768
-0.00641664
-0.00535675
-0.00404785
-0.00255776
-0.000923345
0.000718453
0.00235067
0.00392582
0.00538947
0.00661321
0.00746225
0.00784579
0.00783171
0.00744466
0.00673981
0.00586819
0.00496068
0.00415086
0.00329795
0.00265798
0.00236108
0.00244527
0.00289801
0.00369749
0.00478331
0.00605078
0.00746535
0.00891292
0.0103377
0.0117231
0.0129752
0.0141854
0.0152638
0.0162486
0.0170707
0.0177242
0.0181655
0.0183473
0.0182449
0.0178511
0.0171813
0.0163365
0.0152845
0.0140433
0.012699
0.011288
0.00984955
0.00842062
0.00704762
0.00572707
0.00445663
0.00321398
0.00203156
0.000888923
-0.000238611
-0.00142854
-0.00268888
-0.00407363
-0.00556273
-0.00712831
-0.00871573
-0.0102868
-0.0117277
-0.0129966
-0.0141115
-0.0150902
-0.0158383
-0.0163573
-0.016614
-0.0166296
-0.0164141
-0.0159733
-0.0153318
-0.0144824
-0.0134604
-0.0122942
-0.0110358
-0.00971867
-0.00840563
-0.00706701
-0.00575371
-0.00442581
-0.00311451
-0.00172985
-0.000298599
0.00123314
0.00280265
0.00444341
0.00617734
0.00798572
0.00988581
0.0116783
0.0135166
0.015212
0.0167728
0.0180923
0.0191476
0.0199469
0.0204761
0.0207265
0.0207078
0.020444
0.0199558
0.0192843
0.0184466
0.0174932
0.0164351
0.0153111
0.0141504
0.0129656
0.0117586
0.010537
0.0093275
0.00812546
0.00696596
0.00586283
0.00481386
0.00379561
0.00291825
0.00201506
0.00117211
0.000232539
-0.000806558
-0.00210635
-0.00372038
-0.00547831
-0.00751221
-0.00987488
-0.0125921
-0.0156633
-0.0189745
-0.0222798
-0.025705
-0.0290094
-0.0319534
-0.034534
-0.036553
-0.0378597
-0.0386816
-0.0388761
-0.0384505
-0.0374875
-0.0360113
-0.0341678
-0.0320056
-0.0296159
-0.0269621
-0.0241928
-0.0214612
-0.0187622
-0.0160304
-0.013492
-0.0109806
-0.00867262
-0.00653806
-0.00458021
-0.00285242
-0.00142244
-0.000236339
0.000719523
0.00143336
0.00201272
0.00247448
0.00288991
0.00320466
0.00348295
0.00379518
0.00418855
0.00468815
0.00526336
0.00594488
0.00669705
0.00750607
0.00837298
0.00923799
0.0100349
0.0107341
0.0112588
0.0116839
0.0119626
0.0121353
0.0122408
0.0122626
0.0122212
0.0121625
0.0121605
0.0122571
0.012452
0.0126894
0.0129037
0.0130024
0.0129666
0.012776
0.0123613
0.0116833
0.0107211
0.00950736
0.00807929
0.00649887
0.00481791
0.00303061
0.00120396
-0.000653677
-0.00252507
-0.00435246
-0.00610916
-0.00780698
-0.00934451
-0.0106876
-0.0118129
-0.0127364
-0.0133919
-0.0138154
-0.0140202
-0.014024
-0.0138335
-0.0134357
-0.0127892
-0.0118288
-0.0106095
-0.00909175
-0.00716237
-0.00489097
-0.00225402
0.000569791
0.00329117
0.00564794
0.00775511
0.00962578
0.010939
0.0116686
0.0118108
0.0115003
0.0108384
0.0100823
0.00918642
0.00831298
0.00764522
0.00727621
0.0071662
0.00731551
0.0076306
0.00800293
0.00832634
0.00855186
0.00860141
0.00844424
0.00808393
0.00758058
0.0069881
0.00642361
0.00597331
0.00560259
0.00535348
0.00529474
0.00545611
0.00581169
0.00631867
0.00690104
0.00747952
0.00798985
0.00844064
0.00874654
0.00888258
0.00882557
0.00857929
0.00815087
0.007559
0.00685826
0.00608092
0.00517394
0.00416013
0.00305952
0.00184884
0.000560842
-0.000821943
-0.0022708
-0.00349209
-0.00485363
-0.00613117
-0.00733809
-0.00844606
-0.00943756
-0.0102978
-0.0110698
-0.0117203
-0.0122647
-0.0127257
-0.0131182
-0.0134548
-0.0137286
-0.0139228
-0.0140275
-0.0140218
-0.0138876
-0.0136387
-0.0133031
-0.0129263
-0.0125614
-0.0122535
-0.0119823
-0.0117584
-0.0115795
-0.0114162
-0.0112382
-0.011005
-0.0106518
-0.0101586
-0.00951972
-0.00878644
-0.00795961
-0.00717114
-0.00613978
-0.00498509
-0.00367436
-0.00224005
-0.000699366
0.00094938
0.0026823
0.0044507
0.00637169
0.00822221
0.00999855
0.0116293
0.013055
0.0142328
0.0151724
0.0158566
0.0163061
0.0166301
0.0168109
0.0168512
0.0167947
0.0166687
0.0165209
0.0163391
0.0161347
0.0158041
0.015374
0.0148527
0.014302
0.0137041
0.0130394
0.0123499
0.0116823
0.0109491
0.0100195
0.00871372
0.00704465
0.00503705
0.00263818
0.000100499
-0.00250135
-0.00492709
-0.00713
-0.00879445
-0.00990343
-0.0104942
-0.0105493
-0.00999892
-0.00875206
-0.00691999
-0.00462017
-0.00204795
0.00079424
0.00369328
0.00641309
0.00887766
0.0108697
0.0125149
0.0136332
0.0141182
0.0139236
0.0130789
0.0116495
0.00979351
0.00762073
0.00538639
0.00325715
0.00120786
-0.00060923
-0.00211312
-0.0033896
-0.00436044
-0.00496713
-0.00521452
-0.00508496
-0.00465816
-0.00386748
-0.00276283
-0.00144076
-5.88382e-05
0.00140753
0.00267537
0.00346764
0.00360808
0.00301236
0.00171904
-9.00689e-05
-0.00211874
-0.00401048
-0.00541544
-0.00614373
-0.00634291
-0.0059476
-0.00510729
-0.00398668
-0.00286458
-0.00179515
-0.000893078
-0.000267244
3.0183e-05
8.53879e-05
-7.882e-05
-0.000385076
-0.000760385
-0.00120538
-0.00172269
-0.00229019
-0.00292457
-0.00371532
-0.00460228
-0.0054949
-0.00631951
-0.00691385
-0.0071384
-0.00708278
-0.00677558
-0.0061553
-0.00561174
-0.00502378
-0.00462257
-0.00435806
-0.00440421
-0.00474401
-0.00534597
-0.0060626
-0.00676999
-0.00726305
-0.00738351
-0.00708073
-0.00650074
-0.00593298
-0.00565216
-0.00577124
-0.0062251
-0.00690871
-0.00762162
-0.00808382
-0.00818256
-0.00756054
-0.00597778
-0.00335854
0.000139269
0.00441198
0.00901087
0.0130728
0.0167616
0.0195553
0.0214124
0.0219717
0.0212949
0.0194112
0.0164069
0.0125326
0.00795491
0.00301462
-0.00188561
-0.00655726
-0.0106781
-0.0140354
-0.0165169
-0.0184572
-0.0195673
-0.0200394
-0.0201524
-0.0199973
-0.0196337
-0.0190806
-0.0182526
-0.0171286
-0.0155865
-0.013581
-0.0111374
-0.00835808
-0.00523109
-0.00193928
0.00168916
0.00518063
0.00882993
0.0119016
0.0142342
0.0157207
0.0162802
0.0159354
0.0146917
0.0126974
0.010171
0.0073515
0.00459857
0.00211768
0.000114724
-0.0012453
-0.00211042
-0.0025385
-0.00262126
-0.00253789
-0.00232221
-0.00209668
-0.00183473
-0.00158991
-0.00106879
-0.000220355
0.00105253
0.00256255
0.00425822
0.00590595
0.00755264
0.00900906
0.0102528
0.0112298
0.0119423
0.0122368
0.0119558
0.0111231
0.00946726
0.00738261
0.00528344
0.00349645
0.00227734
0.0016022
0.00140751
0.00154838
0.00180393
0.00189524
0.00169674
0.00119695
0.000107009
-0.00177682
-0.00450808
-0.00769849
-0.0108306
-0.0136611
-0.0158423
-0.0171795
-0.0174371
-0.016894
-0.0157983
-0.0147172
-0.0141352
-0.0134492
-0.0127191
-0.0120139
-0.0112111
-0.0103414
-0.00950829
-0.00854719
-0.00725669
-0.00574566
-0.00417104
-0.00269018
-0.00137989
-0.000203027
0.000824361
0.00173139
0.00248695
0.00315654
0.0038724
0.00458826
0.00550043
0.0068305
0.00861813
0.0106535
0.012728
0.0149504
0.0171066
0.019165
0.0207474
0.0214154
0.0211387
0.0200045
0.0181842
0.0159166
0.0133025
0.0105503
0.00780759
0.00500248
0.0022463
-0.000993066
-0.00394191
-0.00705646
-0.00976232
-0.0120834
-0.0139814
-0.0152115
-0.0157875
-0.0157897
-0.0153672
-0.0144599
-0.0130465
-0.0111692
-0.0089107
-0.00651734
-0.00409576
-0.00197364
-0.00042866
0.000399612
0.000625297
0.000288582
-0.000413801
-0.00124941
-0.00198841
-0.00243006
-0.00261479
-0.00256564
-0.00235922
-0.00192331
-0.00141248
-0.00104037
-0.000855588
-0.000948623
-0.00132273
-0.0019961
-0.00272594
-0.00332711
-0.00373475
-0.00380013
-0.00348155
-0.0026604
-0.00144618
-0.000159365
0.00101837
0.00183335
0.00220472
0.00220509
0.00185517
0.00121149
0.000357533
-0.000595893
-0.00162899
-0.00270143
-0.00388468
-0.00500979
-0.00590646
-0.00663972
-0.007441
-0.00839496
-0.00923988
-0.00953171
-0.00894964
-0.00798516
-0.00720174
-0.00624483
-0.00524359
-0.0043589
-0.00371387
-0.00338304
-0.00354268
-0.00430033
-0.0052952
-0.00586034
-0.00542299
-0.0038567
-0.00139822
0.00167741
0.00488323
0.00800296
0.0105364
0.012134
0.0125293
0.0116487
0.0101543
0.00883502
0.00839196
0.00788229
0.00732493
0.00685625
0.00657358
0.00617592
0.00526609
0.00321995
-0.000181023
-0.00419039
-0.0087008
-0.0137344
-0.0189073
-0.0227354
-0.0249608
-0.028075
-0.0294707
-0.0292278
-0.0274337
-0.0241296
-0.0198999
-0.0148081
-0.0091261
-0.00340137
0.00147661
0.00663716
0.0116169
0.0162302
0.0202886
0.0234055
0.0253867
0.0262097
0.0260022
0.0254335
0.0248348
0.0242091
0.0234991
0.0227438
0.0219559
0.0204587
0.0182498
0.0149215
0.0108074
0.00641596
0.00199529
-0.0020339
-0.00532971
-0.00793627
-0.00971149
-0.0104766
-0.0099998
-0.00838191
-0.00597019
-0.00313696
-0.000468449
0.00104053
0.00107166
-0.000136483
-0.00198659
-0.00426964
-0.00699466
-0.0100992
-0.013589
-0.0172509
-0.021468
-0.0258483
-0.0306864
-0.0357936
-0.0403107
-0.0434441
-0.0439107
-0.0445687
-0.0434965
-0.0390676
-0.0316322
-0.0225549
-0.0130975
-0.00383486
0.00424734
0.0107783
0.0158037
0.0188206
0.0205016
0.0215758
0.0229596
0.0248006
0.02667
0.0286882
0.0306879
0.032152
0.0328159
0.0328931
0.0319681
0.0297306
0.026162
0.0217736
0.0170498
0.0127176
0.00828268
0.00449123
0.00164777
-0.00197316
-0.00482241
-0.00702809
-0.00856349
-0.00954798
-0.010247
-0.0106995
-0.011159
-0.0118065
-0.0123875
-0.0123761
-0.011771
-0.0110356
-0.0103249
-0.00940547
-0.00798452
-0.00653752
-0.00548769
-0.00484528
-0.00454451
-0.00487237
-0.00569783
-0.00702953
-0.00862465
-0.010574
-0.0124386
-0.0144339
-0.0169514
-0.0179502
-0.0167389
-0.0137019
-0.00932708
-0.00386832
0.00244421
0.00919812
0.0147874
0.0190729
0.0223325
0.0238246
0.0243462
0.0240887
0.0228514
0.0208609
0.0188698
0.0173866
0.0159065
0.0139211
0.0115456
0.00915659
0.00645112
0.00345706
-0.000525671
-0.00519851
-0.00986379
-0.0139974
-0.0174191
-0.0200972
-0.0222743
-0.0242295
-0.0262341
-0.0287445
-0.0318473
-0.0356298
-0.0399622
-0.0440945
-0.0471759
-0.0482445
-0.0464227
-0.0409713
-0.0379338
-0.0320056
-0.0234398
-0.0129959
-0.000959625
0.0112689
0.0227304
0.0329659
0.0408235
0.0468519
0.0507825
0.0527801
0.0529918
0.0527901
0.0522129
0.0500743
0.0463889
0.0411475
0.0351416
0.0289533
0.0230404
0.0188135
0.016891
0.0173569
0.0212404
0.0305928
0.0427042
0.0597174
0.0839504
0.113371
0.148285
0.186611
0.229712
0.275946
0.324018
0.373699
0.425258
0.473133
0.521451
0.56394
0.605265
0.640304
0.669286
0.695987
0.718519
0.736882
0.751768
0.764043
0.773411
0.780238
0.784271
0.785341
0.783315
0.777748
0.768679
0.756229
0.741158
0.725356
0.706765
0.687319
0.666111
0.642626
0.616603
0.58211
0.541965
0.492787
0.430532
0.376323
0.312449
0.24336
0.171475
0.0977996
0.0258989
-0.0434497
-0.107624
-0.161629
-0.20955
-0.248084
-0.279307
-0.303746
-0.327592
-0.340106
-0.351939
-0.359264
-0.362665
-0.363142
-0.361514
-0.358119
-0.353092
-0.346765
-0.33931
-0.330958
-0.321712
-0.311646
-0.300983
-0.289488
-0.27791
-0.266022
-0.253414
-0.240851
-0.228228
-0.215636
-0.202946
-0.189893
-0.17621
-0.162085
-0.147465
-0.136074
-0.122479
-0.108448
-0.0968035
-0.0849484
-0.0743585
-0.0652673
-0.0571062
-0.0501343
-0.0444165
-0.0392889
-0.0345407
-0.0298688
-0.0252573
-0.0207462
-0.0165142
-0.0126618
-0.00924047
-0.0064057
-0.00422308
-0.00272556
-0.00178982
-0.00125395
-0.000804716
-0.000111153
0.00117085
0.00343864
0.00685651
0.0119079
0.0185132
0.0260574
0.0356022
0.0463365
0.0581476
0.0703601
0.0828561
0.095065
0.106618
0.116858
0.125856
0.133367
0.139701
0.144896
0.149186
0.1528
0.155502
0.157185
0.157734
0.157069
0.155177
0.151837
0.146827
0.140554
0.133507
0.125446
0.11707
0.108738
0.10033
0.09215
0.0843651
0.0767744
0.0692139
0.0620144
0.0549711
0.0482831
0.0416543
0.0352941
0.0293363
0.0242615
0.0191383
0.0147032
0.0107013
0.00716693
0.0039149
0.000864282
-0.00186503
-0.0043498
-0.0065527
-0.00854367
-0.0102398
-0.0116083
-0.0126668
-0.0134088
-0.0138928
-0.0141657
-0.0142359
-0.0141251
-0.0138666
-0.0134687
-0.0129334
-0.012262
-0.0114776
-0.0105929
-0.00965476
-0.00867367
-0.00768117
-0.00670803
-0.00569622
-0.00463717
-0.00354517
-0.00245208
-0.00135628
-0.000285817
0.000842997
0.00191716
0.00298302
0.00403061
0.00497969
0.00584204
0.00666905
0.00741101
0.00808157
0.0087518
0.00939231
0.0100469
0.010624
0.0111145
0.0115738
0.0120031
0.0123384
0.0125499
0.0125987
0.0125101
0.0123212
0.0120418
0.0117152
0.0114035
0.0111298
0.0109067
0.0107219
0.0105589
0.0104019
0.0102344
0.0100252
0.00980019
0.0095878
0.00940955
0.00928976
0.00923645
0.00922492
0.00925152
0.00928374
0.00928478
0.00923005
0.00910345
0.00890953
0.00867877
0.00843748
0.00825167
0.00811123
0.0080184
0.00796292
0.00789448
0.00779265
0.00762348
0.00737452
0.00705271
0.006694
0.00634394
0.00604404
0.00584728
0.00577106
0.00580717
0.00590675
0.00598353
0.00604353
0.00610494
0.00619511
0.0064059
0.00679201
0.00746326
0.00854334
0.0100204
0.0119219
0.014229
0.0168533
0.0199077
0.0233839
0.027307
0.031803
0.0369683
0.0431677
0.0510547
0.0603413
0.0708499
0.0827241
0.0957352
0.109349
0.123785
0.138242
0.152653
0.167206
0.180741
0.193768
0.205591
0.216507
0.226557
0.23476
0.240921
0.247159
0.2519
0.255535
0.257733
0.258668
0.258603
0.257887
0.256415
0.254039
0.250735
0.245032
0.238907
0.230816
0.22096
0.208019
0.192608
0.175166
0.15531
0.1351
0.113522
0.0926288
0.0717838
0.0510961
0.0319488
0.0146001
-0.000932612
-0.0149816
-0.0276669
-0.0386193
-0.0485469
-0.0565459
-0.0637793
-0.069792
-0.0742881
-0.0773804
-0.0792158
-0.0797852
-0.0793186
-0.0779933
-0.0760106
-0.0736261
-0.0707762
-0.0676222
-0.0642167
-0.0605565
-0.0566484
-0.0524214
-0.0479703
-0.0434388
-0.0388121
-0.0344048
-0.029984
-0.0257778
-0.0219377
-0.0182804
-0.0149065
-0.011768
-0.00888263
-0.00623253
-0.00384959
-0.00162798
0.000254363
0.00184815
0.003177
0.0042111
0.00500407
0.00562277
0.00604255
0.00629923
0.00641882
0.00639675
0.00612214
0.00567322
0.00519651
0.00465052
0.00371213
0.00291686
0.00174061
0.000758846
-0.000373162
-0.00154078
-0.00276636
-0.00403713
-0.00536395
-0.00674441
-0.00817211
-0.00964939
-0.0110737
-0.0125422
-0.0139563
-0.0153608
-0.0166688
-0.0179295
-0.0191578
-0.0203005
-0.0213884
-0.0224321
-0.0234559
-0.0244253
-0.0253372
-0.0262498
-0.0271345
-0.0279741
-0.0287466
-0.0294762
-0.0301785
-0.030819
-0.03142
-0.0320002
-0.0325625
-0.0331223
-0.0336548
-0.034218
-0.0348075
-0.0353972
-0.0359711
-0.0364793
-0.0369513
-0.0374265
-0.0379312
-0.0384513
-0.0390036
-0.0396104
-0.0402637
-0.0409177
-0.0415667
-0.0421902
-0.0427772
-0.0433178
-0.0438237
-0.0443148
-0.0447879
-0.0452895
-0.0458239
-0.0463998
-0.0469967
-0.0475348
-0.0479425
-0.0482025
-0.0483012
-0.048248
-0.0480322
-0.0477469
-0.0475133
-0.0473298
-0.0472923
-0.0473943
-0.0476313
-0.0479473
-0.048272
-0.0485346
-0.0486962
-0.048751
-0.048758
-0.0487918
-0.0490364
-0.0493861
-0.0499644
-0.0507083
-0.0516417
-0.0523925
-0.0529295
-0.0531405
-0.0531603
-0.052837
-0.0526555
-0.0528632
-0.0538767
-0.0557643
-0.0589338
-0.0632064
-0.069587
-0.075358
-0.0810471
-0.0902712
-0.0995363
-0.108873
-0.118282
-0.126102
-0.133741
-0.141735
-0.149072
-0.155853
-0.159741
-0.165658
-0.170927
-0.17561
-0.17984
-0.183468
-0.186507
-0.188989
-0.191016
-0.192762
-0.194223
-0.195504
-0.196648
-0.197616
-0.198442
-0.19906
-0.199422
-0.199523
-0.199361
-0.198956
-0.198326
-0.197546
-0.196656
-0.195701
-0.194696
-0.193619
-0.192536
-0.191312
-0.189949
-0.188515
-0.186941
-0.185325
-0.183679
-0.182014
-0.180303
-0.178612
-0.176914
-0.175278
-0.173647
-0.171973
-0.170279
-0.168525
-0.166796
-0.165135
-0.163413
-0.161749
-0.160151
-0.1587
-0.157344
-0.155992
-0.154633
-0.15327
-0.151944
-0.150697
-0.149549
-0.14846
-0.1475
-0.146656
-0.145911
-0.145225
-0.144558
-0.143851
-0.143118
-0.142321
-0.141507
-0.14069
-0.13989
-0.139127
-0.138395
-0.137698
-0.136958
-0.136081
-0.13509
-0.133899
-0.132473
-0.130826
-0.128876
-0.126706
-0.124219
-0.12136
-0.117862
-0.113753
-0.108939
-0.103449
-0.0968004
-0.0892335
-0.0807035
-0.0716064
-0.0618062
-0.0519423
-0.0431239
-0.0331429
-0.0238367
-0.0148763
-0.0066096
0.000947382
0.00747611
0.0135326
0.0191624
0.0242698
0.0288579
0.0331342
0.0370774
0.0405512
0.0435441
0.0461128
0.0480867
0.049522
0.0505092
0.05101
0.0511371
0.0509828
0.0506718
0.050263
0.0498084
0.0493149
0.0487741
0.0481307
0.0474435
0.0466562
0.0457466
0.0446036
0.04327
0.0417855
0.04007
0.0381646
0.0359777
0.033709
0.0314315
0.0294375
0.027773
0.0265558
0.0258303
0.0256405
0.0260826
0.0268834
0.0280009
0.0293007
0.0306722
0.0320196
0.0332889
0.0343937
0.0354651
0.0365154
0.0376454
0.0388486
0.040223
0.0417232
0.0433091
0.0447093
0.0460476
0.047328
0.0485326
0.0496859
0.0508844
0.0520477
0.0532739
0.0544304
0.0554741
0.0563343
0.0569116
0.0571609
0.0570964
0.0568616
0.0566737
0.0568451
0.0576838
0.0593233
0.0616858
0.0651711
0.0698337
0.0759739
0.0830964
0.090831
0.0998183
0.109002
0.118565
0.127583
0.135882
0.143615
0.150219
0.156025
0.160692
0.163897
0.165763
0.166127
0.164836
0.161858
0.157215
0.150733
0.14279
0.133386
0.122502
0.110566
0.0976134
0.0836448
0.0682246
0.0519961
0.0346966
0.0173109
-0.000848387
-0.0187841
-0.03666
-0.0536842
-0.0705405
-0.0862699
-0.101057
-0.114765
-0.12714
-0.138012
-0.147552
-0.156413
-0.164086
-0.17076
-0.176664
-0.181505
-0.185445
-0.188242
-0.190208
-0.191163
-0.191254
-0.190606
-0.189314
-0.187572
-0.185422
-0.183027
-0.180291
-0.177352
-0.174222
-0.170779
-0.167224
-0.163417
-0.159548
-0.155593
-0.151425
-0.147322
-0.143083
-0.138822
-0.134449
-0.130034
-0.125578
-0.121185
-0.11687
-0.112781
-0.108869
-0.105361
-0.102046
-0.0991173
-0.0965929
-0.0944885
-0.092762
-0.0914608
-0.0904676
-0.0895064
-0.0886464
-0.0878366
-0.0870066
-0.086174
-0.0853635
-0.0845913
-0.0838482
-0.083107
-0.0823335
-0.0814639
-0.0804386
-0.0791329
-0.0774705
-0.0754705
-0.0730704
-0.0703578
-0.0674966
-0.0644132
-0.0614343
-0.05823
-0.0550387
-0.0519993
-0.0492537
-0.0468572
-0.044574
-0.0425804
-0.0409275
-0.0393433
-0.0378474
-0.0364704
-0.0352037
-0.0340614
-0.0330453
-0.0321733
-0.0314555
-0.0308866
-0.0304535
-0.0300913
-0.0298237
-0.0296303
-0.0294748
-0.0293604
-0.0292799
-0.029237
-0.0292321
-0.029271
-0.0293541
-0.0294748
-0.0296198
-0.029767
-0.0298954
-0.0299913
-0.0300443
-0.0300573
-0.0300361
-0.0300067
-0.0299777
-0.0299617
-0.0299597
-0.029963
-0.0299547
-0.0299107
-0.0298053
-0.029626
-0.0293695
-0.0290418
-0.0286685
-0.028302
-0.0279538
-0.0276225
-0.0272877
-0.0269335
-0.02653
-0.0260971
-0.025605
-0.0250786
-0.0245555
-0.0240784
-0.0236962
-0.0235597
-0.0236658
-0.0241036
-0.024915
-0.026109
-0.0276714
-0.0296035
-0.0318155
-0.0342779
-0.037034
-0.0400554
-0.043394
-0.0468807
-0.0503869
-0.0539327
-0.0576539
-0.0611348
-0.0642797
-0.0672918
-0.0699026
-0.0721933
-0.0740099
-0.0753994
-0.0763228
-0.0768676
-0.0770995
-0.0771153
-0.0769745
-0.0767188
-0.0763673
-0.0759105
-0.0753726
-0.0746054
-0.0736589
-0.0725416
-0.0712929
-0.069892
-0.0684185
-0.0668013
-0.0650333
-0.0630694
-0.0608969
-0.0585779
-0.0557897
-0.0527808
-0.0498533
-0.0467041
-0.0433355
-0.0400776
-0.0369069
-0.0338958
-0.0309892
-0.0282175
-0.025485
-0.0228248
-0.0201882
-0.0175791
-0.0151719
-0.0128493
-0.0107264
-0.00878293
-0.00705226
-0.0055406
-0.00425926
-0.0029563
-0.00167926
-0.000440117
0.000752213
0.00184079
0.00279873
0.00355427
0.00409885
0.00427642
0.00440799
0.00462767
0.00486502
0.00515581
0.00544351
0.00561539
0.00546225
0.00476764
0.0032349
0.000831473
-0.00284143
-0.00611657
-0.0100167
-0.0142372
-0.0189315
-0.0218117
-0.023436
-0.0234599
-0.0216613
-0.0179393
-0.0126661
-0.00659911
-0.000243596
0.00566958
0.011784
0.0193167
0.0262147
0.0310359
0.0377938
0.0441877
0.0490211
0.0540728
0.0589339
0.063369
0.068149
0.071709
0.0741703
0.0756579
0.0765218
0.0771614
0.0782598
0.0802709
0.0835316
0.0869874
0.0928724
0.0980722
0.10371
0.109511
0.11511
0.120811
0.124077
0.126148
0.127015
0.126949
0.126324
0.125378
0.124504
0.123957
0.123993
0.12385
0.123901
0.122943
0.120806
0.117886
0.113735
0.106859
0.100285
0.0930426
0.0846727
0.0750463
0.0647334
0.0539274
0.0431324
0.0331644
0.0243535
0.016882
0.0108496
0.00595236
0.00190601
-0.00087522
-0.00238066
-0.00274999
-0.00207859
-0.000590751
0.00157796
0.00491596
0.00786857
0.0111167
0.0146428
0.0182291
0.0218969
0.0256163
0.0292078
0.0328112
0.0361629
0.0393206
0.0420987
0.044493
0.0470428
0.0486722
0.0501424
0.0514286
0.0526091
0.0540405
0.0551366
0.0562243
0.0572245
0.0580755
0.0587557
0.0591879
0.0595427
0.0600476
0.0608705
0.0623042
0.0643919
0.0672843
0.0699989
0.072601
0.0772314
0.0821263
0.0871891
0.0920952
0.0956525
0.0993222
0.103337
0.106473
0.108154
0.109406
0.110164
0.110515
0.110561
0.110372
0.10998
0.10923
0.108589
0.10785
0.107059
0.105975
0.104928
0.103952
0.103037
0.102455
0.101664
0.101163
0.100662
0.0999939
0.099511
0.0989073
0.0984942
0.098037
0.0976877
0.0974415
0.0973497
0.0973038
0.0972815
0.097236
0.0971978
0.0971277
0.0970324
0.0969276
0.0968376
0.0967928
0.0968008
0.096868
0.0969821
0.0971201
0.0972516
0.0973605
0.0974151
0.0973948
0.097349
0.0972833
0.0972195
0.0971992
0.0972356
0.0973184
0.097427
0.0975312
0.0975914
0.0975882
0.097509
0.0973502
0.0971677
0.0969929
0.0968518
0.0967949
0.0968352
0.0969477
0.0970847
0.0971854
0.0971937
0.0970385
0.0967276
0.0963057
0.0958696
0.0955674
0.095592
0.0960632
0.0970804
0.0986141
0.100642
0.103124
0.104696
0.108313
0.112144
0.116204
0.120247
0.124069
0.126511
0.129881
0.132892
0.135404
0.136909
0.13888
0.140509
0.141816
0.142789
0.143426
0.143739
0.143778
0.143512
0.143112
0.142451
0.141877
0.140903
0.139746
0.138627
0.137706
0.13623
0.134674
0.133103
0.13206
0.130597
0.129249
0.12802
0.126908
0.125866
0.1249
0.123868
0.122763
0.121595
0.120767
0.119476
0.118237
0.117051
0.115922
0.114891
0.113968
0.113182
0.112487
0.111744
0.110967
0.110242
0.109527
0.108918
0.108558
0.108473
0.108717
0.109309
0.110195
0.111133
0.111849
0.112037
0.111545
0.110203
0.107836
0.104858
0.101516
0.0978494
0.0938307
0.0895189
0.085107
0.0807365
0.076513
0.0726021
0.0690624
0.0658798
0.0631354
0.060948
0.0591911
0.0577319
0.0564701
0.0553561
0.0542714
0.0531611
0.0520296
0.0509184
0.0499139
0.0491578
0.0487777
0.0489073
0.0494019
0.0499589
0.0503844
0.0502457
0.0489606
0.0464582
0.0422153
0.0370021
0.0309816
0.0217105
0.0145379
0.00382742
-0.00722016
-0.0177693
-0.0281848
-0.0388378
-0.049129
-0.0591818
-0.0697125
-0.0810928
-0.0929617
-0.104244
-0.116379
-0.128799
-0.137219
-0.145397
-0.155127
-0.162758
-0.168991
-0.173537
-0.176686
-0.177846
-0.179133
-0.179731
-0.179843
-0.179575
-0.178974
-0.178413
-0.1772
-0.176377
-0.174545
-0.172374
-0.169911
-0.167207
-0.164352
-0.161426
-0.158618
-0.155739
-0.152722
-0.149534
-0.146121
-0.142352
-0.138108
-0.134832
-0.131193
-0.12626
-0.121559
-0.117412
-0.113987
-0.111457
-0.110867
-0.109653
-0.108595
-0.107121
-0.104574
-0.100266
-0.095628
-0.0875433
-0.0775698
-0.0691891
-0.0567271
-0.0476495
-0.0390377
-0.0274863
-0.0175084
-0.0089812
-0.00283331
0.00279055
0.00752502
0.0114925
0.0153505
0.0178328
0.0217649
0.025625
0.0292126
0.0321879
0.0350421
0.0365668
0.0386127
0.0402931
0.0416071
0.0424934
0.0428585
0.042588
0.0417241
0.0401202
0.0378754
0.0352269
0.0320784
0.0286151
0.025086
0.0212528
0.0175845
0.0138648
0.00931893
0.00429346
-0.00113644
-0.00456932
-0.0102007
-0.0154518
-0.0200391
-0.0223307
-0.025107
-0.0270416
-0.0277498
-0.0286526
-0.0300694
-0.0326191
-0.0354838
-0.038253
-0.0402805
-0.0409811
-0.0399333
-0.037166
-0.0333727
-0.0299533
-0.0288151
-0.0309374
-0.0394961
-0.0548335
-0.0735525
-0.0955481
-0.129133
-0.155578
-0.182325
-0.220768
-0.257167
-0.289674
-0.318289
-0.334482
-0.357073
-0.37696
-0.395729
-0.413348
-0.426013
-0.438934
-0.455747
-0.469675
-0.480277
-0.485183
-0.489459
-0.491129
-0.491338
-0.491452
-0.491838
-0.493061
-0.494988
-0.497324
-0.499416
-0.500638
-0.500617
-0.499257
-0.496806
-0.494163
-0.491048
-0.488214
-0.485901
-0.485194
-0.482876
-0.479525
-0.474417
-0.467132
-0.457732
-0.44667
-0.434989
-0.423958
-0.414429
-0.410235
-0.403279
-0.3969
-0.38935
-0.379097
-0.364582
-0.345014
-0.325198
-0.302145
-0.277503
-0.253119
-0.223369
-0.196397
-0.17046
-0.146871
-0.122842
-0.0984775
-0.0692587
-0.0346
0.00371764
0.0368274
0.0742193
0.112674
0.150264
0.184454
0.21092
0.230055
0.240645
0.243859
0.24148
0.235604
0.22863
0.221165
0.214397
0.205146
0.196015
0.189501
0.177977
0.168586
0.154078
0.142209
0.130007
0.115751
0.105885
0.0977767
0.091432
0.0842352
0.0785449
0.0734923
0.0686941
0.0642659
0.0607451
0.0571092
0.0540135
0.051787
0.0506984
0.0506988
0.0513566
0.0529543
0.0544055
0.0557959
0.0575442
0.0592231
0.0610635
0.0627241
0.0649506
0.0677774
0.0710478
0.0742693
0.0770352
0.0789908
0.0801224
0.0811252
0.0821145
0.0836708
0.0871206
0.0931313
0.102431
0.114464
0.129878
0.146843
0.163639
0.180788
0.196462
0.214207
0.228419
0.240701
0.249441
0.256793
0.262826
0.267803
0.271968
0.274105
0.276328
0.277918
0.278404
0.277514
0.275099
0.270197
0.265562
0.260489
0.255497
0.249452
0.244124
0.240739
0.236396
0.233606
0.22939
0.226128
0.222415
0.218464
0.214787
0.211317
0.208454
0.206542
0.205575
0.205451
0.205919
0.206699
0.207628
0.20834
0.208817
0.209077
0.209243
0.209433
0.209846
0.210509
0.211429
0.212481
0.213534
0.214395
0.214942
0.215121
0.21494
0.214508
0.213959
0.213444
0.21308
0.212917
0.212929
0.213019
0.213068
0.212938
0.212563
0.211885
0.210995
0.209988
0.209029
0.208275
0.207694
0.207593
0.207721
0.207964
0.208032
0.207877
0.207371
0.206497
0.205389
0.204335
0.203729
0.203941
0.205492
0.20821
0.212362
0.217851
0.224941
0.233546
0.243337
0.254495
0.266861
0.280194
0.294078
0.308262
0.322163
0.335215
0.347988
0.359926
0.370889
0.381179
0.393424
0.402137
0.413175
0.421192
0.429528
0.43779
0.445915
0.453703
0.461458
0.469119
0.476305
0.483144
0.488983
0.4942
0.498582
0.502084
0.504883
0.506651
0.508035
0.50869
0.508812
0.508603
0.508194
0.507645
0.506875
0.506015
0.505022
0.503939
0.503001
0.501996
0.500845
0.499684
0.498414
0.496981
0.495372
0.493625
0.491515
0.489116
0.486417
0.483481
0.480291
0.476773
0.473065
0.469328
0.465964
0.462171
0.458282
0.454456
0.450689
0.447097
0.443724
0.440511
0.437245
0.434093
0.431078
0.428069
0.42497
0.42208
0.419256
0.416821
0.414345
0.411892
0.409709
0.407778
0.406166
0.404815
0.403715
0.402745
0.401857
0.401011
0.400199
0.399342
0.398487
0.397678
0.396879
0.396134
0.395444
0.394791
0.394175
0.393575
0.39296
0.39235
0.391724
0.391091
0.390526
0.389937
0.389363
0.388806
0.388252
0.387699
0.38715
0.386611
0.386029
0.385418
0.384822
0.384226
0.383657
0.383004
0.382323
0.381637
0.380888
0.380106
0.379282
0.378451
0.377657
0.376829
0.375966
0.375114
0.37422
0.373292
0.372337
0.371376
0.370443
0.36957
0.368783
0.368092
0.367358
0.366578
0.365588
0.364264
0.362269
0.359262
0.355127
0.349535
0.342807
0.333974
0.323326
0.310987
0.297147
0.280817
0.263365
0.2449
0.225462
0.205229
0.18478
0.164175
0.145094
0.12492
0.106675
0.0894867
0.0726314
0.0566864
0.0427842
0.0292006
0.0171841
0.00594353
-0.00435318
-0.0137486
-0.0228411
-0.03131
-0.0390479
-0.0460956
-0.052584
-0.0576719
-0.0624331
-0.0663091
-0.0693048
-0.0712545
-0.0724329
-0.0729249
-0.072921
-0.0726345
-0.0722148
-0.0716817
-0.0711395
-0.0707614
-0.0707057
-0.0710371
-0.0718261
-0.0730826
-0.0746133
-0.0767262
-0.0793364
-0.0824923
-0.0862011
-0.0905163
-0.0953133
-0.100503
-0.106375
-0.112801
-0.119579
-0.125888
-0.132776
-0.140178
-0.147331
-0.15421
-0.16104
-0.167785
-0.17419
-0.180449
-0.186306
-0.192087
-0.197694
-0.203244
-0.208074
-0.213321
-0.21844
-0.223371
-0.228085
-0.23233
-0.236335
-0.239893
-0.243197
-0.246127
-0.248649
-0.250872
-0.252852
-0.25453
-0.256153
-0.257549
-0.258708
-0.259576
-0.260139
-0.26039
-0.260349
-0.260069
-0.259664
-0.259214
-0.25874
-0.258222
-0.257589
-0.256821
-0.255717
-0.254168
-0.252026
-0.249356
-0.246431
-0.243026
-0.239707
-0.2364
-0.233404
-0.230695
-0.228223
-0.226022
-0.223949
-0.221821
-0.219172
-0.215667
-0.211522
-0.206545
-0.203092
-0.199173
-0.195617
-0.190213
-0.18421
-0.178381
-0.173148
-0.167401
-0.162338
-0.156292
-0.150057
-0.143516
-0.139316
-0.132447
-0.125657
-0.11884
-0.111945
-0.10519
-0.0985947
-0.091832
-0.087441
-0.0804232
-0.0736621
-0.067014
-0.0604319
-0.0541744
-0.0481448
-0.0426287
-0.0374084
-0.0321879
-0.0270157
-0.0218669
-0.0166164
-0.011436
-0.00699723
-0.00202369
0.00297978
0.00761917
0.0122653
0.0169071
0.0214608
0.0263579
0.031633
0.037311
0.0434491
0.049978
0.0571068
0.0643772
0.0717128
0.0790684
0.0867624
0.0946312
0.102665
0.11072
0.11894
0.127324
0.134777
0.143432
0.152519
0.161804
0.171173
0.180674
0.190443
0.200455
0.211076
0.222174
0.234045
0.24605
0.259554
0.273295
0.287665
0.302185
0.317017
0.330433
0.344714
0.359069
0.37301
0.385974
0.398014
0.40915
0.419336
0.428303
0.436276
0.44308
0.449104
0.454683
0.460096
0.466057
0.472729
0.479894
0.487222
0.492833
0.498345
0.503609
0.50977
0.513713
0.517737
0.520648
0.522018
0.523388
0.524054
0.524305
0.524204
0.523659
0.522514
0.520579
0.517804
0.515009
0.511275
0.506574
0.501051
0.494824
0.488078
0.481087
0.471743
0.464267
0.455503
0.44679
0.437523
0.427888
0.415021
0.404828
0.393373
0.381292
0.367918
0.353904
0.339584
0.325149
0.310791
0.297702
0.284674
0.27263
0.262788
0.254426
0.248377
0.244687
0.243519
0.244702
0.2485
0.254735
0.263781
0.275781
0.291199
0.30998
0.331923
0.356852
0.382891
0.411762
0.442698
0.474732
0.507257
0.540239
0.572342
0.600602
0.629354
0.656985
0.683071
0.707515
0.731312
0.752994
0.773521
0.792767
0.810604
0.826274
0.840807
0.85292
0.862914
0.870945
0.877853
0.883274
0.887467
0.890207
0.891632
0.891555
0.8898
0.886508
0.881647
0.875879
0.868293
0.859882
0.850326
0.840515
0.829971
0.819054
0.807478
0.796262
0.785164
0.774178
0.762903
0.751559
0.740327
0.729026
0.718233
0.708347
0.698493
0.689575
0.681367
0.674501
0.668176
0.662525
0.65776
0.653759
0.65064
0.648376
0.647022
0.646581
0.64704
0.648039
0.64998
0.652687
0.655929
0.659808
0.664067
0.668217
0.672741
0.677598
0.682433
0.68721
0.691875
0.69637
0.700845
0.705197
0.709384
0.71333
0.717127
0.72074
0.723857
0.727045
0.729943
0.732489
0.734628
0.736339
0.73758
0.738339
0.738617
0.738475
0.738094
0.737702
0.737023
0.736137
0.734972
0.733601
0.731929
0.729945
0.727661
0.725095
0.722336
0.719517
0.718793
0.716189
0.713663
0.711534
0.709755
0.708383
0.707221
0.706293
0.7053
0.705039
0.704334
0.703697
0.703103
0.702549
0.702212
0.701993
0.701944
0.702034
0.702211
0.702397
0.702536
0.702634
0.702635
0.702598
0.702526
0.702432
0.702315
0.702154
0.70197
0.701677
0.70118
0.700429
0.699432
0.69823
0.696879
0.6955
0.694129
0.692833
0.691625
0.690508
0.689453
0.68839
0.687247
0.686071
0.684861
0.683639
0.682132
0.680928
0.679236
0.677871
0.676258
0.674374
0.672153
0.66963
0.666851
0.664035
0.661125
0.658476
0.655785
0.653219
0.651043
0.649266
0.647651
0.645916
0.643899
0.641495
0.638721
0.635575
0.63227
0.628313
0.623807
0.619454
0.614774
0.609155
0.602463
0.594551
0.585439
0.575918
0.56689
0.558897
0.551899
0.546245
0.541451
0.537204
0.532449
0.525477
0.514922
0.498855
0.475434
0.445825
0.410541
0.369597
0.329721
0.28038
0.231359
0.178892
0.125328
0.0724714
0.0205488
-0.031324
-0.0834002
-0.13187
-0.174242
-0.219317
-0.26338
-0.30728
-0.346989
-0.3826
-0.415184
-0.446851
-0.474714
-0.499545
-0.51929
-0.539368
-0.557508
-0.572786
-0.58584
-0.596056
-0.60322
-0.606332
-0.605585
-0.601385
-0.594013
-0.583833
-0.570461
-0.555436
-0.537805
-0.518277
-0.498053
-0.475268
-0.451077
-0.426234
-0.401055
-0.375683
-0.349112
-0.323176
-0.297197
-0.271707
-0.246738
-0.223013
-0.201793
-0.179915
-0.160722
-0.142827
-0.126947
-0.113946
-0.10327
-0.0954538
-0.0899272
-0.0864064
-0.0843815
-0.0834007
-0.0831357
-0.0834679
-0.0844114
-0.0860088
-0.0885724
-0.0921947
-0.0967943
-0.101982
-0.108361
-0.11511
-0.122165
-0.129202
-0.135963
-0.142226
-0.147906
-0.153023
-0.157895
-0.162585
-0.167094
-0.171578
-0.176086
-0.180649
-0.185025
-0.189143
-0.19274
-0.196037
-0.198941
-0.201677
-0.204134
-0.206697
-0.209229
-0.211772
-0.214225
-0.216467
-0.218307
-0.219822
-0.220966
-0.22162
-0.221768
-0.221373
-0.220646
-0.219125
-0.21669
-0.213323
-0.208368
-0.201646
-0.192664
-0.181513
-0.168501
-0.153743
-0.138435
-0.120535
-0.10101
-0.0804838
-0.0597964
-0.0385914
-0.0184442
0.0017067
0.021777
0.0407118
0.0582457
0.0741166
0.0894254
0.103408
0.1159
0.127188
0.136874
0.145392
0.152622
0.158511
0.163218
0.166967
0.169633
0.171413
0.172272
0.172217
0.171341
0.169665
0.167322
0.164274
0.160613
0.156477
0.152
0.147192
0.141864
0.136427
0.130528
0.124938
0.119237
0.113633
0.108458
0.10303
0.0979003
0.0930135
0.0886619
0.0844733
0.0806367
0.0771952
0.0740165
0.0713007
0.0691044
0.0672642
0.0657854
0.0646758
0.0639522
0.0636757
0.0640256
0.0650776
0.0668971
0.0695808
0.0733533
0.0780843
0.0838089
0.0900886
0.0968506
0.104201
0.111029
0.11827
0.12494
0.131487
0.137294
0.141963
0.146571
0.150397
0.153448
0.155474
0.15638
0.155859
0.154118
0.150799
0.146058
0.139626
0.132375
0.124188
0.115879
0.105646
0.0949553
0.0845414
0.0749201
0.0668754
0.0589911
0.0517071
0.0452746
0.0395946
0.0345016
0.0301445
0.0263068
0.0230641
0.0204274
0.017946
0.0156384
0.0132939
0.0107419
0.00812791
0.00548798
0.00198203
-0.00179721
-0.00569735
-0.00976946
-0.0138458
-0.0178041
-0.0216106
-0.0247626
-0.0279445
-0.0307134
-0.0333143
-0.0354905
-0.0372923
-0.0388563
-0.0399969
-0.0406741
-0.0409538
-0.0408564
-0.0404497
-0.0398346
-0.0390668
-0.0381566
-0.0371307
-0.0360097
-0.0346918
-0.033172
-0.0314834
-0.0296997
-0.027796
-0.0258376
-0.0239267
-0.0220806
-0.0201387
-0.0178705
-0.0152623
-0.0122258
-0.00874978
-0.00414612
0.00130927
0.00708384
0.0139995
0.0222166
0.0308671
0.0396349
0.0483652
0.0573016
0.0660133
0.0743901
0.0822022
0.0894588
0.0961364
0.101929
0.10714
0.111685
0.115495
0.118586
0.120909
0.122534
0.123493
0.123841
0.123738
0.123372
0.122845
0.122242
0.121682
0.121206
0.120766
0.120339
0.120007
0.119667
0.119306
0.118914
0.118483
0.118016
0.117459
0.116846
0.116091
0.115221
0.114222
0.113115
0.111908
0.110672
0.109332
0.107853
0.106258
0.104576
0.1029
0.101327
0.0998385
0.0985632
0.0974817
0.0965552
0.0958195
0.0952139
0.0947274
0.0942858
0.0938506
0.0934194
0.0928988
0.0922964
0.0916871
0.0911213
0.0906285
0.0902755
0.0900624
0.0899456
0.0898709
0.0897903
0.0896448
0.0894128
0.0890998
0.0887549
0.088451
0.0882584
0.0882214
0.0883377
0.0885519
0.0887561
0.0888318
0.0886922
0.0882164
0.0873696
0.0861669
0.084691
0.0830112
0.0813562
0.079508
0.0774929
0.0749287
0.0716561
0.067723
0.0626875
0.0565399
0.0489305
0.0404187
0.0306505
0.0201495
0.00928593
-0.000886339
-0.0106292
-0.020422
-0.0297935
-0.0387373
-0.0469185
-0.054214
-0.0617488
-0.0688041
-0.0758727
-0.0828406
-0.0895267
-0.0953514
-0.101544
-0.106931
-0.111636
-0.115367
-0.118347
-0.120539
-0.122345
-0.123504
-0.124771
-0.125697
-0.126517
-0.126997
-0.127081
-0.126719
-0.126045
-0.124839
-0.123277
-0.121457
-0.119835
-0.117971
-0.116275
-0.114333
-0.112431
-0.110515
-0.108599
-0.10701
-0.105062
-0.102982
-0.10089
-0.0987544
-0.096453
-0.0940012
-0.0915359
-0.0890432
-0.086155
-0.0831005
-0.0799283
-0.0767056
-0.0739129
-0.0714332
-0.0690257
-0.0666329
-0.0644894
-0.0626395
-0.061171
-0.0598944
-0.0589853
-0.0585582
-0.0589071
-0.0602339
-0.0625163
-0.0655562
-0.0702286
-0.0765007
-0.0835931
-0.0910407
-0.0998966
-0.10888
-0.116568
-0.125572
-0.134271
-0.142758
-0.15052
-0.158032
-0.164749
-0.171538
-0.177991
-0.18437
-0.190647
-0.196955
-0.203163
-0.209046
-0.214708
-0.220281
-0.22515
-0.229553
-0.233305
-0.236415
-0.238845
-0.240835
-0.242466
-0.243859
-0.245218
-0.246529
-0.247734
-0.248496
-0.24846
-0.246946
-0.243458
-0.237411
-0.228335
-0.217748
-0.204815
-0.186839
-0.166047
-0.145352
-0.121679
-0.0970442
-0.0712234
-0.0455301
-0.0202858
0.00449997
0.0286181
0.0529559
0.076225
0.0995812
0.122499
0.14499
0.166365
0.185972
0.203852
0.221483
0.237763
0.25299
0.266299
0.278705
0.290132
0.300171
0.308895
0.316243
0.322328
0.32672
0.329937
0.331799
0.3324
0.33196
0.330656
0.328683
0.326162
0.323099
0.319541
0.315394
0.310683
0.30549
0.299847
0.293758
0.288212
0.282781
0.277059
0.271788
0.267446
0.263937
0.261438
0.260083
0.260862
0.26477
0.271922
0.283166
0.299064
0.321856
0.350597
0.38452
0.423634
0.462169
0.500648
0.542089
0.582701
0.620793
0.653393
0.680201
0.701031
0.716759
0.72947
0.740957
0.752301
0.765973
0.782557
0.801359
0.821811
0.845886
0.870715
0.893456
0.914395
0.936276
0.95701
0.973917
0.986361
0.994673
0.999005
1
0.998485
0.994734
0.989077
0.982021
0.973688
0.965031
0.955853
0.945269
0.933728
0.921509
0.908066
0.893866
0.87876
0.86332
0.848377
0.832488
0.816411
0.802652
0.788332
0.775133
0.761725
0.749698
0.739138
0.730042
0.722456
0.716443
0.71177
0.70802
0.705104
0.702917
0.701277
0.700158
0.699509
0.69941
0.69998
0.701223
0.703158
0.705704
0.708518
0.711355
0.713923
0.71621
0.717561
0.717833
0.717107
0.715691
0.714039
0.71262
0.711862
0.711996
0.712859
0.714182
0.715168
0.714734
0.712622
0.7081
0.700994
0.692734
0.683776
0.674081
0.663632
0.652878
0.639825
0.627589
0.616903
0.608896
0.601287
0.595531
0.591138
0.5884
0.588006
0.587247
0.587736
0.589683
0.595348
0.60146
0.609491
0.619169
0.629669
0.640319
0.650766
0.662322
0.670014
0.676006
0.680065
0.683699
0.68476
0.686167
0.687207
0.688535
0.690194
0.691956
0.693308
0.69343
0.691866
0.687946
0.680813
0.669937
0.654886
0.636159
0.612596
0.589303
0.566788
0.540055
0.511875
0.48428
0.457892
0.433883
0.411385
0.389464
0.369201
0.348154
0.325776
0.302116
0.276653
0.248455
0.219014
0.188229
0.157996
0.128388
0.0976107
0.0685162
0.0396899
0.0114366
-0.0159068
-0.0428038
-0.0682662
-0.0922892
-0.114819
-0.135955
-0.155274
-0.172452
-0.187237
-0.200621
-0.211744
-0.220346
-0.226602
-0.23083
-0.233096
-0.233658
-0.232651
-0.230274
-0.226672
-0.221883
-0.21624
-0.209651
-0.2024
-0.194662
-0.186788
-0.178368
-0.170028
-0.161586
-0.153333
-0.145031
-0.136715
-0.128734
-0.120932
-0.113193
-0.105281
-0.0978701
-0.0909711
-0.0833176
-0.075176
-0.0672252
-0.059512
-0.052699
-0.0457652
-0.0383036
-0.0312422
-0.0245858
-0.0187081
-0.0134347
-0.0087344
-0.00447291
-0.000664584
0.00285937
0.00605574
0.00911895
0.0119824
0.0147312
0.0170185
0.0187021
0.0195851
0.0196024
0.0185072
0.0165633
0.0139218
0.0105219
0.00664934
0.00243673
-0.00179652
-0.00609364
-0.0102203
-0.0141366
-0.0176158
-0.0207706
-0.0236038
-0.02636
-0.0289638
-0.0315644
-0.0341827
-0.0367383
-0.0391727
-0.0413828
-0.0433311
-0.045161
-0.0468438
-0.048427
-0.0499859
-0.0514163
-0.0529693
-0.0544729
-0.0556963
-0.0564337
-0.0566932
-0.056215
-0.0546476
-0.0521393
-0.0486186
-0.0440904
-0.0386417
-0.0320929
-0.0248985
-0.0171774
-0.00898188
-0.000597229
0.00786502
0.0160026
0.0238688
0.0309959
0.0377811
0.044059
0.0502571
0.0565694
0.0631703
0.0699772
0.0772311
0.084825
0.0926661
0.100883
0.10851
0.116631
0.124735
0.132556
0.139489
0.146707
0.153834
0.160769
0.167386
0.173652
0.179485
0.184671
0.189371
0.193181
0.19618
0.198758
0.200946
0.202997
0.204903
0.206672
0.208153
0.208998
0.208783
0.207149
0.203839
0.199011
0.19237
0.183854
0.173942
0.162444
0.150126
0.135888
0.118927
0.0987106
0.0768353
0.0537976
0.0278737
0.00039144
-0.0285035
-0.0598848
-0.0925852
-0.125134
-0.156698
-0.188252
-0.217926
-0.246187
-0.271803
-0.295249
-0.316505
-0.335961
-0.353734
-0.369515
-0.384036
-0.396745
-0.408104
-0.41764
-0.425128
-0.431057
-0.435296
-0.437951
-0.439268
-0.439488
-0.438842
-0.437384
-0.435275
-0.432487
-0.429222
-0.425688
-0.421555
-0.416821
-0.411917
-0.406534
-0.400812
-0.394681
-0.38778
-0.380526
-0.37268
-0.364266
-0.355475
-0.34608
-0.335889
-0.325278
-0.314622
-0.304227
-0.294258
-0.284792
0
0
0
0
0
0
0
0
0
0
0
0
0
0
0
0
0
0
0
0
0
0
0
0
0
0
0
0
0
0
0
0
0
0
0
0
0
0
0
0
0
0
0
0
0
0
0
0
0
0
0
0
0
0
0
0
0
0
0
0
0
0
0
0
0
0
0
0
0
0
0
0
0
0
0
0
0
0
0
0
0
0
0
0
0
0
0
0
0
0
0
0
0
0
0
0
0
0
0
0
0
0
0
0
0
0
0
0
0
0
0
0
0
0
0
0
0
0
0
0
0
0
0
0
0
0
0
0
0
0
0
0
0
0
0
0
0
0
0
0
0
0
0
0
0
0
0
0
0
0
0
0
0
0
0
0
0
0
0
0
0
0
0
0
0
0
0
0
0
0
0
0
0
0
0
0
0
0
0
0
0
0
0
0
0
0
0
0
0
0
0
0
0
0
0
0
0
0
0
0
0
0
0
0
0
0
0
0
0
0
0
0
0
0
0
0
0
0
0
0
0
0
0
0
0
0
0
0
0
0
0
0
0
0
0
0
0
0
0
0
0
0
0
0
0
0
0
0
0
0
0
0
0
0
0
0
0
0
0
0
0
0
0
0
0
0
0
0
0
0
0
0
0
0
0
0
0
0
0
0
0
0
0
0
0
0
0
0
0
0
0
0
0
0
0
0
0
0
0
0
0
0
0
0
0
0
0
0
0
0
0
0
0
0
0
0
0
0
0
0