
-667.344
333.015
588.45
-1744.18
2743.89
-3254.31
3118.63
-2423.11
1425.27
-582.415
191.002
-375.685
1006.16
-1771.32
2234.03
-2127.45
1554.18
-503.251
-816.466
1743.51
-1828.09
1341.5
-483.502
-695.843
1631.37
-1862.68
1369.73
-458.736
-567.925
1400.44
-1613.6
949.709
353.071
-1586.06
2280.81
-2260.13
1518.86
-66.5336
-1766.78
3191.43
-3715.28
3109.74
-1647.29
-3.00809
1518.03
-2578.9
2518.44
-1387.93
-91.2873
1604.62
-2568.34
2449.94
-1486.66
4.64534
1591.99
-2528.31
2487.73
-1703.36
128.599
1717.06
-2932.17
3179.29
-2692.33
1820.1
-339.032
-1322.21
2099.58
-1805.97
1013.09
-223.285
-503.409
1137.85
-1238.03
300.632
933.947
-1467.94
1685.81
-1753.98
1118.18
128.029
-1370.37
2040.81
-1922.88
1360.46
-413.159
-751.348
1340.13
-1236.92
837.723
-326.453
-304.018
882.35
-948.884
440.583
241.752
-860.212
1421.1
-1511.61
1090.46
-582.17
-186.865
959.653
-1259.15
1301.11
-1132.45
613.26
66.0635
-625.42
899.589
-825.299
373.91
313.444
-739.558
727.347
-569.481
195.26
430.702
-794.304
756.616
-519.224
63.6821
309.957
-444.161
533.723
-530.471
424.941
-208.435
-83.8607
221.505
-144.014
6.2342
123.868
-216.278
155.135
2.0162
-136.695
182.384
-170.353
255.809
-291.368
88.9905
166.81
-278.382
187.179
-16.6087
-31.6519
57.303
-138.407
108.207
45.1432
-111.476
28.1226
-2.35275
60.752
-55.8473
-24.6642
99.3187
-133.884
116.988
1.432
-43.5698
-48.4521
64.593
-43.0495
63.8555
-71.1712
14.5448
68.9859
-128.91
225.898
-283.424
114.772
200.964
-375.223
293.812
-68.7401
-175.933
333.814
-348.176
242.115
-68.0164
-56.8538
142.498
-261.489
272.797
-116.62
-87.1951
204.716
-217.146
207.829
-155.129
57.5317
46.239
-131.261
165.915
-151.807
80.4063
46.4099
-207.553
294.067
-244.493
123.045
52.4949
-210.436
276.731
-247.888
110.078
58.0068
-170.088
213.113
-159.945
29.3203
121.335
-215.935
172.647
-37.1574
-42.1228
36.4739
-69.0421
154.129
-189.256
104.642
51.1264
-139.129
169.273
-158.048
62.6837
30.2969
-64.9834
82.7072
-111.759
94.3066
11.5611
-104.436
103.09
-54.0325
10.9087
45.2484
-105.052
127.738
-128.991
98.5322
-28.6795
-40.1945
76.0698
-40.6921
-6.58607
-5.24125
19.0522
-6.88848
-23.9142
53.5862
-54.8962
33.123
-1.8357
-8.94622
2.13594
-3.34577
20.5656
-12.8133
-36.8877
66.6552
-80.7282
86.0617
-54.3249
-4.38998
73.7511
-103.884
77.6082
-33.7541
-11.5755
40.3625
-41.8446
27.9276
-10.0456
-9.62435
27.5661
-24.1782
6.31167
11.4708
-22.1675
24.9665
-30.9825
17.5212
-8.01004
21.9913
-19.975
2.73563
27.225
-43.8265
28.7756
-6.16779
-14.4298
17.4112
-13.2824
19.7883
-27.7573
18.5262
3.18084
-4.81376
-12.5378
31.5907
-35.7822
28.1495
-28.0855
12.9505
6.42855
5.43784
-20.9478
16.4049
7.72787
-24.9724
9.17658
10.8691
-16.5024
17.4964
-29.4702
41.5847
-28.4223
-6.32296
41.2955
-41.2534
9.25257
36.8981
-72.2789
61.123
-27.9687
-5.59968
24.2433
-16.6126
14.318
-21.9751
24.4774
-12.1588
-16.5835
38.8071
-38.127
20.2239
-5.86126
1.05032
6.07536
-18.4894
32.1851
-24.1575
-4.88237
33.7295
-54.268
44.1937
-21.2733
5.38511
9.32038
-13.3315
16.9397
-19.3314
18.1709
-10.5638
-16.4858
50.199
-64.0022
37.704
3.04486
-29.2856
35.0948
-17.2384
-8.36568
33.9112
-43.4189
32.9548
-25.1033
12.5747
3.60249
-10.4996
9.09178
3.79112
-20.1428
31.9827
-27.4787
5.29348
11.4554
-14.6808
4.82688
6.1504
-13.7319
17.6004
-10.8768
3.6421
4.71035
0.444043
-18.6882
23.9693
-19.6463
5.00499
8.03357
-6.96105
0.12421
7.06708
-6.45518
2.80713
-3.42238
8.80661
-12.9468
8.79839
-0.855251
-10.9024
15.6564
-5.2947
-6.82629
15.8982
-15.6405
13.7906
-19.5201
17.5954
-12.7628
6.92308
-0.271033
1.65768
-3.57261
4.46191
-4.77164
8.47663
-15.4684
21.238
-20.3594
5.19241
10.1924
-16.6547
7.74416
13.1812
-25.8824
31.7579
-27.79
14.8168
-4.07326
-9.36723
14.276
0.80514
-21.6148
32.5721
-25.7957
8.07373
7.53943
-10.7714
3.19475
4.2643
-7.74829
4.54321
-3.73951
5.59533
-5.04146
8.60206
-9.57138
10.6631
-12.2267
9.18147
-5.91189
1.15281
0.368107
3.06326
-7.52926
9.33226
-8.65217
8.09695
-6.66758
5.95751
-5.33274
5.27926
-5.93566
6.47297
-6.80047
6.74491
-6.79653
6.35548
-6.39705
5.60657
-4.66935
5.35589
-7.3968
9.97345
-11.0328
9.77709
-5.41588
1.40198
-0.895755
2.98044
-7.25741
10.1651
-9.75863
8.69327
-7.15747
7.09519
-7.34163
5.57578
-4.60532
1.70359
-0.275324
2.66051
-5.72491
9.74977
-10.6793
10.1919
-9.50572
8.46259
-6.27966
2.58635
-1.71802
2.79236
-7.19963
12.0259
-14.5983
13.5754
-6.5395
2.39109
-2.55739
4.38342
-8.06618
9.21134
-8.31867
7.84453
-8.44991
10.2602
-10.1472
7.24838
-4.72577
4.63342
-6.1223
7.51002
-8.83392
8.10736
-7.35947
7.7206
-7.19587
7.93476
-6.77651
6.0503
-6.88648
5.48599
-4.99948
4.72997
-6.07879
9.56367
-11.6305
10.4838
-6.8441
3.71491
-1.75573
2.60215
-4.32588
5.24176
-7.14468
8.49598
-9.17947
8.41779
-5.99471
5.51415
-4.89582
3.4518
-4.42854
5.19886
-6.26778
7.7181
-8.24356
9.43073
-10.3098
10.1191
-7.86388
4.99921
-1.91207
0.504452
-2.51722
5.82582
-10.8531
12.7296
-11.8456
10.5455
-6.62195
4.2496
-3.50019
3.69149
-5.5464
6.89825
-9.06336
12.1359
-13.5081
12.8437
-10.2477
5.8269
-1.24071
-0.695604
-1.03527
5.58825
-10.9713
13.2152
-13.1206
10.4528
-6.05518
3.8268
-1.68554
2.4275
-5.58898
7.91178
-10.0478
10.1728
-9.91997
8.76589
-6.90841
5.66167
-5.00675
4.84609
-3.84558
4.40068
-5.40265
6.39498
-7.97141
7.78708
-7.84436
7.44745
-6.0845
6.37739
-6.11008
5.14499
-4.96245
5.14216
-6.79924
8.41385
-9.16042
9.05218
-8.22382
7.83932
-7.23332
6.18013
-3.67556
2.30523
-2.80814
4.68277
-9.25111
12.1337
-13.2837
11.8366
-6.90231
2.9492
-0.862641
2.00121
-5.77474
9.38318
-11.4327
11.7406
-11.0718
9.55014
-7.30796
3.99133
-1.8002
2.72797
-4.86005
7.76785
-9.87852
9.38439
-9.02198
8.60094
-8.18951
7.5494
-4.59968
2.65302
-2.41143
4.11041
-7.83139
10.931
-12.5058
11.3857
-8.25048
3.94048
-1.1238
0.985653
-2.83433
7.09013
-10.0748
10.9508
-10.4364
8.49093
-6.37702
3.81499
-2.5836
3.66789
-5.25788
7.13337
-8.62891
8.70272
-8.19381
7.91164
-8.12558
7.73832
-6.38003
4.68789
-3.85351
4.65585
-6.08112
8.80527
-10.124
9.25518
-8.49425
6.9973
-6.24616
5.34036
-4.48271
5.11836
-5.76032
6.84247
-8.11631
8.93744
-8.82819
8.2598
-7.48201
6.33957
-5.7026
5.06126
-5.2042
6.34159
-6.88738
7.67244
-8.3766
8.22046
-8.27784
7.36377
-6.21214
5.46002
-4.44047
4.58893
-4.90667
5.83681
-7.68041
9.29069
-9.98201
9.1077
-7.5201
4.98524
-3.42067
3.46118
-4.91295
7.8005
-9.29656
9.71971
-8.63897
6.47564
-5.67131
5.39311
-5.26257
5.22993
-5.47555
6.64626
-7.79185
8.2961
-8.3509
8.16532
-7.72967
6.97582
-6.79952
6.49722
-5.95819
5.86412
-6.26779
7.99591
-8.73638
8.55144
-8.16072
6.81381
-6.3539
6.07654
-5.96971
5.87105
-5.72696
6.42441
-7.13804
8.03802
-8.4821
8.58176
-7.81124
6.32731
-5.83061
5.3567
-5.37131
6.0759
-6.87852
8.28167
-8.6417
7.78351
-6.82168
5.52226
-4.91344
4.7817
-5.07338
6.073
-6.82118
7.5549
-7.71096
7.39196
-6.49884
5.91555
-6.32858
6.23914
-6.44409
6.2193
-6.15072
6.76783
-7.07742
8.20507
-8.6261
7.90989
-6.59877
4.95278
-4.30691
4.76554
-6.29751
8.02299
-9.05349
9.09966
-8.21109
7.02957
-5.8635
5.44534
-5.93155
6.46904
-7.35682
8.07598
-8.5766
9.37842
-8.83668
7.63403
-6.32054
5.07948
-4.97919
5.50591
-6.79527
7.89969
-8.51221
8.47041
-7.60287
6.61448
-5.46988
5.43435
-6.07853
7.07602
-8.22792
8.04627
-7.42704
6.75156
-6.25116
6.63067
-6.89723
6.86573
-6.64979
5.66768
-4.74342
4.71894
-5.71777
6.74877
-7.10717
7.20321
-6.82419
6.4589
-5.80262
5.59902
-6.07414
6.17839
-6.72704
6.82419
-7.10247
7.96542
-8.22295
7.97437
-6.83682
5.71189
-4.89123
4.63288
-5.30114
6.38052
-7.50568
7.76756
-7.72897
7.73835
-7.58094
7.44942
-6.6272
5.84358
-5.93152
6.40571
-7.68733
8.98751
-9.62202
9.66911
-8.57826
7.14112
-5.65402
4.7106
-4.58901
5.40814
-7.27046
8.62884
-9.37851
8.57204
-6.75327
5.56228
-5.09143
6.12299
-7.10741
7.62914
-8.13103
7.82752
-7.31894
6.99734
-6.95894
6.84258
-6.35205
5.67102
-5.11658
5.22842
-5.74734
6.29589
-6.68208
6.60549
-6.46594
5.88216
-5.2359
5.63065
-5.956
6.48154
-7.07916
7.11381
-7.25975
7.04655
-6.70203
6.1768
-5.91987
6.12914
-6.24887
6.36536
-6.12123
6.14057
-6.16514
6.36789
-6.90389
6.88986
-7.09693
7.18597
-6.84301
6.75289
-6.67173
6.81273
-7.22351
7.47935
-8.16351
9.04463
-9.09569
8.11294
-6.62605
5.50991
-5.00014
5.50636
-6.77438
8.37916
-9.44522
9.11959
-8.22534
6.57001
-5.3071
5.09666
-5.25951
6.48191
-7.90787
8.83168
-8.99671
8.39388
-7.63233
6.7515
-5.71554
4.81535
-4.85565
5.53007
-6.37043
7.31403
-7.76441
7.97742
-7.69624
6.4736
-5.46858
4.56872
-4.11278
4.99462
-5.96878
7.08723
-8.00022
8.14249
-7.80691
6.62021
-5.35178
4.71563
-4.9765
5.51985
-6.21975
6.99878
-7.34651
7.58442
-6.87469
6.2558
-6.47292
6.58244
-6.91913
6.97577
-6.73582
6.54005
-6.26601
6.54435
-7.48901
8.27714
-8.48587
8.25417
-7.68581
6.95633
-6.25991
5.77959
-6.1122
7.11299
-7.78936
8.38384
-8.44232
7.97225
-7.63914
6.80801
-6.4782
6.66149
-6.92404
7.40337
-7.20632
6.9347
-6.99936
7.1205
-7.28198
7.54251
-7.44079
6.70213
-5.99206
5.39173
-5.41867
6.12099
-6.87783
7.69383
-7.83576
7.13027
-6.38969
5.47158
-4.98909
5.3806
-5.84297
6.63756
-7.25687
7.37526
-7.26592
6.5194
-5.5817
5.08322
-5.13738
5.47994
-6.20302
6.53214
-6.62319
7.39036
-7.72075
7.64948
-7.04256
5.98955
-5.48892
5.2103
-5.75363
7.19609
-8.2506
8.67537
-8.33817
7.12027
-6.19212
5.8942
-5.60002
5.71094
-6.371
7.08279
-7.94362
8.58046
-8.52697
8.25712
-7.21513
6.20919
-6.18298
6.23544
-6.92496
7.64839
-7.94198
8.22656
-7.83366
7.18528
-6.82747
6.55242
-6.30586
6.42669
-6.27818
5.91158
-6.02292
6.21543
-7.0583
8.00254
-8.26254
8.31843
-7.39561
5.80547
-4.71321
4.17374
-4.92923
6.54577
-7.71816
8.51135
-8.32054
7.1101
-5.85994
4.8545
-4.28645
4.67653
-5.5124
6.12551
-7.04846
7.55547
-7.73553
7.71345
-6.98152
6.64477
-6.03255
5.28921
-5.52453
6.11237
-6.90604
7.64387
-7.84557
7.6782
-7.21952
6.25837
-5.66415
5.73395
-5.85566
6.4765
-7.14141
7.37001
-7.77907
7.9484
-7.82917
7.73179
-7.04577
6.62769
-6.60843
6.39146
-6.83481
7.29702
-7.4587
7.72118
-7.61839
7.33617
-7.20171
6.80061
-6.27107
6.25954
-6.18727
6.34478
-6.77528
6.83604
-7.2999
7.57369
-7.37028
7.29883
-6.75357
6.27151
-6.27887
5.92849
-5.90299
6.49586
-6.93828
7.44759
-7.45881
6.71405
-6.16
5.90037
-5.86198
6.26563
-6.43171
6.40386
-6.62184
6.35473
-6.42926
6.82146
-6.69407
6.73564
-6.39887
5.91816
-6.02655
6.19248
-6.59604
7.40716
-7.78564
7.66594
-7.28074
6.27596
-5.63767
5.68071
-6.0667
7.19606
-8.07064
8.14504
-7.88161
6.93514
-6.00645
5.82175
-5.80291
6.41334
-7.14086
7.25844
-7.48008
7.35749
-7.01907
7.05735
-7.1112
7.05479
-7.00018
6.74702
-6.65849
6.92678
-6.83419
7.00831
-7.20332
6.86359
-6.84324
6.72651
-6.55056
6.59713
-6.37784
6.36914
-6.57341
6.39324
-6.48239
6.90734
-7.16588
7.523
-7.55274
7.14358
-6.62706
5.94586
-5.67227
6.08555
-6.43264
6.89434
-7.34558
6.96818
-6.74142
6.51263
-6.12472
6.35648
-6.31112
6.06507
-6.03268
6.11282
-6.6847
7.49242
-7.85702
7.90364
-7.63018
6.74771
-6.08927
5.70363
-5.68638
6.52118
-7.15193
7.41988
-7.59843
7.0668
-6.44641
6.19027
-5.99175
6.31092
-6.47278
6.42332
-6.96664
7.23852
-7.24008
7.37095
-7.24127
7.05426
-6.95543
6.52076
-6.17318
6.16773
-6.23469
6.93629
-7.39272
7.24214
-7.18515
6.62609
-6.09816
6.01842
-5.89359
6.19454
-6.843
7.17787
-7.40366
7.35885
-7.06194
7.06983
-6.88394
6.64778
-6.74023
6.55536
-6.42427
6.60746
-6.53001
6.76028
-7.22743
7.19215
-7.12199
6.69421
-6.17549
6.13622
-6.12434
6.59649
-7.30459
7.47835
-7.53879
7.50862
-6.93283
6.46822
-6.28145
6.21209
-6.69223
7.0008
-7.12502
7.33304
-7.00176
6.69248
-6.60754
6.1961
-5.978
5.88651
-5.7182
6.2547
-6.95219
7.51997
-8.00921
7.72086
-7.1476
6.55776
-5.73255
5.19641
-5.23666
5.66279
-6.75761
7.88849
-8.2161
8.21461
-7.35974
6.01234
-5.17046
4.60774
-4.85378
5.80887
-6.87636
8.13024
-8.80537
8.4462
-7.66143
6.40561
-5.28944
5.25179
-5.75804
6.61025
-7.63922
8.10834
-8.09064
7.64967
-6.74032
6.3154
-6.23185
6.12536
-6.53262
6.67948
-6.75725
7.09345
-7.15203
7.44152
-7.74173
7.6055
-7.31945
6.8607
-6.22551
6.13039
-6.39958
6.6264
-7.18263
7.37114
-7.21902
7.07753
-6.61482
6.41152
-6.39433
6.27108
-6.49485
6.52063
-6.24024
6.3465
-6.43405
6.68891
-7.22618
7.33302
-7.20474
6.8609
-6.16055
5.73178
-5.7374
5.79375
-6.19269
6.62025
-6.87126
7.21991
-6.93313
6.49868
-6.30026
5.89441
-5.8111
6.02654
-6.3236
6.89111
-7.37184
7.51667
-7.576
7.20039
-6.62244
6.41559
-6.12208
6.08168
-6.50398
6.88026
-7.39791
7.71006
-7.52649
7.37954
-6.90131
6.31069
-6.20278
6.00927
-6.21187
6.98905
-7.64387
8.20906
-8.37936
7.91614
-7.23068
6.41188
-5.63611
5.59244
-6.0332
6.80347
-7.75799
8.03213
-7.98143
7.61516
-6.70807
6.1021
-5.74882
5.53698
-5.99867
6.57132
-6.93608
7.35933
-7.40921
7.31381
-7.07062
6.46182
-6.01487
5.6327
-5.25456
5.41281
-6.02443
6.68821
-7.49327
7.80236
-7.47789
6.95766
-5.94947
5.20849
-5.03092
5.22931
-6.10331
7.01089
-7.58039
7.96591
-7.85787
7.28942
-6.63759
5.77027
-5.10002
5.06874
-5.45771
6.41174
-7.54643
8.28859
-8.67576
8.3464
-7.34109
6.44987
-5.61001
5.17838
-5.63181
6.4215
-7.55574
8.4954
-8.69933
8.48378
-7.76083
6.76422
-6.05475
5.59609
-5.45941
6.04337
-6.74561
7.42073
-8.15441
8.28703
-8.09415
7.48886
-6.50929
6.00403
-5.82401
5.8623
-6.3377
6.73971
-7.03868
7.38728
-7.38888
7.30094
-7.10999
6.59233
-6.0698
5.55587
-5.22709
5.50488
-6.10315
6.73237
-7.49012
7.74686
-7.5044
6.98413
-6.07066
5.60843
-5.53266
5.60069
-6.12563
6.67658
-7.01037
7.21046
-7.10896
6.82252
-6.66046
6.38688
-6.11433
5.93869
-5.75667
6.05139
-6.67834
7.2925
-7.89938
7.98903
-7.45588
6.76016
-6.0424
5.85677
-6.2401
6.65675
-7.23562
7.69322
-7.84505
7.72043
-7.17163
6.51981
-6.22776
6.27227
-6.47239
6.8975
-7.1965
7.47178
-7.68845
7.38514
-7.01649
6.65335
-6.35949
6.42924
-6.53182
6.7416
-7.15966
7.30288
-7.20847
7.03151
-6.70761
6.46983
-6.22878
6.11014
-6.35938
6.66011
-6.74874
6.74505
-6.68777
6.63904
-6.72946
6.52422
-6.26851
6.13084
-5.89895
6.08234
-6.45236
6.76974
-6.99263
6.88111
-6.67443
6.55556
-6.43143
6.28283
-6.25477
6.29993
-6.52026
6.73979
-6.74684
6.87016
-6.91281
6.82365
-6.89992
6.87788
-6.69806
6.48429
-6.23656
6.3385
-6.61965
6.87478
-7.339
7.59094
-7.48414
7.23296
-6.91127
6.61865
-6.50266
6.51681
-6.62022
6.93682
-7.09099
7.16034
-7.22388
7.14391
-7.15038
6.94722
-6.62274
6.43463
-6.24772
6.28611
-6.64919
7.08594
-7.41569
7.42125
-7.04983
6.68862
-6.49251
6.3426
-6.29676
6.38506
-6.57892
6.84192
-6.81913
6.65293
-6.63058
6.4404
-6.35499
6.38067
-6.40246
6.47672
-6.33256
6.32295
-6.51171
6.71871
-6.90568
6.95477
-6.87532
6.73614
-6.65459
6.53734
-6.56997
6.63547
-6.54308
6.60623
-6.67039
6.69748
-6.77367
6.76973
-6.84375
6.83528
-6.60512
6.50413
-6.47689
6.53179
-6.72637
6.88274
-7.04361
7.12795
-7.08279
6.96234
-6.97789
7.06389
-7.11227
7.10526
-6.84947
6.71203
-6.56015
6.33338
-6.39717
6.56012
-6.79981
6.93217
-6.92018
6.9763
-6.97821
6.79683
-6.53996
6.30152
-6.01829
5.92269
-6.1999
6.78049
-7.50738
7.94443
-7.89089
7.50972
-6.70303
5.80408
-5.27734
5.1413
-5.63914
6.4601
-7.29555
7.95558
-7.94527
7.34901
-6.46806
5.73014
-5.454
5.67953
-6.14064
6.73936
-7.39912
7.64744
-7.69375
7.56091
-7.15974
6.73125
-6.2202
5.88986
-5.84868
6.04852
-6.60287
7.21265
-7.59245
7.68739
-7.35404
6.79133
-6.33035
6.02206
-5.92144
6.20074
-6.78715
7.32602
-7.72585
7.76844
-7.5282
7.14019
-6.53912
6.21359
-6.05692
5.98963
-6.12861
6.30433
-6.70619
7.13404
-7.30505
7.15646
-6.81265
6.46326
-6.18447
6.10437
-6.14547
6.4018
-6.80108
7.04723
-7.20637
7.19387
-7.03807
6.90066
-6.55269
6.13281
-5.81779
5.702
-6.02565
6.54091
-7.09808
7.4893
-7.51846
7.18177
-6.57282
6.00605
-5.65848
5.93082
-6.5686
7.21502
-7.83121
7.98182
-7.74837
7.14955
-6.43228
5.97982
-5.6944
5.78885
-6.25279
6.83244
-7.4321
7.89157
-7.98406
7.62577
-6.96806
6.20898
-5.67717
5.67081
-6.09816
6.86429
-7.66228
8.08704
-8.13797
7.611
-6.78265
6.04127
-5.4383
5.34009
-5.66581
6.27797
-6.94011
7.34285
-7.50561
7.44216
-7.17184
6.6381
-6.15666
5.86112
-5.74596
5.96699
-6.34399
6.8586
-7.32173
7.45534
-7.31928
6.87837
-6.30811
5.86718
-5.57561
5.63618
-5.98339
6.38036
-6.8231
7.25826
-7.61153
7.66486
-7.44886
6.97562
-6.36562
5.87031
-5.55283
5.83384
-6.49067
7.21845
-7.91027
8.19352
-8.06211
7.38279
-6.4961
5.83245
-5.4728
5.60595
-6.17238
7.05536
-7.91169
8.43123
-8.44347
7.93676
-7.28784
6.57423
-5.90455
5.59719
-5.6831
6.23493
-6.96023
7.56203
-7.96399
7.80593
-7.3337
6.7066
-6.01753
5.59413
-5.40937
5.70116
-6.33872
7.03904
-7.55367
7.77503
-7.80764
7.37386
-6.6534
5.82541
-5.22882
5.17521
-5.44519
6.18275
-7.06528
7.63136
-7.72537
7.19764
-6.45547
5.79555
-5.33095
5.33351
-5.74336
6.38777
-7.04836
7.51595
-7.63405
7.36036
-6.96158
6.49084
-6.15277
5.98266
-5.91943
6.19721
-6.61085
7.22257
-7.73233
7.80466
-7.61867
7.00843
-6.32139
5.90056
-5.89752
6.36625
-7.0447
7.7128
-8.09109
8.15182
-7.73196
6.90241
-6.10243
5.62896
-5.78967
6.27307
-6.81989
7.5328
-7.95996
7.98065
-7.68159
6.98174
-6.25787
5.65231
-5.42776
5.87139
-6.67324
7.50446
-8.05794
8.15719
-7.63456
6.72096
-5.78207
5.11989
-5.07691
5.38873
-6.07503
6.88265
-7.39408
7.68481
-7.37681
6.67224
-6.03279
5.47162
-5.26318
5.54552
-6.20313
6.95771
-7.47816
7.64695
-7.47151
6.99403
-6.28888
5.77335
-5.64375
5.74922
-6.18784
6.61901
-7.02995
7.40672
-7.28475
7.05684
-6.76564
6.45719
-6.40299
6.43392
-6.62678
6.87055
-7.13825
7.36153
-7.4912
7.50584
-7.32195
7.12271
-6.76378
6.4969
-6.47966
6.49687
-6.75437
6.95321
-7.00357
7.15013
-7.19137
7.24158
-7.1915
6.9051
-6.70404
6.55607
-6.50385
6.60863
-6.81992
7.0566
-7.23161
7.29424
-7.05866
6.76739
-6.37534
6.04393
-6.03289
6.00017
-6.27899
6.65484
-6.7751
6.82095
-6.63597
6.44582
-6.32384
6.2114
-6.22982
6.36896
-6.54145
6.67079
-6.77261
6.75277
-6.73518
6.70592
-6.50426
6.41907
-6.32729
6.19658
-6.35592
6.49731
-6.67911
6.88698
-6.84521
6.77466
-6.54722
6.34355
-6.36543
6.48713
-6.68706
6.87237
-7.08626
7.23249
-7.36034
7.24668
-6.90658
6.66168
-6.40678
6.5164
-6.83668
7.09584
-7.39894
7.39435
-7.23265
7.03613
-6.74639
6.58096
-6.47181
6.44265
-6.57376
6.74976
-6.96044
7.19782
-7.38599
7.41141
-7.32704
7.04151
-6.51845
6.09416
-5.75831
5.86829
-6.47468
7.05287
-7.61101
7.80835
-7.56805
6.94908
-5.98878
5.28267
-5.01508
5.25576
-6.01035
7.00509
-7.74847
7.92438
-7.66721
7.02505
-6.34492
5.79962
-5.41097
5.4862
-5.80706
6.38849
-7.22291
7.75267
-7.91066
7.5339
-6.71111
5.87497
-5.17849
5.0589
-5.49672
6.25555
-7.17523
7.91702
-8.19069
7.86977
-7.27399
6.44971
-5.78515
5.64553
-5.85413
6.56337
-7.35486
7.93485
-8.19594
7.83546
-7.20454
6.46829
-5.83095
5.63485
-5.71806
6.07067
-6.72215
7.40667
-7.83256
7.84383
-7.47507
6.8882
-6.4079
6.10277
-6.09288
6.44144
-6.77159
7.19969
-7.50104
7.51634
-7.46096
7.03476
-6.55262
6.12758
-5.74975
5.73413
-5.94663
6.35737
-6.83801
7.19625
-7.26475
7.14173
-6.87197
6.35449
-6.05916
6.02792
-6.20803
6.60032
-6.86433
7.1818
-7.40399
7.30957
-7.08653
6.56193
-6.08842
5.89658
-5.72985
5.82968
-6.24304
6.78169
-7.25506
7.5667
-7.47113
6.92631
-6.37542
5.93019
-5.8983
6.1591
-6.60764
7.32433
-7.62311
7.63459
-7.45359
6.99491
-6.62677
6.2375
-6.0302
6.11336
-6.25632
6.46964
-6.79303
7.13999
-7.32535
7.38316
-7.17615
6.7318
-6.34814
6.02153
-6.13812
6.66658
-7.17565
7.65763
-7.67359
7.37311
-7.07211
6.65596
-6.45373
6.30906
-6.14897
6.17094
-6.372
6.6846
-6.91089
7.0502
-7.01433
6.9546
-6.8416
6.57295
-6.37871
6.14453
-6.17951
6.49653
-6.77322
7.22112
-7.49896
7.4478
-7.28325
6.8996
-6.43993
5.993
-5.71394
5.79298
-6.13167
6.59139
-7.01861
7.37257
-7.37761
7.07848
-6.6598
6.13835
-5.90633
5.81888
-6.04003
6.66873
-7.14342
7.50004
-7.53273
7.26573
-6.96925
6.56535
-6.22668
5.97134
-5.83099
5.94694
-6.3846
6.97824
-7.452
7.67176
-7.41756
6.895
-6.35236
5.89372
-5.91474
6.18174
-6.6212
7.32089
-7.66382
7.66157
-7.35565
6.83463
-6.49952
6.24648
-6.17849
6.22708
-6.34002
6.58043
-6.87318
7.11088
-7.12486
7.14081
-6.97188
6.73309
-6.61495
6.3807
-6.45747
6.66775
-6.86431
7.20962
-7.35222
7.34723
-7.10571
6.66063
-6.36527
6.21419
-6.25166
6.39433
-6.53777
6.67536
-6.80889
6.89343
-6.7576
6.66659
-6.53344
6.30925
-6.33767
6.41874
-6.74854
7.12622
-7.24469
7.29488
-7.00008
6.56658
-6.16813
5.9596
-6.1274
6.40958
-6.7352
6.95309
-7.04448
6.89614
-6.61114
6.40901
-6.15319
6.15932
-6.36943
6.63898
-7.01455
7.12924
-7.14554
7.08372
-6.79415
6.55476
-6.32045
6.27496
-6.5064
6.7485
-6.96504
7.0297
-6.93802
6.74481
-6.60527
6.46879
-6.32237
6.47708
-6.7742
7.22823
-7.52083
7.41106
-7.28511
6.95731
-6.63798
6.50558
-6.42917
6.57145
-6.69768
6.79155
-6.96768
7.07099
-7.01138
6.80301
-6.51973
6.2112
-6.1621
6.37646
-6.69166
7.12316
-7.26677
7.19943
-7.10292
6.82675
-6.60411
6.3585
-6.35039
6.63908
-6.75702
6.86249
-6.88553
6.74191
-6.47062
6.18857
-6.1172
6.18457
-6.36635
6.45354
-6.56891
6.76098
-6.81428
6.88045
-6.81617
6.7646
-6.73479
6.49151
-6.42761
6.45935
-6.50005
6.67681
-6.79854
6.94988
-6.92343
6.66514
-6.45385
6.32772
-6.35696
6.47549
-6.71298
6.85121
-6.87563
6.96959
-6.97003
7.0792
-7.07939
6.98262
-6.96824
6.80718
-6.7969
6.73946
-6.6218
6.72706
-6.81669
6.92692
-6.99785
6.99329
-6.89305
6.68001
-6.54436
6.48788
-6.5802
6.71746
-6.87782
7.0908
-7.1392
7.20399
-7.11952
6.88165
-6.79812
6.59948
-6.46893
6.3862
-6.33042
6.54524
-6.7066
6.84354
-6.90984
6.8288
-6.6799
6.47862
-6.33394
6.16365
-6.09782
6.06226
-6.19937
6.63247
-6.95956
7.27552
-7.36684
7.13047
-6.8006
6.21539
-5.78557
5.74593
-5.90562
6.35003
-6.90324
7.36673
-7.56648
7.41874
-7.04704
6.5539
-6.05948
5.66491
-5.73022
6.10419
-6.59933
7.35032
-7.77241
7.82875
-7.55255
6.90418
-6.34965
5.82126
-5.62129
5.96468
-6.61733
7.44655
-8.02211
8.12688
-7.77765
7.13703
-6.34944
5.72155
-5.60387
5.86545
-6.5497
7.29943
-7.71778
7.9916
-7.81384
7.24305
-6.52435
5.76274
-5.48921
5.60138
-6.03801
6.78727
-7.48355
7.97938
-7.9648
7.44209
-6.63386
5.93579
-5.58279
5.55086
-5.92507
6.32718
-6.85988
7.42628
-7.57567
7.46582
-6.95052
6.33453
-5.92996
5.68507
-5.87081
6.22102
-6.57952
7.00687
-7.28404
7.36479
-7.20638
6.87376
-6.45174
6.1189
-5.98619
5.98756
-6.26002
6.52186
-6.80375
7.19183
-7.30178
7.27979
-6.94312
6.45001
-6.17475
5.98678
-6.14672
6.5025
-6.92319
7.39001
-7.64967
7.64381
-7.33422
6.87513
-6.31321
5.99072
-6.07587
6.28988
-6.71107
7.05942
-7.25806