
213.061
548.821
946.421
1085.28
1482.05
1436.87
1494.48
1417.24
1066.73
955.484
431.625
322.53
303.171
854.336
1007.06
1449.55
1528.11
1671.18
1708.24
1278.66
1080.8
501.823
177.917
589.471
986.575
1179.55
1492.21
1237.49
1236.07
835.433
344.592
426.928
923.648
1085.57
1547.79
1527.6
1568.21
1674.88
1376.97
1545.7
1585.65
1500.41
1766.16
1493.88
1477.34
1438.93
985.372
1088.66
1208.17
1148.1
1550.23
1366.09
1171.31
1247.26
878.534
986.459
1409.17
1381.21
1842.03
1872.99
1535.19
1587.76
1065.28
1064.71
1291.28
1122.91
1368.68
1282.58
870.453
913.358
360.096
207.682
587.057
959.14
1014.42
1251.22
957.011
1131.63
974.337
659.316
863.616
927.225
917.932
1207.33
1040.28
1024.7
780.292
352.619
376.084
388.381
394.625
680.117
588.195
489.456
520.457
406.783
602.76
820.529
745.14
943.423
879.014
796.44
673.233
421.631
471.392
455.349
460.313
651.628
578.3
586.461
516.068
251.605
218.569
329.465
338.445
558.76
581.916
468.927
429.781
237.857
209.481
279.107
222.695
339.467
341.549
327.334
350.31
180.232
138.365
49.5413
96.3658
111.802
192.049
98.8413
123.259
114.115
36.637
115.6
104.434
186.782
219.72
115.457
128.867
120.193
54.3314
83.4296
82.6745
74.6543
110.718
56.4932
19.3185
55.6436
45.1348
56.1965
78.2783
40.7745
92.8534
57.4657
50.9293
83.4034
38.7782
49.4828
18.4184
71.0387
26.2623
99.3215
75.3332
65.5493
85.0663
53.5901
131.602
202.968
187.213
217.637
185.452
114.148
151.18
170.513
157.675
215.638
164.417
149.373
137.456
90.1121
113.399
128.493
122.201
172.734
134.469
138.04
129.794
67.7565
77.5877
56.7293
51.3314
119.262
110.673
139.543
151.273
99.0625
117.075
125.511
124.68
180.629
156.636
152.913
140.969
66.6246
72.2365
103.197
97.0928
142.31
135.85
96.0577
90.5409
56.5727
29.5968
60.1249
51.0697
113.047
122.702
105.521
102.3
51.6267
50.8432
96.2752
84.0856
92.2764
76.1007
55.7699
66.7711
27.9809
33.6019
80.6148
72.0545
64.9343
69.577
38.6097
53.1462
45.6125
41.353
81.1248
65.7275
72.6419
56.2638
7.82431
10.6508
27.3833
12.5256
29.3623
24.5499
56.9803
44.9561
39.3499
25.1503
24.8279
18.6832
30.2087
19.1577
56.0712
52.771
43.1387
42.2366
11.0561
25.8662
56.9863
58.0447
85.8069
67.4167
51.7168
38.9697
10.8912
8.53291
39.2281
31.905
45.094
38.3745
21.9331
15.6404
26.0807
19.5701
37.9923
32.7499
37.2629
27.0806
36.809
36.0306
21.5054
17.69
26.3726
23.3644
44.7578
37.774
32.9127
31.5357
29.0585
28.6767
16.3407
21.0279
29.7459
31.3585
9.78964
11.9297
18.2727
9.56594
31.9544
25.9832
17.7664
14.2671
31.7758
31.3266
14.7307
10.3952
22.9654
15.4768
28.2728
24.7475
37.2614
35.9438
10.5326
9.34782
36.1264
35.1102
51.1476
49.1372
18.2011
17.8204
22.1149
17.1873
31.7434
23.2109
35.2788
35.8374
30.7629
30.1776
4.23117
5.86838
28.1819
24.3212
27.2604
28.8042
24.8001
29.9962
3.22799
4.27666
31.241
30.786
37.267
32.6252
18.1726
18.4303
8.93097
6.6609
20.9156
17.7099
37.0535
40.1951
37.5467
35.1262
5.53072
7.10597
33.9944
35.4292
36.3711
34.817
13.022
9.4427
15.8024
14.0006
28.1171
28.2419
24.7718
23.5009
9.30427
9.82233
24.4239
29.1926
27.0205
25.2094
7.41232
9.63909
17.1037
18.7957
20.1477
19.0544
11.8063
11.0517
21.5148
24.0783
16.0059
14.5588
9.41613
12.8391
21.6101
20.0734
16.7894
15.7236
18.1957
18.074
14.6888
13.1528
19.2417
21.0507
23.7709
23.0266
8.97783
7.90099
13.4839
13.3532
16.9375
17.0952
21.6435
19.6626
16.7914
13.5736
14.3097
13.5924
16.8699
15.3836
20.6683
20.5516
18.5159
14.9119
9.27766
12.2465
26.6944
28.1561
23.2117
19.2183
5.85778
4.4012
19.0305
19.0153
27.1555
25.7877
12.0256
5.45554
19.0631
23.1681
29.2625
26.9266
14.5297
12.3756
12.7305
15.0078
14.162
12.9436
14.5767
13.4812
17.3773
16.7579
17.164
17.3675
10.8593
9.59361
12.3774
14.803
20.7279
18.9153
13.2371
12.1813
12.1405
12.2341
17.1738
17.2312
19.1026
17.7403
13.5335
13.3043
9.64021
10.4422
12.1762
11.4298
14.8006
16.8318
20.3415
19.2385
10.5581
7.41929
12.568
15.7143
22.7884
21.2247
14.2217
11.1296
9.82566
11.1478
15.3456
14.5915
14.2701
15.1482
14.2347
14.47
9.37272
6.63931
11.2514
11.2075
18.8884
16.6591
15.992
14.5488
12.0184
9.61777
12.8916
13.7437
20.3347
20.599
15.6051
13.5414
6.59791
10.1484
18.7351
17.6713
15.052
12.8889
10.935
11.9576
12.2898
11.3555
12.9484
14.627
16.2705
15.711
10.5036
11.3662
12.0902
13.8385
13.0071
13.3395
12.0937
12.9151
11.6281
11.8016
10.4882
11.5934
10.1079
11.3363
13.2494
15.3665
12.2864
11.3601
7.06328
8.94296
15.3623
16.5586
15.2355
15.1046
11.156
11.447
9.10326
10.4552
13.2741
14.6004
11.7298
13.7863
8.81435
9.55486
8.38514
9.16969
11.7278
12.2053
13.6635
15.0774
12.1278
12.014
5.99767
6.08763
13.4845
15.3845
17.9047
18.4557
10.0564
10.2261
6.39583
9.13897
13.8482
14.8736
13.9071
14.0125
9.20478
9.39939
6.62581
8.47952
15.4083
17.6621
18.5048
19.0307
9.45029
7.82305
8.02328
12.3465
16.9625
18.8196
14.652
13.5467
6.19617
6.728
11.1625
13.879
14.3098
15.4241
10.48
11.2928
6.78595
8.48943
10.0581
11.5138
12.1259
13.9639
12.8951
13.2968
10.1258
10.1543
9.72962
10.6607
11.4869
12.5982
10.7087
12.3524
10.1088
10.5134
7.79028
8.83309
11.2634
12.5916
12.4234
12.703
10.6114
11.2859
7.76063
6.89261
9.51322
11.4259
15.7199
17.2098
12.4406
11.7275
2.92863
5.53339
12.9941
15.1794
15.0738
14.2081
6.57398
6.08987
7.28434
8.66158
13.0377
14.5121
14.7192
14.2193
7.20106
7.08345
8.22289
10.8542
12.1028
12.7245
11.6045
12.6137
9.8235
9.01788
5.6456
7.45605
12.7687
14.9052
13.6315
13.4658
5.44658
4.34009
8.82542
11.4968
14.9446
15.9501
10.9537
9.40511
4.95001
6.39221
10.6843
12.1102
13.2895
13.3961
8.133
8.21866
6.34814
8.05408
10.1279
10.6282
10.3014
11.3547
10.4712
10.7981
6.8366
7.02307
9.19008
10.8351
13.0125
13.0209
9.04934
9.34057
6.87306
8.02431
8.78302
10.3818
10.9328
11.5946
9.45644
9.65083
6.50283
7.38175
8.38787
9.35126
10.3485
10.9889
9.44595
9.66277
7.05492
8.16683
8.11613
9.56415
9.87979
11.2681
9.5239
10.2789
6.88797
7.55992
7.28318
8.45923
10.4481
12.3267
10.9062
11.7627
6.215
6.99034
7.45017
10.1812
11.7199
13.6749
8.78157
9.18424
5.29398
7.72542
9.65392
11.0984
9.35603
10.977
7.88432
9.28253
5.66631
7.62124
7.99026
9.70876
9.21074
10.8277
8.37126
9.96857
7.61787
8.92418
7.50519
9.63809
10.1848
11.7015
8.33057
9.71901
6.36945
8.843
7.68873
9.85883
8.58598
11.1453
8.68425
10.7141
6.54633
8.53022
6.42106
9.41248
9.16254
11.3857
8.52662
10.5857
6.1847
8.46097
6.88173
10.6821
8.84531
11.5722
6.89615
8.8992
4.90152
7.63242
6.96206
9.81048
8.18731
10.3791
6.85164
8.63448
6.98258
9.59969
7.56952
9.93875
7.79707
10.6271
7.91973
10.1488
6.21699
7.59763
6.70697
9.88417
9.56102
11.5322
7.31742
7.8212
4.46124
7.25161
7.99991
10.3977
8.4842
9.62414
5.82222
7.49366
6.41728
8.76553
8.43328
10.4445
9.17063
10.0572
5.94838
6.65176
5.54735
8.06083
8.55927
10.2451
7.80486
8.40995
5.43168
6.88922
7.31931
9.47176
8.71566
9.39227
6.58419
7.07988
7.30627
8.9306
8.56642
9.41986
7.5302
9.03063
7.9559
9.68239
7.47756
7.97378
4.87836
6.67077
7.11905
8.46422
7.28047
8.10723
6.27428
7.09461
7.09079
8.44632
7.91184
9.208
7.64034
9.27817
6.69165
7.43602
5.65194
7.53591
8.41009
10.2236
8.82789
9.76367
5.92315
7.02711
5.9035
7.56562
6.9475
8.52433
7.68853
9.35259
6.26351
7.39395
6.06543
8.31033
9.11637
11.2414
9.1009
10.3074
5.27739
6.47749
4.96566
7.57532
8.45696
10.7123
7.27933
8.40019
3.73323
6.55557
7.22381
9.82834
7.07438
8.5177
5.32589
7.26865
6.37424
8.79354
7.2038
9.42143
7.55531
10.3455
7.28228
9.5492
5.11029
7.86007
5.31735
8.49166
5.73107
8.48612
4.74193
7.0035
5.4333
8.19649
6.59498
9.18812
6.06807
8.59772
5.16532
7.75241
5.57287
8.63935
6.2381
8.8243
5.99618
8.89089
6.07727
8.78121
5.37134
7.69937
4.94738
7.43528
5.26593
7.95673
5.2551
7.64556
4.98563
7.55556
5.89091
8.70126
7.94906
10.7938
7.03857
8.35827
3.96232
6.653
6.32092
9.81877
7.94018
9.86182
4.65547
6.13584
3.7728
7.50773
6.77025
9.74728
6.42281
7.84439
3.32268
5.82014
5.35823
8.33692
7.44728
10.3634
7.30221
8.99732
4.63744
7.03197
5.07052
8.46349
6.78598
10.0795
6.2656
8.12903
3.43368
5.65599
5.00928
8.4168
7.13931
9.83036
6.10558
7.77658
3.66925
6.78641
6.18932
9.439
7.16839
9.58314
5.89453
7.87387
4.51827
7.64962
5.7213
7.85635
5.01292
7.11023
4.86984
7.38495
4.96044
6.95099
3.87283
6.30152
5.8085
8.58818
6.9018
8.85966
5.74818
7.22467
4.49647
7.37662
6.6465
9.1053
6.84108
8.33686
4.98244
6.70941
4.30352
7.20444
5.3689
7.58733
4.80094
6.89398
5.16372
7.24981
5.08357
7.0676
5.13505
7.7582
6.77704
9.03855
6.49261
7.59142
4.51282
6.62065
5.69413
8.5967
6.5646
8.05243
4.70677
5.70106
4.26249
6.65376
6.0522
7.99835
5.86718
7.0195
4.26645
6.02321
5.80956
8.07956
7.1947
8.66688
6.4147
8.14603
5.41383
6.46759
4.73005
7.08636
6.61378
8.4175
6.10678
6.73185
3.20036
5.3796
5.59629
8.24072
6.77855
7.8142
4.95663
6.24387
4.04737
6.35892
5.97331
8.48194
7.14867
8.73575
5.67472
6.51735
4.16802
6.79409
5.61612
8.10825
5.36697
7.0692
3.76774
5.61026
4.35764
6.70825
5.33363
7.60892
5.42625
7.82246
5.60578
7.55816
4.34612
5.98477
4.41708
7.46797
6.51601
9.60992
6.0067
7.34775
2.35707
4.88126
4.82741
8.18136
6.24042
8.37779
3.60687
5.20658
2.78992
6.30417
5.89695
8.72394
6.3097
8.69667
4.81541
6.9968
3.54861
6.79081
4.73868
8.03218
6.05125
8.24567
4.47798
6.25674
3.3569
6.60841
4.99816
8.14209
5.53929
7.20794
3.80026
5.93481
3.88634
7.09493
5.2576
8.17085
5.89263
8.16073
5.23056
6.87047
4.2308
6.83439
4.7125
7.72224
4.94487
7.18965
4.08824
6.15103
3.7012
6.28966
4.38829
7.48471
5.07698
7.63587
4.72369
6.83735
4.2136
6.43609
4.56198
7.47073
5.42497
8.10665
5.07149
7.19726
4.32115
6.08735
4.20341
7.03628
5.32402
7.41954
4.25122
5.83838
3.74164
6.33375
4.80578
6.7345
4.90343
6.74442
4.85218
7.07085
4.79831
6.56795
4.69455
6.77458
5.55812
7.11028
5.0249
6.04171
3.54387
5.62055
4.78997
7.23564
5.82754
6.6258
3.97638
5.01617
4.26633
7.18639
6.13479
7.80753
5.17617
5.68838
3.8638
5.91764
5.36421
7.34389
5.42506
6.94444
4.60046
6.23301
4.55505
6.11089
4.29263
5.97715
4.49458
6.43071
4.43854
6.26901
4.34036
6.08882
4.83871
6.54944
5.06155
6.72871
4.95462
6.64239
4.51856
6.27633
4.42785
5.89135
4.63128
6.66207
5.46922
7.17776
4.95052
5.87899
3.5481
5.54142
4.78029
6.66294
5.29936
6.33466
4.17516
5.85148
4.34691
6.45832
4.96118
6.48161
5.27146
6.83019
5.09993
5.81034
3.37977
4.9883
4.2446
6.62964
5.79554
6.95887
4.83409
5.2614
3.65659
5.87494
5.04421
6.96107
5.16888
5.88682
4.043
5.40515
4.57153
6.11487
5.0052
6.8935
5.13716
6.40309
4.55647
5.67527
4.09624
5.52029
4.4002
6.44164
5.09828
6.65244
4.25371
5.39276
4.17911
6.07476
5.2476
6.84427
4.82029
6.0444
3.59659
5.2986
4.23625
6.3284
5.08
6.58178
4.90494
6.45188
4.4283
6.21648
4.25686
6.01958
4.54631
6.29715
4.99064
6.63312
4.36323
5.82597
3.86556
6.26041
4.89372
6.97564
4.90877
5.89314
3.58748
5.38775
3.85019
6.47866
4.86131
6.6871
4.31778
5.71653
3.97299
6.07745
4.63784
6.82988
4.5613
6.44158
4.01377
5.49214
3.30397
5.21079
4.21177
6.88838
5.28473
7.07236
4.10941
5.22928
2.82137
5.22487
4.49138
7.33973
5.79961
7.34004
4.04139
4.75924
2.53132
5.83556
5.34561
7.86664
5.91359
6.59152
3.38931
3.79325
2.20452
5.9437
5.24043
7.57344
5.38471
5.47488
2.65349
4.63548
3.9402
6.96965
5.57627
6.95073
4.62137
5.03141
3.53516
5.39338
4.34277
6.27077
4.67112
6.23117
4.62793
5.69245
4.13432
4.7384
3.42328
5.1565
4.49787
6.39217
4.98085
5.669
4.15585
4.99523
4.37405
5.89447
5.08956
6.11438
4.65408
5.47303
4.13489
5.17949
4.22154
4.89633
3.99241
5.22437
4.60059
5.99659
4.64674
5.15223
3.52471
4.46753
4.16651
5.8604
5.22687
6.39645
4.95573
5.64971
4.04419
5.28854
4.71175
6.01047
5.26211
5.99347
4.47583
4.77413
3.27021
4.52957
4.06302
5.66272
5.06244
5.62127
4.33896
4.76188
3.56374
4.95599
4.61315
6.09509
5.36957
5.75735
4.56268
4.64904
3.80614
5.07341
4.76724
6.34645
5.54611
5.78438
4.03186
3.83548
3.07781
4.83121
5.07698
6.70252
5.52405
5.73037
3.67389
4.22791
4.08165
5.91655
5.75868
7.01113
5.31045
5.77098
3.66795
4.50662
3.85664
5.49945
4.81477
6.04329
4.58968
5.26942
3.2448
4.16114
3.05062
5.0195
4.8817
6.58033
5.33702
5.90769
3.59125
4.42276
3.60739
6.06141
5.7861
7.18428
5.64793
5.56949
3.34892
4.16153
3.46172
5.72368
5.25781
6.70521
5.32358
5.32808
3.03139
3.51994
3.23917
5.89351
5.71676
7.34385
5.76315
5.56241
3.36805
3.88731
3.6313
6.14565
5.76667
7.14296
5.21703
4.89727
2.64978
3.43083
3.32683
5.58128
5.0869
6.52697
4.72374
4.92601
2.97094
3.88616
3.62712
5.84026
5.56413
6.88948
5.12114
5.5923
3.72973
4.73997
3.90432
5.48372
4.74771
6.01646
4.68374
5.45295
3.56827
4.05527
2.62843
4.61286
4.37898
6.2067
5.04285
5.7988
3.56014
4.17653
2.93415
5.40077
4.77708
6.37712
4.98383
5.58272
3.64305
4.60492
3.35141
5.22752
4.15565
5.60977
4.36249
5.32447
3.78112
4.33581
2.82053
4.80693
4.31056
6.45069
5.41985
5.82069
4.03327
4.32772
3.72219
5.61694
5.01476
6.1538
4.95223
4.95147
3.49516
3.97542
3.67068
5.20525
4.53423
5.20103
4.01427
4.28079
3.24626
4.20448
4.02437
5.33533
4.73052
5.30113
4.19681
4.74206
3.83282
4.99256
4.63997
5.56269
4.79326
5.11146
4.09846
4.38138
3.58982
4.74838
4.25483
4.92205
4.13325
4.68683
4.02888
4.59219
3.77757
4.77483
4.32109
5.46596
4.96784
5.15335
4.26266
4.38687
4.01379
4.76796
4.37027
4.89383
4.43676
4.55634
3.93316
4.01361
3.77506
4.26848
4.02135
4.6175
4.26519
4.71258
4.46
4.54726
4.07494
4.24
4.3746
5.08636
5.12773
5.50396
4.90353
4.49142
3.93313
4.09657
4.12723
4.68998
4.56356
4.81297
4.22033
4.2134
3.82402
4.13117
3.9947
4.51064
4.55532
5.08542
4.62722
4.75391
3.8487
4.05618
3.94196
4.98965
4.8937
5.2254
4.28124
4.47602
3.68869
4.24068
3.84881
4.74831
4.24122
4.63247
3.87361
4.54258
3.86695
4.86438
4.25217
5.12336
4.31529
5.24596
4.56811
5.15315
4.08764
4.62612
3.80614
4.78612
4.10454
4.96004
4.12626
4.73439
3.94194
4.65775
3.75059
4.58807
3.80467
4.70042
3.95176
4.82927
4.07743
4.57399
3.7832
4.63276
4.11151
5.11578
4.45845
5.13773
4.24237
4.69665
3.95853
4.66944
3.84576
4.40184
3.59351
4.60891
4.08125
5.04738
4.51485
5.00839
4.07041
4.50808
3.88375
4.70532
4.09717
5.02743
4.48622
4.99432
4.12539
4.20194
3.14096
3.96157
3.97573
5.53655
5.18809
5.37312
4.16964
3.39118
2.38744
3.83443
4.28247
5.88012
5.42191
5.46431
4.01945
3.37727
2.97489
4.69255
4.97328
5.85383
5.04824
4.73822
3.55714
3.40311
3.21577
4.37072
4.42746
5.37412
4.92402
5.03075
3.98693
3.74157
3.05846
4.13828
4.33328
5.34997
4.91552
4.76162
3.68854
3.64319
3.28051
4.39743
4.56079
5.32114
4.71448
4.38831
3.35378
3.3405
3.06874
4.36357
4.37584
5.11293
4.77862
4.87882
4.27049
3.99436
3.50393
4.24685
4.39429
5.01454
4.68799
4.55543
3.93886
3.79684
3.51147
4.25311
4.30378
4.82622
4.56445
4.50105
4.05776
3.69836
3.21945
3.72542
4.06122
5.09149
5.03652
5.00879
4.24661
3.65591
3.29381
4.16297
4.61388
5.35041
4.99258
4.18681
3.39248
3.01857
3.44475
4.63677
5.17157
5.36198
5.0483
4.23184
3.59333
3.24172
3.7021
4.57134
5.30656
5.49536
5.41181
4.2844
3.65497
3.00417
3.84855
4.64289
5.47513
5.15701
4.83189
3.4
2.73474
2.76676
3.8713
4.77936
5.46296
5.15439
4.79444
3.70488
3.4178
3.30661
3.93118
4.47003
5.07605
4.94055
4.73597
3.98413
3.49923
3.2464
3.69716
4.36797
4.8551
4.85518
4.51569
3.71607
3.21118
3.09131
3.74249
4.44014
4.94204
5.14711
5.11463
4.61235
3.93791
3.29516
3.25048
3.84036
4.60167
5.16609
5.10375
4.36175
3.39906
2.54334
2.82593
3.85341
4.91942
5.31231
5.01829
4.31408
3.16325
2.65849
3.23122
4.51778
5.42823
5.97803
5.48685
5.02265
3.80333
3.20645
2.88885
3.93061
4.56997
5.31953
4.82711
4.60027
3.13439
3.04545
2.80006
4.16342
4.50237
5.55271
4.96484
4.88054
3.44266
3.36588
2.84823
4.11367
4.50654
5.77582
5.34438
5.3045
3.82228
3.28017
2.37674
3.89401
4.26172
5.41048
4.64407
4.31303
2.98752
2.99972
3.01585
4.62499
4.79975
5.64109
4.94449
4.68885
3.63023
3.7505
3.49294
4.51856
4.45224
5.227
4.77971
4.61641
3.6352
3.08341
2.84863
3.92209
4.32855
4.96218
4.46487
3.77361
2.89009
3.07128
3.53838
4.80783
5.19532
5.4506
4.85839
3.6916
2.93376
3.26372
3.92193
4.74452
5.19683
4.90018
4.44343
3.24882
2.70807
2.94037
3.84264
4.87129
5.27957
4.71434
4.02175
2.74036
2.66138
3.7415
4.94868
5.6917
5.90522
5.04928
4.38034
3.03226
2.97726
3.46346
4.44455
4.93657
4.94719
4.10735
3.43811
2.44692
2.88656
3.84192
4.7696
4.96967
4.94019
4.1217
3.56654
2.96752
3.66429
4.3096
5.06146
5.09132
5.08207
4.44145
3.9875
3.47324
3.87189
3.96901
4.50688
4.19005
4.26895
3.59186
3.58956
3.18002
3.66493
3.76755
4.49592
4.44392
4.81193
4.29418
4.15775
3.63652
3.87184
3.85109
4.37581
4.13837
4.51445
4.14504
4.27158
3.67945
3.57827
3.37119
3.74617
3.81722
4.15778
3.93788
3.82115
3.4019
3.37939
3.59805
4.19432
4.59727
4.88499
4.65562
4.46427
3.89322
3.74243
3.85776
4.10483
4.22235
4.0666
3.86672
3.56839
3.39337
3.45277
3.65679
3.82835
3.93875
3.86847
3.83595
3.69228
3.55542
3.6511
3.73613
4.05491
4.31275
4.30863
4.26983
3.9434
3.82997
3.83409
4.06655
4.29119
4.20841
3.96997
3.65254
3.43372
3.3121
3.48922
3.7699
4.29414
4.33775
4.23995
3.8278
3.59347
3.80232
4.20435
4.56909
4.64308
4.41497
4.08137
3.73166
3.56893
3.62109
3.8135
4.11546
4.16467
4.26021
3.91555
3.69923
3.12515
3.14222
3.22118
4.06655
4.47115
5.04345
4.48535
4.00397
3.05605
3.27896
3.78925
4.96129
5.31386
5.6771
4.54475
3.78277
2.29968
2.73726
3.58418
4.95073
4.93074
5.05209
3.91096
3.33685
2.43084
3.02876
3.56935
4.65812
4.8732
5.13559
4.12526
3.40162
2.33021
3.18205
3.94989
5.26948
5.31637
5.19294
4.09909
3.03367
2.04707
2.94679
3.76674
4.80128
4.85761
4.55051
3.54095
2.8385
2.65987
3.85962
4.58016
5.39605
5.14112
4.58276
3.6045
2.83357
2.84926
3.64115
4.31778
5.00634
4.97458
4.44609
3.60733
2.86973
2.91655
3.5615
4.09737
4.41383
4.20649
3.75806
3.29566
2.98166
3.30049
3.81547
4.56389
4.79037
4.94425
4.41367
3.91064
3.1623
3.17968
3.44883
4.19555
4.36194
4.56607
4.11518
3.70987
3.16526
3.54363
3.84075
4.49099
4.4088
4.6497
4.03398
3.70378
3.0426
3.29931
3.72979
4.43431
4.63765
5.00399
4.43687
3.98658
3.08269
3.04918
3.35056
4.36815
4.4102
4.53464
3.6094
3.26744
2.60088
3.50259
3.9602
4.74607
4.58814
4.59057
3.84173
3.58923
3.00583
3.58943
3.57587
4.34088
4.33693
4.69329
4.20902
3.95918
3.27063
3.40985
3.56092
4.39907
4.58528
4.30728
3.73373
2.91918
2.86637
3.48223
3.90198
4.35629
4.41244
4.29538
4.24726
3.63876
3.4934
3.29984
3.70994
3.87239
4.21957
4.02304
4.2219
3.6289
3.65485
3.18305
3.72261
4.01289
4.57135
4.52923
4.52261
3.65906
3.47808
2.89566
3.41401
3.84578
4.71779
4.765
4.90151
4.09961
3.84191
3.06821
3.53751
3.8644
4.61746
4.55924
4.57829
3.76112
3.31765
2.72856
3.45185
3.88919
4.66262
4.39661
4.55479
3.72945
3.619
2.89285
3.27117
3.51527
4.56548
4.66279
5.02988
4.06809
3.72884
2.90605
3.60452
3.97542
4.92863
4.55125
4.80556
3.51284
3.28436
2.77374
3.77392
3.98095
4.66189
4.25571
4.4271
3.68231
3.72631
3.07441
3.5102
3.48822
4.11005
3.92658
4.27651
3.66089
3.81138
3.18726
3.65868
3.63596
4.21192
4.09941
4.19785
3.51182
3.2636
2.81508
3.43855
3.5728
4.16461
3.92547
4.16172
3.72344
3.85666
3.45125
3.93379
3.7583
4.22518
3.9944
4.01956
3.43938
3.3471
3.27331
3.9297
4.09946
4.56622
4.05743
3.78317
2.96156
3.16696
3.2665
3.90208
3.87222
4.0617
3.49939
3.43797
3.16202
3.58962
3.86884
4.35054
4.21022
4.15257
3.52757
3.53836
3.19281
3.71633
3.8055
4.30644
4.0406
3.91397
3.4004
3.51814
3.49242
3.96572
3.88614
4.0122
3.71103
3.5359
3.14641
3.49915
3.88637
4.53903
4.38769
4.3497
3.81115
3.49894
3.30876
3.48306
3.68247
3.81881
3.82979
3.80421
3.52262
3.28391
3.27281
3.55778
4.04456
4.28574
4.17046
3.7861
3.31022
3.2399
3.56745
3.85139
4.27196
4.29769
4.29571
3.81247
3.75825
3.80411
4.02082
4.12176
4.16465
3.85517
3.44448
3.20147
3.35385
3.54492
3.75872
3.90368
4.05566
3.97787
3.87701
3.71701
3.66602
3.58097
3.69385
3.97193
3.9795
4.10398
3.81719
3.77929
3.4637
3.70292
3.91929
4.2085
3.96482
3.93258
3.43137
3.50255
3.45838
3.74315
3.71331
4.03519
3.99308
4.38834
4.05546
4.35402
3.83686
4.141
3.68148
3.9793
3.78007
4.20352
3.80859
4.08686
3.44447
3.68582
3.29125
3.91196
3.6782
4.17053
3.56953
3.87393
3.08876
3.52493
3.09647
3.85947
3.72396
4.31428
3.99019
4.40254
3.76726
4.00371
3.30844
3.9452
3.58191
4.30794
3.75022
4.18435
3.30285
3.68499
2.88706
3.54301
3.17184
4.25423
4.04095
4.70886
3.80667
3.93142
2.73968
3.33481
3.14756
4.59164
4.21566
4.99616
3.81901
3.85993
2.45955
3.18412
2.99704
4.37493
4.02011
4.80534
3.68106
3.48864
2.25897
2.9008
3.05535
4.60804
4.38925
5.01158
3.855
3.63232
2.48041
3.21496
3.59693
4.98632
4.91782
5.04582
3.87726
3.15164
2.2137
3.05446
3.68462
4.77645
4.62544
4.5194
3.31901
2.8485
2.25858
3.32877
3.94717
4.99028
4.85618
4.60378
3.52721
2.88691
2.37255
3.441
4.13666
5.14185
4.83965
4.5212
3.24269
2.8079
2.47073
3.53964
3.81039
4.73801
4.4991
4.39058
3.39155
3.02371
2.83868
3.81023
4.18141
4.89292
4.47525
4.4959
3.67085
3.45053
3.02697
3.64897
3.87145
4.56149
4.37288
4.36026
3.71425
3.382
3.02167
3.21336
3.47089
4.1352
4.23655
4.34283
3.64413
3.36174
2.9667
3.5318
3.94074
4.61854
4.67559
4.64915
3.91324
3.42361
2.85726
3.3295
3.86353
4.48946
4.39802
4.36848
3.65905
3.51472